run_id,equiv_grad_budget,row,deriv_evals,equiv_grad_evals,f_vals,update_norms,full_grad_norms,proj_grad_norms,config_str
a7b0bbafbc,180,0,0,0.0,-0.020382972047095268,1.1302191417984637,46.29377604806508,46.29377604806508,"ProjectedCommonDirectionsConfig(subspace_frac_grads=0.05, subspace_frac_updates=0.05, subspace_frac_random=0.2, direction_str=sd, random_proj=True, random_proj_dim_frac=1, inner_use_full_grad=True, orth_P_k=True, beta=0.001, tau=0.5, c_const=inf, N_try=200, alpha_max=100, p_const=1)"
a7b0bbafbc,180,1,100,1.0,-6084.076106186599,0.522723250681187,21924.602212251048,21924.602212251048,
a7b0bbafbc,180,2,200,2.0,-6554.114728413645,0.26634510359392405,11171.323333844097,11171.323333844097,
a7b0bbafbc,180,3,300,3.0,-8545.678612654343,0.19117380336636416,4009.2052407737724,4009.2052407737724,
a7b0bbafbc,180,4,400,4.0,-8558.885810706055,0.15499113753356095,6500.799481215646,6500.799481215646,
a7b0bbafbc,180,5,500,5.0,-8838.219666906574,0.08156291012893734,3420.996402054424,3420.996402054424,
a7b0bbafbc,180,6,600,6.0,-8968.126290967853,0.09246145722517982,1939.0572994270026,1939.0572994270026,
a7b0bbafbc,180,7,700,7.0,-9008.151072825589,0.0712784598017581,2989.6352906035327,2989.6352906035327,
a7b0bbafbc,180,8,800,8.0,-9083.040409250896,0.04692565850820875,1968.204771836141,1968.204771836141,
a7b0bbafbc,180,9,900,9.0,-9118.951295714054,0.07275217445432003,1525.7236816122615,1525.7236816122615,
a7b0bbafbc,180,10,1000,10.0,-9120.957825159776,0.07101210728908833,2978.4636565105243,2978.4636565105243,
a7b0bbafbc,180,11,1100,11.0,-9161.25592704472,0.05179989958764339,2172.645260400511,2172.645260400511,
a7b0bbafbc,180,12,1200,12.0,-9196.402301792972,0.03630210322711758,1522.6205677391222,1522.6205677391222,
a7b0bbafbc,180,13,1300,13.0,-9216.625304265535,0.028110200441782637,1179.0272615377078,1179.0272615377078,
a7b0bbafbc,180,14,1400,14.0,-9233.489002453094,0.04508256718342519,945.4499593385449,945.4499593385449,
a7b0bbafbc,180,15,1500,15.0,-9246.37321130679,0.03661897345864937,1535.9110685350688,1535.9110685350688,
a7b0bbafbc,180,16,1600,16.0,-9265.713430406138,0.026694866323998215,1119.6638460221102,1119.6638460221102,
a7b0bbafbc,180,17,1700,17.0,-9278.860254125999,0.04269039786569224,895.2825326483214,895.2825326483214,
a7b0bbafbc,180,18,1800,18.0,-9285.684326355144,0.03871534259180425,1623.8391629417506,1623.8391629417506,
a7b0bbafbc,180,19,1900,19.0,-9302.031330128448,0.028647866834072944,1201.5786245361949,1201.5786245361949,
a7b0bbafbc,180,20,2000,20.0,-9315.32758903544,0.04319053161593438,905.7710975941998,905.7710975941998,
a7b0bbafbc,180,21,2100,21.0,-9316.874799595544,0.03953811420359729,1658.3487055660491,1658.3487055660491,
a7b0bbafbc,180,22,2200,22.0,-9335.758817454793,0.0275734007395508,1156.5122501550086,1156.5122501550086,
a7b0bbafbc,180,23,2300,23.0,-9346.804135010227,0.02115120055301223,887.1456508430144,887.1456508430144,
a7b0bbafbc,180,24,2400,24.0,-9356.085441279345,0.03403912220407317,713.852132085165,713.852132085165,
a7b0bbafbc,180,25,2500,25.0,-9363.35654372027,0.028169699455512322,1181.522831050531,1181.522831050531,
a7b0bbafbc,180,26,2600,26.0,-9374.881960574307,0.0207228544771194,869.1795142479981,869.1795142479981,
a7b0bbafbc,180,27,2700,27.0,-9383.09893944838,0.03339265318606167,700.2946941445563,700.2946941445563,
a7b0bbafbc,180,28,2800,28.0,-9388.387279435043,0.029604372933673313,1241.6973981319777,1241.6973981319777,
a7b0bbafbc,180,29,2900,29.0,-9398.800471763861,0.022026617855047538,923.8633137589729,923.8633137589729,
a7b0bbafbc,180,30,3000,30.0,-9407.215771315643,0.033931920153100335,711.6039421291468,711.6039421291468,
a7b0bbafbc,180,31,3100,31.0,-9410.084759442485,0.030369690336899045,1273.7971365881701,1273.7971365881701,
a7b0bbafbc,180,32,3200,32.0,-9421.691731298613,0.021611475851427968,906.4509960954774,906.4509960954774,
a7b0bbafbc,180,33,3300,33.0,-9429.140749441018,0.03362987915430346,705.2696832820578,705.2696832820578,
a7b0bbafbc,180,34,3400,34.0,-9430.467626906697,0.03215038542387827,1348.4849018491432,1348.4849018491432,
a7b0bbafbc,180,35,3500,35.0,-9440.877968859593,0.023425658283395843,982.5433224068028,982.5433224068028,
a7b0bbafbc,180,36,3600,36.0,-9449.000962328168,0.017394650290265153,729.5845129106035,729.5845129106035,
a7b0bbafbc,180,37,3700,37.0,-9454.977214767994,0.02821982645610515,591.8126549207379,591.8126549207379,
a7b0bbafbc,180,38,3800,38.0,-9459.311050283837,0.02460794933656378,1032.1322033414683,1032.1322033414683,
a7b0bbafbc,180,39,3900,39.0,-9466.869537218292,0.018403229901241158,771.887407876954,771.887407876954,
a7b0bbafbc,180,40,4000,40.0,-9472.981195111028,0.02872506783529219,602.4083346091868,602.4083346091868,
a7b0bbafbc,180,41,4100,41.0,-9475.792493495743,0.0253773516896236,1064.4032770119504,1064.4032770119504,
a7b0bbafbc,180,42,4200,42.0,-9484.09503780223,0.01827675375202629,766.5826136913892,766.5826136913892,
a7b0bbafbc,180,43,4300,43.0,-9489.680673617366,0.028686161359713493,601.5924066784581,601.5924066784581,
a7b0bbafbc,180,44,4400,44.0,-9491.415508099855,0.026880646795015683,1127.4560437492146,1127.4560437492146,
a7b0bbafbc,180,45,4500,45.0,-9499.114878019604,0.019682502175605805,825.5439760515216,825.5439760515216,
a7b0bbafbc,180,46,4600,46.0,-9505.110033393465,0.02965589667273665,621.92923019023,621.92923019023,
a7b0bbafbc,180,47,4700,47.0,-9505.233907566078,0.02780824921775297,1166.362509270182,1166.362509270182,
a7b0bbafbc,180,48,4800,48.0,-9514.141694468915,0.0195376555193407,819.4686669539279,819.4686669539279,
a7b0bbafbc,180,49,4900,49.0,-9519.567469044838,0.014899978034569779,624.9503747030817,624.9503747030817,
a7b0bbafbc,180,50,5000,50.0,-9524.06228350614,0.02399579655102548,503.2283272857619,503.2283272857619,
a7b0bbafbc,180,51,5100,51.0,-9527.454572199296,0.020222306003680024,848.1849896045917,848.1849896045917,
a7b0bbafbc,180,52,5200,52.0,-9533.232361821594,0.01494556224788977,626.8623151857305,626.8623151857305,
a7b0bbafbc,180,53,5300,53.0,-9537.450807208737,0.024040478223989897,504.1653698839686,504.1653698839686,
a7b0bbafbc,180,54,5400,54.0,-9540.078838526544,0.021384994611257882,896.9516843797737,896.9516843797737,
a7b0bbafbc,180,55,5500,55.0,-9545.59673112194,0.015906416918233777,667.1634810581556,667.1634810581556,
a7b0bbafbc,180,56,5600,56.0,-9549.987406127444,0.024696994840416205,517.9335212356851,517.9335212356851,
a7b0bbafbc,180,57,5700,57.0,-9551.579519686675,0.02224508976425178,933.0266897856031,933.0266897856031,
a7b0bbafbc,180,58,5800,58.0,-9557.71720898265,0.01599105138912057,670.7133080559395,670.7133080559395,
a7b0bbafbc,180,59,5900,59.0,-9561.824134873801,0.024924337653791043,522.7012455932318,522.7012455932318,
a7b0bbafbc,180,60,6000,60.0,-9562.633765261602,0.023709558592047743,994.4509644086022,994.4509644086022,
a7b0bbafbc,180,61,6100,61.0,-9568.47051087117,0.01729515820820848,725.4115125332169,725.4115125332169,
a7b0bbafbc,180,62,6200,62.0,-9572.9335892637,0.012982253181346414,544.5151644753398,544.5151644753398,
a7b0bbafbc,180,63,6300,63.0,-9576.327502600203,0.02118228635178773,444.2247418722434,444.2247418722434,
a7b0bbafbc,180,64,6400,64.0,-9578.954478999167,0.018294011202839296,767.3064436411362,767.3064436411362,
a7b0bbafbc,180,65,6500,65.0,-9583.283363181195,0.013748468077951317,576.6525465322349,576.6525465322349,
a7b0bbafbc,180,66,6600,66.0,-9586.776444166167,0.02171672026187009,455.43263330621386,455.43263330621386,
a7b0bbafbc,180,67,6700,67.0,-9588.641124163325,0.019107370726720464,801.4212146856651,801.4212146856651,
a7b0bbafbc,180,68,6800,68.0,-9593.37629955168,0.013925047759597442,584.058835182706,584.058835182706,
a7b0bbafbc,180,69,6900,69.0,-9596.69812821972,0.021982358634581263,461.00347375229364,461.00347375229364,
a7b0bbafbc,180,70,7000,70.0,-9597.937790603308,0.020383590340845106,854.9497450096798,854.9497450096798,
a7b0bbafbc,180,71,7100,71.0,-9602.5290601242,0.014983490145782881,628.4531265241772,628.4531265241772,
a7b0bbafbc,180,72,7200,72.0,-9606.077132096121,0.022846037873772068,479.11614019056833,479.11614019056833,
a7b0bbafbc,180,73,7300,73.0,-9606.413416064004,0.02137745335815312,896.6353812991503,896.6353812991503,
a7b0bbafbc,180,74,7400,74.0,-9611.663003494874,0.015195851326349104,637.360200015113,637.360200015113,
a7b0bbafbc,180,75,7500,75.0,-9615.01685451258,0.011640363728290753,488.2322414702483,488.2322414702483,
a7b0bbafbc,180,76,7600,76.0,-9617.79832417016,0.01889598441816284,396.27751514519014,396.27751514519014,
a7b0bbafbc,180,77,7700,77.0,-9620.006102325859,0.015903193069073104,667.0282630238557,667.0282630238557,
a7b0bbafbc,180,78,7800,78.0,-9623.588055691564,0.011848870203360251,496.9776368943469,496.9776368943469,
a7b0bbafbc,180,79,7900,79.0,-9626.266877432552,0.01912891444587789,401.162411880017,401.162411880017,
a7b0bbafbc,180,80,8000,80.0,-9627.998331192117,0.016943327886652315,710.6546792829731,710.6546792829731,
a7b0bbafbc,180,81,8100,81.0,-9631.524135585301,0.012640549300967755,530.1830649524626,530.1830649524626,
a7b0bbafbc,180,82,8200,82.0,-9634.319874201217,0.019766509462027647,414.5337485131021,414.5337485131021,
a7b0bbafbc,180,83,8300,83.0,-9635.411738610059,0.017830089880865697,747.848173076745,747.848173076745,
a7b0bbafbc,180,84,8400,84.0,-9639.329292830489,0.012912277302565405,541.5801633925929,541.5801633925929,
a7b0bbafbc,180,85,8500,85.0,-9642.018879541181,0.020167358061589053,422.940152935776,422.940152935776,
a7b0bbafbc,180,86,8600,86.0,-9642.566730271516,0.019150379983974907,803.2251536830584,803.2251536830584,
a7b0bbafbc,180,87,8700,87.0,-9646.420830713867,0.013991333539032043,586.8390622809626,586.8390622809626,
a7b0bbafbc,180,88,8800,88.0,-9649.339237181575,0.010564152934077082,443.0926890801124,443.0926890801124,
a7b0bbafbc,180,89,8900,89.0,-9651.594182013801,0.01727548645705468,362.29320974385126,362.29320974385126,
a7b0bbafbc,180,90,9000,90.0,-9653.354148940572,0.014907678378793884,625.2733505488869,625.2733505488869,
a7b0bbafbc,180,91,9100,91.0,-9656.251475883597,0.011226830605327013,470.88740515245524,470.88740515245524,
a7b0bbafbc,180,92,9200,92.0,-9658.582998477797,0.017812023086273287,373.5451983942419,373.5451983942419,
a7b0bbafbc,180,93,9300,93.0,-9659.841453386409,0.01573117562829734,659.8133286247007,659.8133286247007,
a7b0bbafbc,180,94,9400,94.0,-9663.019246768954,0.01152098095213025,483.2249649144372,483.2249649144372,
a7b0bbafbc,180,95,9500,95.0,-9665.283754596552,0.018196889728384017,381.6164368765998,381.6164368765998,
a7b0bbafbc,180,96,9600,96.0,-9666.093194852892,0.01690685249405724,709.1247904323426,709.1247904323426,
a7b0bbafbc,180,97,9700,97.0,-9669.25669991833,0.012436786565739634,521.6366363982801,521.6366363982801,
a7b0bbafbc,180,98,9800,98.0,-9671.68133599043,0.01902170938077116,398.9141587130298,398.9141587130298,
a7b0bbafbc,180,99,9900,99.0,-9671.85801336343,0.017920651830192244,751.6466165398267,751.6466165398267,
a7b0bbafbc,180,100,10000,100.0,-9675.480106019999,0.01279351940187397,536.599096013576,536.599096013576,
a7b0bbafbc,180,101,10100,101.0,-9677.828095809733,0.009790353288963214,410.6371796131158,410.6371796131158,
a7b0bbafbc,180,102,10200,102.0,-9679.765173094922,0.015883031797858126,333.09131900941765,333.09131900941765,
a7b0bbafbc,180,103,10300,103.0,-9681.23643477188,0.013514220492721841,566.8274906950522,566.8274906950522,
a7b0bbafbc,180,104,10400,104.0,-9683.763933431119,0.010073701116886507,422.5216488936155,422.5216488936155,
a7b0bbafbc,180,105,10500,105.0,-9685.65870280547,0.016210957287118924,339.9684149659605,339.9684149659605,
a7b0bbafbc,180,106,10600,106.0,-9686.77739675507,0.014506875493913463,608.4624591162319,608.4624591162319,
a7b0bbafbc,180,107,10700,107.0,-9689.31535786307,0.010802837965924366,453.1038649182843,453.1038649182843,
a7b0bbafbc,180,108,10800,108.0,-9691.307540573625,0.01686192096718019,353.62011280163887,353.62011280163887,
a7b0bbafbc,180,109,10900,109.0,-9691.953086873842,0.015411066654212739,646.386985120311,646.386985120311,
a7b0bbafbc,180,110,11000,110.0,-9694.79516876803,0.011163173221435807,468.21742095361077,468.21742095361077,
a7b0bbafbc,180,111,11100,111.0,-9696.745443999853,0.01735843657568467,364.0327998157024,364.0327998157024,
a7b0bbafbc,180,112,11200,112.0,-9696.959811912498,0.016675825188807294,699.4348029271517,699.4348029271517,
a7b0bbafbc,180,113,11300,113.0,-9699.819166239657,0.012156742296940684,509.89072843027503,509.89072843027503,
a7b0bbafbc,180,114,11400,114.0,-9701.951635781717,0.009156074785916082,384.0336109886697,384.0336109886697,
a7b0bbafbc,180,115,11500,115.0,-9703.59220076971,0.014887904750281181,312.22199222861695,312.22199222861695,
a7b0bbafbc,180,116,11600,116.0,-9704.746783823157,0.013050248782635101,547.3671067000154,547.3671067000154,
a7b0bbafbc,180,117,11700,117.0,-9706.899785542526,0.009790132035064696,410.6278995519999,410.6278995519999,
a7b0bbafbc,180,118,11800,118.0,-9708.61163248843,0.015455907057796559,324.1338639807216,324.1338639807216,
a7b0bbafbc,180,119,11900,119.0,-9709.37977256086,0.013891764503233216,582.6628342296908,582.6628342296908,
a7b0bbafbc,180,120,12000,120.0,-9711.766356378757,0.010149042464459114,425.68169404850727,425.68169404850727,
a7b0bbafbc,180,121,12100,121.0,-9713.45296018605,0.015921879575168503,333.90601594823767,333.90601594823767,
a7b0bbafbc,180,122,12200,122.0,-9713.856331602863,0.015039423596376247,630.7991454797525,630.7991454797525,
a7b0bbafbc,180,123,12300,123.0,-9716.277163165223,0.011021454317805308,462.2732993098811,462.2732993098811,
a7b0bbafbc,180,124,12400,124.0,-9718.101745314445,0.008382867700789049,351.60295528890305,351.60295528890305,
a7b0bbafbc,180,125,12500,125.0,-9719.537083035835,0.013763919174040289,288.6503062367693,288.6503062367693,
a7b0bbafbc,180,126,12600,126.0,-9720.689640446088,0.0118303692526397,496.20165077823685,496.20165077823685,
a7b0bbafbc,180,127,12700,127.0,-9722.539092659246,0.008939800384550733,374.96240512122665,374.96240512122665,
a7b0bbafbc,180,128,12800,128.0,-9724.027714406426,0.014263548263770725,299.12828768463305,299.12828768463305,
a7b0bbafbc,180,129,12900,129.0,-9724.860557216625,0.01261299250331725,529.0272490863355,529.0272490863355,
a7b0bbafbc,180,130,13000,130.0,-9726.893031031745,0.009289812399258333,389.64297305458814,389.64297305458814,
a7b0bbafbc,180,131,13100,131.0,-9728.366714523092,0.014698086629496275,308.2412177122141,308.2412177122141,
a7b0bbafbc,180,132,13200,132.0,-9728.889156440684,0.013659454169197284,572.9190325968086,572.9190325968086,
a7b0bbafbc,180,133,13300,133.0,-9730.963522660593,0.010062976608485735,422.0718304087815,422.0718304087815,
a7b0bbafbc,180,134,13400,134.0,-9732.543826279358,0.015449999584934024,324.00997529543577,324.00997529543577,
a7b0bbafbc,180,135,13500,135.0,-9732.639816644947,0.01463529169707648,613.8486250621467,613.8486250621467,
a7b0bbafbc,180,136,13600,136.0,-9735.017509084282,0.010497202618800727,440.2845893284637,440.2845893284637,
a7b0bbafbc,180,137,13700,137.0,-9736.583714572727,0.00803110642909434,336.8490181997612,336.8490181997612,
a7b0bbafbc,180,138,13800,138.0,-9737.870290522367,0.013030407005324145,273.2674411202955,273.2674411202955,
a7b0bbafbc,180,139,13900,139.0,-9738.809557753453,0.011194495032700197,469.5311529363457,469.5311529363457,
a7b0bbafbc,180,140,14000,140.0,-9740.507608400592,0.008353595287635227,350.3751812930955,350.3751812930955,
a7b0bbafbc,180,141,14100,141.0,-9741.785292468068,0.013407978957094776,281.18569885829226,281.18569885829226,
a7b0bbafbc,180,142,14200,142.0,-9742.472065344413,0.012109971456204613,507.92901718644816,507.92901718644816,
a7b0bbafbc,180,143,14300,143.0,-9744.211843372823,0.009005466382142486,377.7166366848575,377.7166366848575,
a7b0bbafbc,180,144,14400,144.0,-9745.564138153553,0.01403802729182279,294.3987701110076,294.3987701110076,
a7b0bbafbc,180,145,14500,145.0,-9745.913641432047,0.012990953843534561,544.8800966975239,544.8800966975239,
a7b0bbafbc,180,146,14600,146.0,-9747.876152885601,0.009416914616001476,394.9740264155345,394.9740264155345,
a7b0bbafbc,180,147,14700,147.0,-9749.224019786365,0.014584498423575416,305.85910037998025,305.85910037998025,
a7b0bbafbc,180,148,14800,148.0,-9749.244554468323,0.014164909565844763,594.1193685166099,594.1193685166099,
a7b0bbafbc,180,149,14900,149.0,-9751.265903852373,0.010306907195462877,432.3030207755873,432.3030207755873,
a7b0bbafbc,180,150,15000,150.0,-9752.749894989032,0.007747086773344872,324.93637041787485,324.93637041787485,
a7b0bbafbc,180,151,15100,151.0,-9753.887355257042,0.012528116938053153,262.7336549287205,262.7336549287205,
a7b0bbafbc,180,152,15200,152.0,-9754.596406076098,0.011149980533287418,467.6640795068955,467.6640795068955,
a7b0bbafbc,180,153,15300,153.0,-9756.121568945175,0.008334918114811272,349.59180388625373,349.59180388625373,
a7b0bbafbc,180,154,15400,154.0,-9757.318907607418,0.013097619518670599,274.67698968819104,274.67698968819104,
a7b0bbafbc,180,155,15500,155.0,-9757.74072611989,0.011977461541731113,502.3711485432899,502.3711485432899,
a7b0bbafbc,180,156,15600,156.0,-9759.448864453518,0.008733429065395452,366.3065646270438,366.3065646270438,
a7b0bbafbc,180,157,15700,157.0,-9760.646924987745,0.01361146151407902,285.4530373717385,285.4530373717385,
a7b0bbafbc,180,158,15800,158.0,-9760.782356508342,0.013064597262319164,547.9689255573434,547.9689255573434,
a7b0bbafbc,180,159,15900,159.0,-9762.550796573974,0.00954088527575689,400.1737327564821,400.1737327564821,
a7b0bbafbc,180,160,16000,160.0,-9763.859797376828,0.007220461539513755,302.84810717028705,302.84810717028705,
a7b0bbafbc,180,161,16100,161.0,-9764.879609081165,0.011758728864359209,246.59841755348646,246.59841755348646,
a7b0bbafbc,180,162,16200,162.0,-9765.593181307504,0.010320752040942556,432.8837156833349,432.8837156833349,
a7b0bbafbc,180,163,16300,163.0,-9766.941672981262,0.0077541285899701004,325.23172561425963,325.23172561425963,
a7b0bbafbc,180,164,16400,164.0,-9768.01029858386,0.012276554863254862,257.4580158458466,257.4580158458466,
a7b0bbafbc,180,165,16500,165.0,-9768.477023208381,0.011098990318541562,465.5253948902014,465.5253948902014,
a7b0bbafbc,180,166,16600,166.0,-9769.9778788121,0.008137910414563609,341.3287020344578,341.3287020344578,
a7b0bbafbc,180,167,16700,167.0,-9771.05040133856,0.01275955981334772,267.58736381681797,267.58736381681797,
a7b0bbafbc,180,168,16800,168.0,-9771.266411020335,0.012109592847530635,507.91313718769146,507.91313718769146,
a7b0bbafbc,180,169,16900,169.0,-9772.826577030077,0.008875085852999166,372.2480809357781,372.2480809357781,
a7b0bbafbc,180,170,17000,170.0,-9773.990794608078,0.006759893831515772,283.5304973710192,283.5304973710192,
a7b0bbafbc,180,171,17100,171.0,-9774.910932117387,0.011081016422270959,232.38575751998385,232.38575751998385,
a7b0bbafbc,180,172,17200,172.0,-9775.6173834984,0.009599288148090166,402.6233267668717,402.6233267668717,
a7b0bbafbc,180,173,17300,173.0,-9776.81882823604,0.007247314966479458,303.97442153164656,303.97442153164656,
a7b0bbafbc,180,174,17400,174.0,-9777.77932702383,0.011554428945211808,242.31393771308834,242.31393771308834,
a7b0bbafbc,180,175,17500,175.0,-9778.271875775212,0.010332374814005871,433.3712101188409,433.3712101188409,
a7b0bbafbc,180,176,17600,176.0,-9779.601749463307,0.0076156177212620985,319.42215870760504,319.42215870760504,
a7b0bbafbc,180,177,17700,177.0,-9780.568061209755,0.012008678955636183,251.84025089170328,251.84025089170328,
a7b0bbafbc,180,178,17800,178.0,-9780.839908797854,0.011275198394090276,472.9160972512642,472.9160972512642,
a7b0bbafbc,180,179,17900,179.0,-9782.226775043822,,347.80953113451284,347.80953113451284,
9229a13bb8,180,0,0,0.0,-0.020382972047095268,1.1302191417984637,46.29377604806508,46.29377604806508,"ProjectedCommonDirectionsConfig(subspace_frac_grads=0.05, subspace_frac_updates=0.05, subspace_frac_random=0.2, direction_str=sd, random_proj=True, random_proj_dim_frac=1, inner_use_full_grad=True, orth_P_k=True, beta=0.001, tau=0.5, c_const=inf, N_try=200, alpha_max=100, p_const=1)"
9229a13bb8,180,1,100,1.0,-6084.076106186601,0.5227232506811867,21924.602212251037,21924.602212251037,
9229a13bb8,180,2,200,2.0,-6554.114728413647,0.266345103593924,11171.323333844097,11171.323333844097,
9229a13bb8,180,3,300,3.0,-8545.678612654343,0.1911738033663638,4009.205240773764,4009.205240773764,
9229a13bb8,180,4,400,4.0,-8558.885810706057,0.15499113753356045,6500.799481215625,6500.799481215625,
9229a13bb8,180,5,500,5.0,-8838.219666906574,0.08156291012893702,3420.9964020544107,3420.9964020544107,
9229a13bb8,180,6,600,6.0,-8968.126290967852,0.09246145722517944,1939.0572994269949,1939.0572994269949,
9229a13bb8,180,7,700,7.0,-9008.151072825589,0.07127845980175737,2989.6352906035036,2989.6352906035036,
9229a13bb8,180,8,800,8.0,-9083.040409250896,0.04692565850820835,1968.204771836123,1968.204771836123,
9229a13bb8,180,9,900,9.0,-9118.951295714054,0.07275217445431965,1525.7236816122538,1525.7236816122538,
9229a13bb8,180,10,1000,10.0,-9120.957825159776,0.07101210728908788,2978.463656510503,2978.463656510503,
9229a13bb8,180,11,1100,11.0,-9161.25592704472,0.051799899587643146,2172.6452604005003,2172.6452604005003,
9229a13bb8,180,12,1200,12.0,-9196.402301792974,0.036302103227117404,1522.6205677391156,1522.6205677391156,
9229a13bb8,180,13,1300,13.0,-9216.625304265535,0.028110200441782505,1179.0272615377016,1179.0272615377016,
9229a13bb8,180,14,1400,14.0,-9233.489002453096,0.045082567183425105,945.4499593385435,945.4499593385435,
9229a13bb8,180,15,1500,15.0,-9246.37321130679,0.03661897345864922,1535.9110685350627,1535.9110685350627,
9229a13bb8,180,16,1600,16.0,-9265.713430406138,0.026694866323998055,1119.6638460221036,1119.6638460221036,
9229a13bb8,180,17,1700,17.0,-9278.860254126002,0.04269039786569191,895.2825326483155,895.2825326483155,
9229a13bb8,180,18,1800,18.0,-9285.684326355145,0.03871534259180361,1623.8391629417233,1623.8391629417233,
9229a13bb8,180,19,1900,19.0,-9302.031330128448,0.028647866834072392,1201.5786245361714,1201.5786245361714,
9229a13bb8,180,20,2000,20.0,-9315.327589035442,0.04319053161593391,905.7710975941901,905.7710975941901,
9229a13bb8,180,21,2100,21.0,-9316.874799595547,0.03953811420359674,1658.3487055660266,1658.3487055660266,
9229a13bb8,180,22,2200,22.0,-9335.758817454793,0.02757340073955049,1156.5122501549954,1156.5122501549954,
9229a13bb8,180,23,2300,23.0,-9346.804135010225,0.021151200553011944,887.1456508430022,887.1456508430022,
9229a13bb8,180,24,2400,24.0,-9356.085441279345,0.03403912220407271,713.852132085155,713.852132085155,
9229a13bb8,180,25,2500,25.0,-9363.356543720272,0.028169699455511447,1181.5228310504936,1181.5228310504936,
9229a13bb8,180,26,2600,26.0,-9374.881960574307,0.020722854477118868,869.1795142479752,869.1795142479752,
9229a13bb8,180,27,2700,27.0,-9383.098939448382,0.03339265318606125,700.2946941445475,700.2946941445475,
9229a13bb8,180,28,2800,28.0,-9388.38727943504,0.029604372933672622,1241.6973981319484,1241.6973981319484,
9229a13bb8,180,29,2900,29.0,-9398.800471763863,0.02202661785504701,923.8633137589513,923.8633137589513,
9229a13bb8,180,30,3000,30.0,-9407.215771315643,0.03393192015309977,711.603942129135,711.603942129135,
9229a13bb8,180,31,3100,31.0,-9410.084759442485,0.0303696903368982,1273.797136588135,1273.797136588135,
9229a13bb8,180,32,3200,32.0,-9421.691731298613,0.021611475851427295,906.4509960954488,906.4509960954488,
9229a13bb8,180,33,3300,33.0,-9429.140749441018,0.033629879154302676,705.2696832820415,705.2696832820415,
9229a13bb8,180,34,3400,34.0,-9430.467626906697,0.032150385423877256,1348.4849018491,1348.4849018491,
9229a13bb8,180,35,3500,35.0,-9440.877968859593,0.023425658283395125,982.5433224067726,982.5433224067726,
9229a13bb8,180,36,3600,36.0,-9449.00096232817,0.01739465029026469,729.584512910584,729.584512910584,
9229a13bb8,180,37,3700,37.0,-9454.977214767994,0.028219826456104498,591.8126549207249,591.8126549207249,
9229a13bb8,180,38,3800,38.0,-9459.31105028384,0.024607949336562584,1032.1322033414174,1032.1322033414174,
9229a13bb8,180,39,3900,39.0,-9466.869537218294,0.018403229901240353,771.88740787692,771.88740787692,
9229a13bb8,180,40,4000,40.0,-9472.98119511103,0.028725067835291343,602.4083346091691,602.4083346091691,
9229a13bb8,180,41,4100,41.0,-9475.792493495745,0.025377351689622445,1064.4032770119018,1064.4032770119018,
9229a13bb8,180,42,4200,42.0,-9484.09503780223,0.01827675375202592,766.5826136913731,766.5826136913731,
9229a13bb8,180,43,4300,43.0,-9489.680673617368,0.028686161359713264,601.592406678454,601.592406678454,
9229a13bb8,180,44,4400,44.0,-9491.415508099855,0.026880646795015277,1127.4560437491973,1127.4560437491973,
9229a13bb8,180,45,4500,45.0,-9499.114878019604,0.019682502175605576,825.5439760515117,825.5439760515117,
9229a13bb8,180,46,4600,46.0,-9505.110033393465,0.02965589667273648,621.929230190226,621.929230190226,
9229a13bb8,180,47,4700,47.0,-9505.233907566078,0.02780824921775271,1166.3625092701702,1166.3625092701702,
9229a13bb8,180,48,4800,48.0,-9514.141694468915,0.019537655519340575,819.4686669539219,819.4686669539219,
9229a13bb8,180,49,4900,49.0,-9519.567469044836,0.014899978034569784,624.9503747030819,624.9503747030819,
9229a13bb8,180,50,5000,50.0,-9524.06228350614,0.02399579655102544,503.22832728576117,503.22832728576117,
9229a13bb8,180,51,5100,51.0,-9527.454572199298,0.020222306003680118,848.1849896045952,848.1849896045952,
9229a13bb8,180,52,5200,52.0,-9533.232361821596,0.014945562247889869,626.8623151857344,626.8623151857344,
9229a13bb8,180,53,5300,53.0,-9537.450807208737,0.024040478223989865,504.1653698839678,504.1653698839678,
9229a13bb8,180,54,5400,54.0,-9540.078838526544,0.02138499461125776,896.9516843797686,896.9516843797686,
9229a13bb8,180,55,5500,55.0,-9545.596731121941,0.01590641691823376,667.163481058156,667.163481058156,
9229a13bb8,180,56,5600,56.0,-9549.987406127444,0.024696994840416462,517.9335212356905,517.9335212356905,
9229a13bb8,180,57,5700,57.0,-9551.579519686673,0.022245089764252147,933.0266897856183,933.0266897856183,
9229a13bb8,180,58,5800,58.0,-9557.717208982649,0.01599105138912071,670.7133080559454,670.7133080559454,
9229a13bb8,180,59,5900,59.0,-9561.824134873801,0.02492433765379111,522.701245593233,522.701245593233,
9229a13bb8,180,60,6000,60.0,-9562.633765261602,0.023709558592047812,994.4509644086057,994.4509644086057,
9229a13bb8,180,61,6100,61.0,-9568.470510871171,0.017295158208208598,725.4115125332218,725.4115125332218,
9229a13bb8,180,62,6200,62.0,-9572.933589263703,0.012982253181346567,544.515164475346,544.515164475346,
9229a13bb8,180,63,6300,63.0,-9576.327502600203,0.02118228635178812,444.22474187225174,444.22474187225174,
9229a13bb8,180,64,6400,64.0,-9578.954478999169,0.01829401120284004,767.3064436411679,767.3064436411679,
9229a13bb8,180,65,6500,65.0,-9583.283363181195,0.013748468077951818,576.6525465322566,576.6525465322566,
9229a13bb8,180,66,6600,66.0,-9586.776444166167,0.0217167202618705,455.43263330622256,455.43263330622256,
9229a13bb8,180,67,6700,67.0,-9588.641124163327,0.019107370726721026,801.4212146856892,801.4212146856892,
9229a13bb8,180,68,6800,68.0,-9593.376299551683,0.013925047759597823,584.0588351827217,584.0588351827217,
9229a13bb8,180,69,6900,69.0,-9596.69812821972,0.02198235863458167,461.0034737523025,461.0034737523025,
9229a13bb8,180,70,7000,70.0,-9597.937790603308,0.02038359034084588,854.9497450097123,854.9497450097123,
9229a13bb8,180,71,7100,71.0,-9602.5290601242,0.01498349014578339,628.4531265241984,628.4531265241984,
9229a13bb8,180,72,7200,72.0,-9606.077132096121,0.022846037873772453,479.11614019057635,479.11614019057635,
9229a13bb8,180,73,7300,73.0,-9606.413416064004,0.021377453358153498,896.6353812991666,896.6353812991666,
9229a13bb8,180,74,7400,74.0,-9611.663003494874,0.015195851326349255,637.3602000151201,637.3602000151201,
9229a13bb8,180,75,7500,75.0,-9615.01685451258,0.011640363728291001,488.23224147025866,488.23224147025866,
9229a13bb8,180,76,7600,76.0,-9617.79832417016,0.018895984418163363,396.2775151452016,396.2775151452016,
9229a13bb8,180,77,7700,77.0,-9620.006102325859,0.015903193069074048,667.0282630238959,667.0282630238959,
9229a13bb8,180,78,7800,78.0,-9623.588055691565,0.011848870203360852,496.9776368943721,496.9776368943721,
9229a13bb8,180,79,7900,79.0,-9626.26687743255,0.019128914445878525,401.1624118800303,401.1624118800303,
9229a13bb8,180,80,8000,80.0,-9627.998331192115,0.01694332788665307,710.6546792830054,710.6546792830054,
9229a13bb8,180,81,8100,81.0,-9631.524135585303,0.012640549300967982,530.1830649524723,530.1830649524723,
9229a13bb8,180,82,8200,82.0,-9634.319874201215,0.019766509462027914,414.5337485131075,414.5337485131075,
9229a13bb8,180,83,8300,83.0,-9635.411738610059,0.01783008988086627,747.8481730767691,747.8481730767691,
9229a13bb8,180,84,8400,84.0,-9639.32929283049,0.012912277302565762,541.5801633926083,541.5801633926083,
9229a13bb8,180,85,8500,85.0,-9642.018879541181,0.020167358061589553,422.9401529357863,422.9401529357863,
9229a13bb8,180,86,8600,86.0,-9642.566730271516,0.019150379983975854,803.2251536830987,803.2251536830987,
9229a13bb8,180,87,8700,87.0,-9646.420830713867,0.013991333539032758,586.8390622809927,586.8390622809927,
9229a13bb8,180,88,8800,88.0,-9649.339237181577,0.010564152934077612,443.0926890801348,443.0926890801348,
9229a13bb8,180,89,8900,89.0,-9651.594182013801,0.017275486457055345,362.293209743865,362.293209743865,
9229a13bb8,180,90,9000,90.0,-9653.354148940572,0.014907678378794819,625.2733505489264,625.2733505489264,
9229a13bb8,180,91,9100,91.0,-9656.251475883597,0.0112268306053273,470.8874051524671,470.8874051524671,
9229a13bb8,180,92,9200,92.0,-9658.582998477797,0.017812023086273346,373.545198394243,373.545198394243,
9229a13bb8,180,93,9300,93.0,-9659.841453386409,0.015731175628297633,659.8133286247127,659.8133286247127,
9229a13bb8,180,94,9400,94.0,-9663.019246768954,0.011520980952130574,483.2249649144509,483.2249649144509,
9229a13bb8,180,95,9500,95.0,-9665.283754596552,0.018196889728384336,381.61643687660666,381.61643687660666,
9229a13bb8,180,96,9600,96.0,-9666.09319485289,0.016906852494057677,709.124790432361,709.124790432361,
9229a13bb8,180,97,9700,97.0,-9669.256699918327,0.01243678656573985,521.6366363982894,521.6366363982894,
9229a13bb8,180,98,9800,98.0,-9671.68133599043,0.019021709380771405,398.9141587130353,398.9141587130353,
9229a13bb8,180,99,9900,99.0,-9671.85801336343,0.017920651830192785,751.6466165398498,751.6466165398498,
9229a13bb8,180,100,10000,100.0,-9675.480106019999,0.012793519401874407,536.5990960135945,536.5990960135945,
9229a13bb8,180,101,10100,101.0,-9677.828095809733,0.009790353288963419,410.6371796131242,410.6371796131242,
9229a13bb8,180,102,10200,102.0,-9679.765173094922,0.015883031797858646,333.0913190094282,333.0913190094282,
9229a13bb8,180,103,10300,103.0,-9681.23643477188,0.013514220492722828,566.8274906950932,566.8274906950932,
9229a13bb8,180,104,10400,104.0,-9683.76393343112,0.010073701116887292,422.52164889364843,422.52164889364843,
9229a13bb8,180,105,10500,105.0,-9685.658702805471,0.016210957287120083,339.96841496598466,339.96841496598466,
9229a13bb8,180,106,10600,106.0,-9686.777396755067,0.01450687549391558,608.4624591163209,608.4624591163209,
9229a13bb8,180,107,10700,107.0,-9689.31535786307,0.010802837965925901,453.103864918348,453.103864918348,
9229a13bb8,180,108,10800,108.0,-9691.307540573625,0.01686192096718197,353.62011280167593,353.62011280167593,
9229a13bb8,180,109,10900,109.0,-9691.953086873842,0.015411066654215037,646.3869851204073,646.3869851204073,
9229a13bb8,180,110,11000,110.0,-9694.795168768029,0.011163173221436846,468.2174209536543,468.2174209536543,
9229a13bb8,180,111,11100,111.0,-9696.745443999853,0.01735843657568597,364.03279981572996,364.03279981572996,
9229a13bb8,180,112,11200,112.0,-9696.959811912498,0.016675825188809498,699.4348029272445,699.4348029272445,
9229a13bb8,180,113,11300,113.0,-9699.819166239657,0.01215674229694227,509.8907284303415,509.8907284303415,
9229a13bb8,180,114,11400,114.0,-9701.951635781717,0.009156074785917139,384.03361098871375,384.03361098871375,
9229a13bb8,180,115,11500,115.0,-9703.59220076971,0.014887904750282564,312.2219922286459,312.2219922286459,
9229a13bb8,180,116,11600,116.0,-9704.746783823159,0.013050248782637434,547.3671067001133,547.3671067001133,
9229a13bb8,180,117,11700,117.0,-9706.899785542522,0.009790132035066113,410.62789955205926,410.62789955205926,
9229a13bb8,180,118,11800,118.0,-9708.611632488428,0.015455907057797778,324.13386398074726,324.13386398074726,
9229a13bb8,180,119,11900,119.0,-9709.379772560858,0.013891764503235074,582.6628342297688,582.6628342297688,
9229a13bb8,180,120,12000,120.0,-9711.766356378756,0.010149042464460438,425.68169404856235,425.68169404856235,
9229a13bb8,180,121,12100,121.0,-9713.452960186047,0.01592187957517007,333.90601594827075,333.90601594827075,
9229a13bb8,180,122,12200,122.0,-9713.85633160286,0.015039423596378523,630.7991454798487,630.7991454798487,
9229a13bb8,180,123,12300,123.0,-9716.277163165223,0.01102145431780676,462.2732993099414,462.2732993099414,
9229a13bb8,180,124,12400,124.0,-9718.101745314447,0.008382867700789803,351.6029552889348,351.6029552889348,
9229a13bb8,180,125,12500,125.0,-9719.537083035833,0.013763919174040906,288.65030623678234,288.65030623678234,
9229a13bb8,180,126,12600,126.0,-9720.689640446086,0.011830369252640723,496.20165077827977,496.20165077827977,
9229a13bb8,180,127,12700,127.0,-9722.539092659248,0.008939800384551349,374.9624051212526,374.9624051212526,
9229a13bb8,180,128,12800,128.0,-9724.027714406426,0.014263548263771294,299.12828768464504,299.12828768464504,
9229a13bb8,180,129,12900,129.0,-9724.860557216625,0.0126129925033181,529.0272490863712,529.0272490863712,
9229a13bb8,180,130,13000,130.0,-9726.893031031745,0.009289812399258801,389.64297305460786,389.64297305460786,
9229a13bb8,180,131,13100,131.0,-9728.366714523094,0.014698086629496634,308.2412177122212,308.2412177122212,
9229a13bb8,180,132,13200,132.0,-9728.889156440686,0.01365945416919772,572.9190325968268,572.9190325968268,
9229a13bb8,180,133,13300,133.0,-9730.963522660593,0.01006297660848594,422.0718304087902,422.0718304087902,
9229a13bb8,180,134,13400,134.0,-9732.543826279358,0.015449999584934168,324.00997529543855,324.00997529543855,
9229a13bb8,180,135,13500,135.0,-9732.639816644949,0.014635291697076728,613.8486250621571,613.8486250621571,
9229a13bb8,180,136,13600,136.0,-9735.017509084284,0.01049720261880099,440.28458932847485,440.28458932847485,
9229a13bb8,180,137,13700,137.0,-9736.583714572727,0.00803110642909464,336.8490181997738,336.8490181997738,
9229a13bb8,180,138,13800,138.0,-9737.870290522367,0.01303040700532472,273.2674411203073,273.2674411203073,
9229a13bb8,180,139,13900,139.0,-9738.809557753453,0.01119449503270094,469.5311529363768,469.5311529363768,
9229a13bb8,180,140,14000,140.0,-9740.507608400592,0.008353595287635388,350.3751812931026,350.3751812931026,
9229a13bb8,180,141,14100,141.0,-9741.785292468068,0.013407978957094767,281.185698858292,281.185698858292,
9229a13bb8,180,142,14200,142.0,-9742.472065344413,0.012109971456204691,507.92901718645163,507.92901718645163,
9229a13bb8,180,143,14300,143.0,-9744.211843372823,0.009005466382142613,377.71663668486315,377.71663668486315,
9229a13bb8,180,144,14400,144.0,-9745.564138153553,0.014038027291822776,294.39877011100737,294.39877011100737,
9229a13bb8,180,145,14500,145.0,-9745.913641432047,0.012990953843534445,544.8800966975188,544.8800966975188,
9229a13bb8,180,146,14600,146.0,-9747.876152885598,0.009416914616001361,394.97402641552964,394.97402641552964,
9229a13bb8,180,147,14700,147.0,-9749.224019786365,0.014584498423575249,305.85910037997695,305.85910037997695,
9229a13bb8,180,148,14800,148.0,-9749.244554468323,0.01416490956584463,594.119368516604,594.119368516604,
9229a13bb8,180,149,14900,149.0,-9751.265903852373,0.010306907195462935,432.3030207755898,432.3030207755898,
9229a13bb8,180,150,15000,150.0,-9752.749894989034,0.007747086773345027,324.9363704178815,324.9363704178815,
9229a13bb8,180,151,15100,151.0,-9753.887355257042,0.012528116938053231,262.7336549287221,262.7336549287221,
9229a13bb8,180,152,15200,152.0,-9754.596406076096,0.011149980533287529,467.66407950690035,467.66407950690035,
9229a13bb8,180,153,15300,153.0,-9756.121568945178,0.008334918114811437,349.5918038862609,349.5918038862609,
9229a13bb8,180,154,15400,154.0,-9757.318907607418,0.013097619518670849,274.67698968819593,274.67698968819593,
9229a13bb8,180,155,15500,155.0,-9757.74072611989,0.011977461541731389,502.3711485433013,502.3711485433013,
9229a13bb8,180,156,15600,156.0,-9759.448864453516,0.008733429065395528,366.30656462704724,366.30656462704724,
9229a13bb8,180,157,15700,157.0,-9760.646924987745,0.013611461514079135,285.4530373717407,285.4530373717407,
9229a13bb8,180,158,15800,158.0,-9760.782356508342,0.013064597262319335,547.96892555735,547.96892555735,
9229a13bb8,180,159,15900,159.0,-9762.550796573976,0.009540885275757067,400.1737327564896,400.1737327564896,
9229a13bb8,180,160,16000,160.0,-9763.859797376828,0.007220461539513958,302.8481071702954,302.8481071702954,
9229a13bb8,180,161,16100,161.0,-9764.879609081165,0.011758728864359575,246.59841755349407,246.59841755349407,
9229a13bb8,180,162,16200,162.0,-9765.593181307502,0.010320752040943381,432.8837156833698,432.8837156833698,
9229a13bb8,180,163,16300,163.0,-9766.941672981264,0.007754128589970761,325.23172561428714,325.23172561428714,
9229a13bb8,180,164,16400,164.0,-9768.01029858386,0.01227655486325559,257.4580158458619,257.4580158458619,
9229a13bb8,180,165,16500,165.0,-9768.47702320838,0.011098990318542728,465.52539489025037,465.52539489025037,
9229a13bb8,180,166,16600,166.0,-9769.9778788121,0.008137910414564473,341.3287020344942,341.3287020344942,
9229a13bb8,180,167,16700,167.0,-9771.050401338562,0.012759559813349055,267.58736381684605,267.58736381684605,
9229a13bb8,180,168,16800,168.0,-9771.266411020335,0.012109592847532758,507.91313718778053,507.91313718778053,
9229a13bb8,180,169,16900,169.0,-9772.826577030079,0.008875085853000467,372.2480809358328,372.2480809358328,
9229a13bb8,180,170,17000,170.0,-9773.990794608077,0.006759893831516494,283.53049737104965,283.53049737104965,
9229a13bb8,180,171,17100,171.0,-9774.910932117387,0.011081016422271614,232.3857575199977,232.3857575199977,
9229a13bb8,180,172,17200,172.0,-9775.6173834984,0.009599288148090936,402.62332676690386,402.62332676690386,
9229a13bb8,180,173,17300,173.0,-9776.818828236042,0.007247314966479799,303.9744215316611,303.9744215316611,
9229a13bb8,180,174,17400,174.0,-9777.77932702383,0.01155442894521239,242.31393771310061,242.31393771310061,
9229a13bb8,180,175,17500,175.0,-9778.271875775212,0.010332374814007136,433.37121011889377,433.37121011889377,
9229a13bb8,180,176,17600,176.0,-9779.601749463307,0.00761561772126299,319.42215870764227,319.42215870764227,
9229a13bb8,180,177,17700,177.0,-9780.568061209755,0.012008678955636906,251.8402508917186,251.8402508917186,
9229a13bb8,180,178,17800,178.0,-9780.839908797852,0.011275198394091347,472.9160972513088,472.9160972513088,
9229a13bb8,180,179,17900,179.0,-9782.226775043822,,347.80953113454314,347.80953113454314,
b0c6ee9d05,180,0,0,0.0,-0.020382972047095268,1.130219141798464,46.29377604806508,46.29377604806508,"ProjectedCommonDirectionsConfig(subspace_frac_grads=0.05, subspace_frac_updates=0.05, subspace_frac_random=0.2, direction_str=sd, random_proj=True, random_proj_dim_frac=1, inner_use_full_grad=True, orth_P_k=True, beta=0.001, tau=0.5, c_const=inf, N_try=200, alpha_max=100, p_const=1)"
b0c6ee9d05,180,1,100,1.0,-6084.076106186596,0.522723250681187,21924.602212251048,21924.602212251048,
b0c6ee9d05,180,2,200,2.0,-6554.114728413646,0.266345103593924,11171.323333844097,11171.323333844097,
b0c6ee9d05,180,3,300,3.0,-8545.678612654343,0.19117380336636436,4009.205240773776,4009.205240773776,
b0c6ee9d05,180,4,400,4.0,-8558.885810706055,0.15499113753356114,6500.799481215654,6500.799481215654,
b0c6ee9d05,180,5,500,5.0,-8838.219666906574,0.08156291012893736,3420.9964020544253,3420.9964020544253,
b0c6ee9d05,180,6,600,6.0,-8968.126290967852,0.09246145722517954,1939.0572994269976,1939.0572994269976,
b0c6ee9d05,180,7,700,7.0,-9008.151072825589,0.07127845980175765,2989.6352906035127,2989.6352906035127,
b0c6ee9d05,180,8,800,8.0,-9083.040409250896,0.04692565850820861,1968.204771836134,1968.204771836134,
b0c6ee9d05,180,9,900,9.0,-9118.951295714054,0.07275217445432001,1525.7236816122606,1525.7236816122606,
b0c6ee9d05,180,10,1000,10.0,-9120.957825159776,0.07101210728908836,2978.463656510525,2978.463656510525,
b0c6ee9d05,180,11,1100,11.0,-9161.25592704472,0.05179989958764339,2172.645260400511,2172.645260400511,
b0c6ee9d05,180,12,1200,12.0,-9196.402301792972,0.03630210322711751,1522.6205677391192,1522.6205677391192,
b0c6ee9d05,180,13,1300,13.0,-9216.625304265533,0.028110200441782612,1179.0272615377055,1179.0272615377055,
b0c6ee9d05,180,14,1400,14.0,-9233.489002453096,0.04508256718342533,945.4499593385483,945.4499593385483,
b0c6ee9d05,180,15,1500,15.0,-9246.37321130679,0.03661897345864964,1535.9110685350797,1535.9110685350797,
b0c6ee9d05,180,16,1600,16.0,-9265.713430406138,0.026694866323998354,1119.663846022116,1119.663846022116,
b0c6ee9d05,180,17,1700,17.0,-9278.860254125999,0.042690397865692564,895.2825326483285,895.2825326483285,
b0c6ee9d05,180,18,1800,18.0,-9285.684326355144,0.03871534259180473,1623.83916294177,1623.83916294177,
b0c6ee9d05,180,19,1900,19.0,-9302.031330128448,0.028647866834073225,1201.578624536207,1201.578624536207,
b0c6ee9d05,180,20,2000,20.0,-9315.327589035442,0.043190531615934995,905.7710975942135,905.7710975942135,
b0c6ee9d05,180,21,2100,21.0,-9316.874799595542,0.03953811420359815,1658.348705566085,1658.348705566085,
b0c6ee9d05,180,22,2200,22.0,-9335.758817454791,0.027573400739551196,1156.5122501550256,1156.5122501550256,
b0c6ee9d05,180,23,2300,23.0,-9346.804135010227,0.021151200553012478,887.1456508430242,887.1456508430242,
b0c6ee9d05,180,24,2400,24.0,-9356.085441279345,0.03403912220407352,713.8521320851719,713.8521320851719,
b0c6ee9d05,180,25,2500,25.0,-9363.35654372027,0.02816969945551284,1181.5228310505533,1181.5228310505533,
b0c6ee9d05,180,26,2600,26.0,-9374.881960574307,0.020722854477119742,869.1795142480123,869.1795142480123,
b0c6ee9d05,180,27,2700,27.0,-9383.098939448382,0.03339265318606206,700.2946941445648,700.2946941445648,
b0c6ee9d05,180,28,2800,28.0,-9388.387279435043,0.029604372933673937,1241.6973981320039,1241.6973981320039,
b0c6ee9d05,180,29,2900,29.0,-9398.800471763861,0.022026617855047885,923.8633137589879,923.8633137589879,
b0c6ee9d05,180,30,3000,30.0,-9407.215771315643,0.03393192015310092,711.603942129159,711.603942129159,
b0c6ee9d05,180,31,3100,31.0,-9410.084759442485,0.030369690336899943,1273.797136588208,1273.797136588208,
b0c6ee9d05,180,32,3200,32.0,-9421.691731298613,0.02161147585142851,906.4509960954992,906.4509960954992,
b0c6ee9d05,180,33,3300,33.0,-9429.140749441018,0.03362987915430446,705.2696832820791,705.2696832820791,
b0c6ee9d05,180,34,3400,34.0,-9430.467626906697,0.032150385423880184,1348.4849018492232,1348.4849018492232,
b0c6ee9d05,180,35,3500,35.0,-9440.877968859591,0.02342565828339726,982.5433224068626,982.5433224068626,
b0c6ee9d05,180,36,3600,36.0,-9449.00096232817,0.017394650290266003,729.5845129106381,729.5845129106381,
b0c6ee9d05,180,37,3700,37.0,-9454.977214767996,0.028219826456106167,591.8126549207599,591.8126549207599,
b0c6ee9d05,180,38,3800,38.0,-9459.31105028384,0.024607949336565592,1032.1322033415443,1032.1322033415443,
b0c6ee9d05,180,39,3900,39.0,-9466.869537218294,0.01840322990124248,771.8874078770095,771.8874078770095,
b0c6ee9d05,180,40,4000,40.0,-9472.981195111028,0.028725067835293962,602.4083346092242,602.4083346092242,
b0c6ee9d05,180,41,4100,41.0,-9475.79249349574,0.025377351689626362,1064.4032770120657,1064.4032770120657,
b0c6ee9d05,180,42,4200,42.0,-9484.095037802228,0.018276753752028037,766.5826136914619,766.5826136914619,
b0c6ee9d05,180,43,4300,43.0,-9489.680673617362,0.028686161359715624,601.5924066785034,601.5924066785034,
b0c6ee9d05,180,44,4400,44.0,-9491.415508099853,0.026880646795019128,1127.4560437493592,1127.4560437493592,
b0c6ee9d05,180,45,4500,45.0,-9499.114878019604,0.019682502175608088,825.5439760516165,825.5439760516165,
b0c6ee9d05,180,46,4600,46.0,-9505.110033393461,0.02965589667273891,621.9292301902773,621.9292301902773,
b0c6ee9d05,180,47,4700,47.0,-9505.233907566075,0.02780824921775585,1166.3625092703019,1166.3625092703019,
b0c6ee9d05,180,48,4800,48.0,-9514.141694468917,0.01953765551934243,819.468666954,819.468666954,
b0c6ee9d05,180,49,4900,49.0,-9519.567469044834,0.014899978034570958,624.9503747031309,624.9503747031309,
b0c6ee9d05,180,50,5000,50.0,-9524.062283506139,0.023995796551026634,503.2283272857862,503.2283272857862,
b0c6ee9d05,180,51,5100,51.0,-9527.454572199296,0.02022230600368174,848.1849896046627,848.1849896046627,
b0c6ee9d05,180,52,5200,52.0,-9533.232361821596,0.014945562247890782,626.8623151857731,626.8623151857731,
b0c6ee9d05,180,53,5300,53.0,-9537.450807208737,0.024040478223991114,504.16536988399406,504.16536988399406,
b0c6ee9d05,180,54,5400,54.0,-9540.078838526542,0.021384994611259804,896.9516843798541,896.9516843798541,
b0c6ee9d05,180,55,5500,55.0,-9545.59673112194,0.015906416918235106,667.1634810582118,667.1634810582118,
b0c6ee9d05,180,56,5600,56.0,-9549.987406127448,0.02469699484041822,517.9335212357278,517.9335212357278,
b0c6ee9d05,180,57,5700,57.0,-9551.579519686671,0.022245089764254645,933.0266897857234,933.0266897857234,
b0c6ee9d05,180,58,5800,58.0,-9557.717208982649,0.015991051389121932,670.7133080559967,670.7133080559967,
b0c6ee9d05,180,59,5900,59.0,-9561.824134873801,0.024924337653792556,522.7012455932635,522.7012455932635,
b0c6ee9d05,180,60,6000,60.0,-9562.633765261602,0.02370955859205023,994.4509644087063,994.4509644087063,
b0c6ee9d05,180,61,6100,61.0,-9568.470510871171,0.01729515820821015,725.4115125332867,725.4115125332867,
b0c6ee9d05,180,62,6200,62.0,-9572.933589263701,0.01298225318134743,544.5151644753821,544.5151644753821,
b0c6ee9d05,180,63,6300,63.0,-9576.327502600203,0.02118228635178896,444.22474187226914,444.22474187226914,
b0c6ee9d05,180,64,6400,64.0,-9578.954478999167,0.01829401120284136,767.3064436412235,767.3064436412235,
b0c6ee9d05,180,65,6500,65.0,-9583.283363181195,0.013748468077952727,576.6525465322945,576.6525465322945,
b0c6ee9d05,180,66,6600,66.0,-9586.776444166167,0.021716720261871457,455.4326333062425,455.4326333062425,
b0c6ee9d05,180,67,6700,67.0,-9588.641124163327,0.01910737072672239,801.4212146857461,801.4212146857461,
b0c6ee9d05,180,68,6800,68.0,-9593.37629955168,0.01392504775959854,584.0588351827521,584.0588351827521,
b0c6ee9d05,180,69,6900,69.0,-9596.698128219721,0.021982358634582262,461.00347375231456,461.00347375231456,
b0c6ee9d05,180,70,7000,70.0,-9597.937790603306,0.020383590340846584,854.9497450097426,854.9497450097426,
b0c6ee9d05,180,71,7100,71.0,-9602.529060124198,0.014983490145783741,628.4531265242135,628.4531265242135,
b0c6ee9d05,180,72,7200,72.0,-9606.077132096123,0.022846037873772946,479.11614019058686,479.11614019058686,
b0c6ee9d05,180,73,7300,73.0,-9606.413416064004,0.021377453358154417,896.6353812992053,896.6353812992053,
b0c6ee9d05,180,74,7400,74.0,-9611.663003494872,0.015195851326350037,637.3602000151528,637.3602000151528,
b0c6ee9d05,180,75,7500,75.0,-9615.016854512578,0.011640363728291407,488.23224147027577,488.23224147027577,
b0c6ee9d05,180,76,7600,76.0,-9617.798324170159,0.018895984418163383,396.277515145202,396.277515145202,
b0c6ee9d05,180,77,7700,77.0,-9620.006102325859,0.015903193069073868,667.0282630238878,667.0282630238878,
b0c6ee9d05,180,78,7800,78.0,-9623.588055691564,0.011848870203360869,496.9776368943731,496.9776368943731,
b0c6ee9d05,180,79,7900,79.0,-9626.26687743255,0.019128914445878904,401.1624118800384,401.1624118800384,
b0c6ee9d05,180,80,8000,80.0,-9627.998331192115,0.016943327886653665,710.65467928303,710.65467928303,
b0c6ee9d05,180,81,8100,81.0,-9631.524135585301,0.012640549300968335,530.1830649524869,530.1830649524869,
b0c6ee9d05,180,82,8200,82.0,-9634.319874201217,0.01976650946202825,414.5337485131144,414.5337485131144,
b0c6ee9d05,180,83,8300,83.0,-9635.411738610059,0.01783008988086648,747.8481730767779,747.8481730767779,
b0c6ee9d05,180,84,8400,84.0,-9639.32929283049,0.01291227730256564,541.5801633926028,541.5801633926028,
b0c6ee9d05,180,85,8500,85.0,-9642.018879541181,0.020167358061589192,422.94015293577854,422.94015293577854,
b0c6ee9d05,180,86,8600,86.0,-9642.566730271514,0.01915037998397511,803.2251536830672,803.2251536830672,
b0c6ee9d05,180,87,8700,87.0,-9646.420830713867,0.013991333539032218,586.83906228097,586.83906228097,
b0c6ee9d05,180,88,8800,88.0,-9649.339237181577,0.010564152934077259,443.0926890801198,443.0926890801198,
b0c6ee9d05,180,89,8900,89.0,-9651.594182013801,0.017275486457054824,362.2932097438545,362.2932097438545,
b0c6ee9d05,180,90,9000,90.0,-9653.354148940572,0.014907678378794123,625.2733505488969,625.2733505488969,
b0c6ee9d05,180,91,9100,91.0,-9656.251475883599,0.011226830605327172,470.8874051524618,470.8874051524618,
b0c6ee9d05,180,92,9200,92.0,-9658.582998477797,0.01781202308627345,373.54519839424535,373.54519839424535,
b0c6ee9d05,180,93,9300,93.0,-9659.841453386407,0.015731175628297622,659.8133286247123,659.8133286247123,
b0c6ee9d05,180,94,9400,94.0,-9663.019246768954,0.011520980952130432,483.2249649144447,483.2249649144447,
b0c6ee9d05,180,95,9500,95.0,-9665.283754596552,0.018196889728384066,381.616436876601,381.616436876601,
b0c6ee9d05,180,96,9600,96.0,-9666.093194852892,0.016906852494057215,709.1247904323415,709.1247904323415,
b0c6ee9d05,180,97,9700,97.0,-9669.25669991833,0.012436786565739502,521.6366363982745,521.6366363982745,
b0c6ee9d05,180,98,9800,98.0,-9671.68133599043,0.0190217093807709,398.91415871302456,398.91415871302456,
b0c6ee9d05,180,99,9900,99.0,-9671.858013363426,0.017920651830191942,751.6466165398139,751.6466165398139,
b0c6ee9d05,180,100,10000,100.0,-9675.480106019999,0.012793519401873833,536.5990960135701,536.5990960135701,
b0c6ee9d05,180,101,10100,101.0,-9677.828095809731,0.009790353288963011,410.63717961310726,410.63717961310726,
b0c6ee9d05,180,102,10200,102.0,-9679.765173094922,0.015883031797857907,333.09131900941316,333.09131900941316,
b0c6ee9d05,180,103,10300,103.0,-9681.236434771876,0.013514220492721404,566.8274906950337,566.8274906950337,
b0c6ee9d05,180,104,10400,104.0,-9683.763933431119,0.010073701116886226,422.521648893604,422.521648893604,
b0c6ee9d05,180,105,10500,105.0,-9685.658702805471,0.016210957287118823,339.9684149659581,339.9684149659581,
b0c6ee9d05,180,106,10600,106.0,-9686.777396755067,0.01450687549391328,608.4624591162244,608.4624591162244,
b0c6ee9d05,180,107,10700,107.0,-9689.31535786307,0.010802837965924173,453.1038649182763,453.1038649182763,
b0c6ee9d05,180,108,10800,108.0,-9691.307540573625,0.016861920967179894,353.6201128016326,353.6201128016326,
b0c6ee9d05,180,109,10900,109.0,-9691.953086873842,0.015411066654212149,646.3869851202863,646.3869851202863,
b0c6ee9d05,180,110,11000,110.0,-9694.79516876803,0.01116317322143528,468.21742095358854,468.21742095358854,
b0c6ee9d05,180,111,11100,111.0,-9696.745443999855,0.01735843657568402,364.032799815689,364.032799815689,
b0c6ee9d05,180,112,11200,112.0,-9696.9598119125,0.016675825188806472,699.4348029271176,699.4348029271176,
b0c6ee9d05,180,113,11300,113.0,-9699.819166239655,0.01215674229694025,509.89072843025696,509.89072843025696,
b0c6ee9d05,180,114,11400,114.0,-9701.95163578172,0.009156074785915779,384.0336109886568,384.0336109886568,
b0c6ee9d05,180,115,11500,115.0,-9703.59220076971,0.014887904750280784,312.22199222860866,312.22199222860866,
b0c6ee9d05,180,116,11600,116.0,-9704.746783823159,0.013050248782634385,547.367106699985,547.367106699985,
b0c6ee9d05,180,117,11700,117.0,-9706.899785542526,0.009790132035064163,410.6278995519779,410.6278995519779,
b0c6ee9d05,180,118,11800,118.0,-9708.611632488428,0.015455907057795662,324.1338639807028,324.1338639807028,
b0c6ee9d05,180,119,11900,119.0,-9709.379772560858,0.013891764503231723,582.6628342296282,582.6628342296282,
b0c6ee9d05,180,120,12000,120.0,-9711.766356378757,0.010149042464458241,425.68169404847055,425.68169404847055,
b0c6ee9d05,180,121,12100,121.0,-9713.45296018605,0.015921879575167514,333.9060159482169,333.9060159482169,
b0c6ee9d05,180,122,12200,122.0,-9713.856331602863,0.015039423596374788,630.7991454796916,630.7991454796916,
b0c6ee9d05,180,123,12300,123.0,-9716.277163165223,0.01102145431780449,462.27329930984627,462.27329930984627,
b0c6ee9d05,180,124,12400,124.0,-9718.101745314445,0.008382867700788494,351.6029552888795,351.6029552888795,
b0c6ee9d05,180,125,12500,125.0,-9719.537083035837,0.013763919174039567,288.6503062367542,288.6503062367542,
b0c6ee9d05,180,126,12600,126.0,-9720.689640446088,0.01183036925263851,496.2016507781875,496.2016507781875,
b0c6ee9d05,180,127,12700,127.0,-9722.53909265925,0.008939800384549881,374.96240512119095,374.96240512119095,
b0c6ee9d05,180,128,12800,128.0,-9724.027714406426,0.0142635482637697,299.12828768461156,299.12828768461156,
b0c6ee9d05,180,129,12900,129.0,-9724.860557216629,0.012612992503315613,529.0272490862668,529.0272490862668,
b0c6ee9d05,180,130,13000,130.0,-9726.893031031745,0.009289812399257392,389.64297305454903,389.64297305454903,
b0c6ee9d05,180,131,13100,131.0,-9728.36671452309,0.01469808662949521,308.2412177121914,308.2412177121914,
b0c6ee9d05,180,132,13200,132.0,-9728.889156440686,0.013659454169195786,572.9190325967455,572.9190325967455,
b0c6ee9d05,180,133,13300,133.0,-9730.963522660593,0.010062976608484991,422.0718304087501,422.0718304087501,
b0c6ee9d05,180,134,13400,134.0,-9732.543826279358,0.015449999584933417,324.0099752954227,324.0099752954227,
b0c6ee9d05,180,135,13500,135.0,-9732.639816644949,0.01463529169707572,613.8486250621148,613.8486250621148,
b0c6ee9d05,180,136,13600,136.0,-9735.017509084284,0.010497202618800236,440.2845893284426,440.2845893284426,
b0c6ee9d05,180,137,13700,137.0,-9736.583714572727,0.008031106429094164,336.8490181997536,336.8490181997536,
b0c6ee9d05,180,138,13800,138.0,-9737.870290522365,0.013030407005324145,273.26744112029553,273.26744112029553,
b0c6ee9d05,180,139,13900,139.0,-9738.809557753453,0.011194495032700036,469.5311529363395,469.5311529363395,
b0c6ee9d05,180,140,14000,140.0,-9740.507608400592,0.00835359528763499,350.3751812930859,350.3751812930859,
b0c6ee9d05,180,141,14100,141.0,-9741.785292468068,0.013407978957094382,281.18569885828396,281.18569885828396,
b0c6ee9d05,180,142,14200,142.0,-9742.472065344413,0.012109971456204056,507.92901718642497,507.92901718642497,
b0c6ee9d05,180,143,14300,143.0,-9744.211843372823,0.009005466382141995,377.7166366848366,377.7166366848366,
b0c6ee9d05,180,144,14400,144.0,-9745.564138153553,0.014038027291821999,294.39877011099094,294.39877011099094,
b0c6ee9d05,180,145,14500,145.0,-9745.913641432047,0.01299095384353343,544.880096697476,544.880096697476,
b0c6ee9d05,180,146,14600,146.0,-9747.8761528856,0.00941691461600073,394.97402641550354,394.97402641550354,
b0c6ee9d05,180,147,14700,147.0,-9749.224019786365,0.014584498423574606,305.85910037996325,305.85910037996325,
b0c6ee9d05,180,148,14800,148.0,-9749.244554468323,0.01416490956584373,594.1193685165663,594.1193685165663,
b0c6ee9d05,180,149,14900,149.0,-9751.265903852374,0.010306907195462277,432.30302077556206,432.30302077556206,
b0c6ee9d05,180,150,15000,150.0,-9752.749894989034,0.0077470867733445735,324.9363704178624,324.9363704178624,
b0c6ee9d05,180,151,15100,151.0,-9753.887355257042,0.012528116938052603,262.7336549287089,262.7336549287089,
b0c6ee9d05,180,152,15200,152.0,-9754.596406076098,0.011149980533286209,467.664079506845,467.664079506845,
b0c6ee9d05,180,153,15300,153.0,-9756.121568945176,0.008334918114810252,349.591803886211,349.591803886211,
b0c6ee9d05,180,154,15400,154.0,-9757.31890760742,0.013097619518669428,274.6769896881662,274.6769896881662,
b0c6ee9d05,180,155,15500,155.0,-9757.74072611989,0.01197746154172929,502.3711485432132,502.3711485432132,
b0c6ee9d05,180,156,15600,156.0,-9759.448864453518,0.008733429065394161,366.30656462699005,366.30656462699005,
b0c6ee9d05,180,157,15700,157.0,-9760.646924987745,0.013611461514077643,285.4530373717096,285.4530373717096,
b0c6ee9d05,180,158,15800,158.0,-9760.78235650834,0.013064597262316754,547.968925557242,547.968925557242,
b0c6ee9d05,180,159,15900,159.0,-9762.550796573976,0.009540885275754843,400.17373275639665,400.17373275639665,
b0c6ee9d05,180,160,16000,160.0,-9763.859797376828,0.007220461539512397,302.84810717023004,302.84810717023004,
b0c6ee9d05,180,161,16100,161.0,-9764.879609081165,0.011758728864358033,246.5984175534618,246.5984175534618,
b0c6ee9d05,180,162,16200,162.0,-9765.593181307504,0.01032075204094115,432.8837156832762,432.8837156832762,
b0c6ee9d05,180,163,16300,163.0,-9766.941672981262,0.007754128589969348,325.2317256142279,325.2317256142279,
b0c6ee9d05,180,164,16400,164.0,-9768.01029858386,0.012276554863253252,257.4580158458129,257.4580158458129,
b0c6ee9d05,180,165,16500,165.0,-9768.477023208383,0.01109899031853872,465.5253948900822,465.5253948900822,
b0c6ee9d05,180,166,16600,166.0,-9769.977878812102,0.008137910414562056,341.328702034393,341.328702034393,
b0c6ee9d05,180,167,16700,167.0,-9771.050401338562,0.012759559813346389,267.5873638167901,267.5873638167901,
b0c6ee9d05,180,168,16800,168.0,-9771.266411020339,0.012109592847528786,507.91313718761387,507.91313718761387,
b0c6ee9d05,180,169,16900,169.0,-9772.82657703008,0.008875085852997861,372.2480809357232,372.2480809357232,
b0c6ee9d05,180,170,17000,170.0,-9773.990794608077,0.006759893831515059,283.5304973709895,283.5304973709895,
b0c6ee9d05,180,171,17100,171.0,-9774.910932117387,0.011081016422270202,232.38575751996802,232.38575751996802,
b0c6ee9d05,180,172,17200,172.0,-9775.617383498404,0.009599288148088707,402.6233267668107,402.6233267668107,
b0c6ee9d05,180,173,17300,173.0,-9776.81882823604,0.007247314966478373,303.9744215316009,303.9744215316009,
b0c6ee9d05,180,174,17400,174.0,-9777.779327023834,0.011554428945210431,242.31393771305937,242.31393771305937,
b0c6ee9d05,180,175,17500,175.0,-9778.271875775212,0.010332374814003904,433.37121011875826,433.37121011875826,
b0c6ee9d05,180,176,17600,176.0,-9779.601749463307,0.007615617721260934,319.42215870755626,319.42215870755626,
b0c6ee9d05,180,177,17700,177.0,-9780.568061209755,0.012008678955634641,251.84025089167085,251.84025089167085,
b0c6ee9d05,180,178,17800,178.0,-9780.839908797854,0.011275198394087832,472.9160972511616,472.9160972511616,
b0c6ee9d05,180,179,17900,179.0,-9782.226775043822,,347.8095311344468,347.8095311344468,
f9f1537893,180,0,0,0.0,-0.020382972047095268,1.130219141798464,46.29377604806508,46.29377604806508,"ProjectedCommonDirectionsConfig(subspace_frac_grads=0.05, subspace_frac_updates=0.05, subspace_frac_random=0.2, direction_str=sd, random_proj=True, random_proj_dim_frac=1, inner_use_full_grad=True, orth_P_k=True, beta=0.001, tau=0.5, c_const=inf, N_try=200, alpha_max=100, p_const=1)"
f9f1537893,180,1,100,1.0,-6084.076106186599,0.5227232506811871,21924.602212251048,21924.602212251048,
f9f1537893,180,2,200,2.0,-6554.114728413647,0.266345103593924,11171.323333844095,11171.323333844095,
f9f1537893,180,3,300,3.0,-8545.678612654343,0.19117380336636422,4009.2052407737733,4009.2052407737733,
f9f1537893,180,4,400,4.0,-8558.885810706055,0.15499113753356106,6500.799481215649,6500.799481215649,
f9f1537893,180,5,500,5.0,-8838.219666906574,0.08156291012893739,3420.996402054426,3420.996402054426,
f9f1537893,180,6,600,6.0,-8968.126290967852,0.09246145722517968,1939.0572994270003,1939.0572994270003,
f9f1537893,180,7,700,7.0,-9008.151072825589,0.07127845980175782,2989.6352906035204,2989.6352906035204,
f9f1537893,180,8,800,8.0,-9083.040409250896,0.04692565850820854,1968.2047718361316,1968.2047718361316,
f9f1537893,180,9,900,9.0,-9118.951295714054,0.0727521744543198,1525.7236816122565,1525.7236816122565,
f9f1537893,180,10,1000,10.0,-9120.957825159776,0.0710121072890881,2978.463656510515,2978.463656510515,
f9f1537893,180,11,1100,11.0,-9161.25592704472,0.051799899587643264,2172.645260400505,2172.645260400505,
f9f1537893,180,12,1200,12.0,-9196.402301792972,0.036302103227117494,1522.6205677391188,1522.6205677391188,
f9f1537893,180,13,1300,13.0,-9216.625304265535,0.028110200441782602,1179.0272615377055,1179.0272615377055,
f9f1537893,180,14,1400,14.0,-9233.489002453096,0.0450825671834253,945.449959338547,945.449959338547,
f9f1537893,180,15,1500,15.0,-9246.37321130679,0.03661897345864959,1535.9110685350781,1535.9110685350781,
f9f1537893,180,16,1600,16.0,-9265.713430406136,0.026694866323998364,1119.6638460221154,1119.6638460221154,
f9f1537893,180,17,1700,17.0,-9278.860254125999,0.042690397865692536,895.2825326483286,895.2825326483286,
f9f1537893,180,18,1800,18.0,-9285.684326355144,0.03871534259180483,1623.839162941773,1623.839162941773,
f9f1537893,180,19,1900,19.0,-9302.031330128446,0.028647866834073412,1201.578624536215,1201.578624536215,
f9f1537893,180,20,2000,20.0,-9315.32758903544,0.04319053161593523,905.771097594218,905.771097594218,
f9f1537893,180,21,2100,21.0,-9316.874799595542,0.03953811420359847,1658.3487055660983,1658.3487055660983,
f9f1537893,180,22,2200,22.0,-9335.758817454791,0.027573400739551383,1156.5122501550336,1156.5122501550336,
f9f1537893,180,23,2300,23.0,-9346.804135010227,0.02115120055301252,887.1456508430263,887.1456508430263,
f9f1537893,180,24,2400,24.0,-9356.085441279345,0.034039122204073444,713.8521320851705,713.8521320851705,
f9f1537893,180,25,2500,25.0,-9363.35654372027,0.02816969945551281,1181.5228310505515,1181.5228310505515,
f9f1537893,180,26,2600,26.0,-9374.881960574307,0.02072285447711975,869.1795142480128,869.1795142480128,
f9f1537893,180,27,2700,27.0,-9383.098939448382,0.033392653186062195,700.294694144568,700.294694144568,
f9f1537893,180,28,2800,28.0,-9388.387279435043,0.029604372933674263,1241.6973981320173,1241.6973981320173,
f9f1537893,180,29,2900,29.0,-9398.800471763861,0.022026617855048076,923.8633137589957,923.8633137589957,
f9f1537893,180,30,3000,30.0,-9407.215771315643,0.03393192015310106,711.6039421291615,711.6039421291615,
f9f1537893,180,31,3100,31.0,-9410.084759442485,0.03036969033690011,1273.7971365882154,1273.7971365882154,
f9f1537893,180,32,3200,32.0,-9421.691731298613,0.021611475851428585,906.450996095503,906.450996095503,
f9f1537893,180,33,3300,33.0,-9429.140749441016,0.03362987915430472,705.2696832820842,705.2696832820842,
f9f1537893,180,34,3400,34.0,-9430.467626906697,0.032150385423880656,1348.4849018492437,1348.4849018492437,
f9f1537893,180,35,3500,35.0,-9440.87796885959,0.02342565828339761,982.5433224068778,982.5433224068778,
f9f1537893,180,36,3600,36.0,-9449.00096232817,0.017394650290266146,729.5845129106444,729.5845129106444,
f9f1537893,180,37,3700,37.0,-9454.977214767994,0.028219826456105993,591.812654920756,591.812654920756,
f9f1537893,180,38,3800,38.0,-9459.31105028384,0.02460794933656508,1032.1322033415222,1032.1322033415222,
f9f1537893,180,39,3900,39.0,-9466.869537218292,0.01840322990124202,771.8874078769902,771.8874078769902,
f9f1537893,180,40,4000,40.0,-9472.981195111028,0.02872506783529316,602.408334609207,602.408334609207,
f9f1537893,180,41,4100,41.0,-9475.792493495741,0.02537735168962504,1064.4032770120107,1064.4032770120107,
f9f1537893,180,42,4200,42.0,-9484.095037802228,0.018276753752027038,766.5826136914204,766.5826136914204,
f9f1537893,180,43,4300,43.0,-9489.680673617366,0.028686161359714076,601.5924066784709,601.5924066784709,
f9f1537893,180,44,4400,44.0,-9491.415508099855,0.02688064679501652,1127.4560437492498,1127.4560437492498,
f9f1537893,180,45,4500,45.0,-9499.114878019604,0.01968250217560625,825.5439760515397,825.5439760515397,
f9f1537893,180,46,4600,46.0,-9505.110033393465,0.029655896672736926,621.9292301902358,621.9292301902358,
f9f1537893,180,47,4700,47.0,-9505.233907566078,0.027808249217753295,1166.362509270195,1166.362509270195,
f9f1537893,180,48,4800,48.0,-9514.141694468919,0.01953765551934088,819.4686669539349,819.4686669539349,
f9f1537893,180,49,4900,49.0,-9519.567469044836,0.014899978034569978,624.9503747030901,624.9503747030901,
f9f1537893,180,50,5000,50.0,-9524.062283506142,0.023995796551025735,503.2283272857669,503.2283272857669,
f9f1537893,180,51,5100,51.0,-9527.454572199298,0.020222306003680447,848.184989604609,848.184989604609,
f9f1537893,180,52,5200,52.0,-9533.232361821596,0.014945562247890214,626.8623151857489,626.8623151857489,
f9f1537893,180,53,5300,53.0,-9537.450807208737,0.024040478223990608,504.1653698839834,504.1653698839834,
f9f1537893,180,54,5400,54.0,-9540.078838526542,0.021384994611258888,896.9516843798157,896.9516843798157,
f9f1537893,180,55,5500,55.0,-9545.596731121941,0.01590641691823443,667.163481058183,667.163481058183,
f9f1537893,180,56,5600,56.0,-9549.987406127448,0.024696994840417288,517.933521235708,517.933521235708,
f9f1537893,180,57,5700,57.0,-9551.579519686673,0.022245089764253292,933.0266897856661,933.0266897856661,
f9f1537893,180,58,5800,58.0,-9557.717208982649,0.015991051389121276,670.7133080559692,670.7133080559692,
f9f1537893,180,59,5900,59.0,-9561.824134873801,0.024924337653791935,522.7012455932504,522.7012455932504,
f9f1537893,180,60,6000,60.0,-9562.633765261602,0.023709558592049065,994.4509644086572,994.4509644086572,
f9f1537893,180,61,6100,61.0,-9568.47051087117,0.017295158208209316,725.411512533252,725.411512533252,
f9f1537893,180,62,6200,62.0,-9572.933589263703,0.012982253181346885,544.5151644753598,544.5151644753598,
f9f1537893,180,63,6300,63.0,-9576.327502600203,0.02118228635178843,444.22474187225777,444.22474187225777,
f9f1537893,180,64,6400,64.0,-9578.954478999167,0.018294011202840556,767.3064436411894,767.3064436411894,
f9f1537893,180,65,6500,65.0,-9583.283363181195,0.013748468077952214,576.6525465322727,576.6525465322727,
f9f1537893,180,66,6600,66.0,-9586.776444166167,0.021716720261871117,455.4326333062355,455.4326333062355,
f9f1537893,180,67,6700,67.0,-9588.641124163325,0.019107370726721987,801.4212146857292,801.4212146857292,
f9f1537893,180,68,6800,68.0,-9593.376299551683,0.013925047759598389,584.0588351827453,584.0588351827453,
f9f1537893,180,69,6900,69.0,-9596.698128219721,0.021982358634582377,461.00347375231723,461.00347375231723,
f9f1537893,180,70,7000,70.0,-9597.937790603306,0.02038359034084678,854.9497450097501,854.9497450097501,
f9f1537893,180,71,7100,71.0,-9602.5290601242,0.014983490145783762,628.4531265242143,628.4531265242143,
f9f1537893,180,72,7200,72.0,-9606.077132096123,0.022846037873772946,479.11614019058686,479.11614019058686,
f9f1537893,180,73,7300,73.0,-9606.413416064004,0.021377453358154327,896.6353812992014,896.6353812992014,
f9f1537893,180,74,7400,74.0,-9611.663003494874,0.015195851326349912,637.3602000151475,637.3602000151475,
f9f1537893,180,75,7500,75.0,-9615.01685451258,0.011640363728291359,488.23224147027383,488.23224147027383,
f9f1537893,180,76,7600,76.0,-9617.798324170159,0.018895984418163446,396.2775151452034,396.2775151452034,
f9f1537893,180,77,7700,77.0,-9620.006102325859,0.015903193069074027,667.0282630238953,667.0282630238953,
f9f1537893,180,78,7800,78.0,-9623.588055691565,0.01184887020336086,496.97763689437267,496.97763689437267,
f9f1537893,180,79,7900,79.0,-9626.26687743255,0.019128914445878803,401.1624118800362,401.1624118800362,
f9f1537893,180,80,8000,80.0,-9627.998331192115,0.01694332788665368,710.6546792830306,710.6546792830306,
f9f1537893,180,81,8100,81.0,-9631.524135585301,0.012640549300968452,530.1830649524918,530.1830649524918,
f9f1537893,180,82,8200,82.0,-9634.319874201217,0.019766509462028545,414.5337485131206,414.5337485131206,
f9f1537893,180,83,8300,83.0,-9635.411738610059,0.01783008988086715,747.8481730768066,747.8481730768066,
f9f1537893,180,84,8400,84.0,-9639.329292830489,0.01291227730256625,541.5801633926283,541.5801633926283,
f9f1537893,180,85,8500,85.0,-9642.018879541181,0.020167358061589893,422.94015293579366,422.94015293579366,
f9f1537893,180,86,8600,86.0,-9642.566730271516,0.01915037998397619,803.2251536831128,803.2251536831128,
f9f1537893,180,87,8700,87.0,-9646.420830713867,0.013991333539032797,586.8390622809947,586.8390622809947,
f9f1537893,180,88,8800,88.0,-9649.339237181577,0.010564152934077458,443.09268908012814,443.09268908012814,
f9f1537893,180,89,8900,89.0,-9651.594182013801,0.01727548645705504,362.2932097438588,362.2932097438588,
f9f1537893,180,90,9000,90.0,-9653.354148940572,0.01490767837879444,625.2733505489101,625.2733505489101,
f9f1537893,180,91,9100,91.0,-9656.251475883597,0.011226830605327361,470.88740515246974,470.88740515246974,
f9f1537893,180,92,9200,92.0,-9658.582998477797,0.017812023086273682,373.54519839424995,373.54519839424995,
f9f1537893,180,93,9300,93.0,-9659.841453386409,0.01573117562829801,659.8133286247286,659.8133286247286,
f9f1537893,180,94,9400,94.0,-9663.019246768954,0.011520980952130642,483.2249649144536,483.2249649144536,
f9f1537893,180,95,9500,95.0,-9665.283754596552,0.01819688972838424,381.6164368766046,381.6164368766046,
f9f1537893,180,96,9600,96.0,-9666.093194852892,0.016906852494057677,709.1247904323608,709.1247904323608,
f9f1537893,180,97,9700,97.0,-9669.256699918327,0.012436786565740102,521.6366363982997,521.6366363982997,
f9f1537893,180,98,9800,98.0,-9671.681335990428,0.01902170938077206,398.9141587130489,398.9141587130489,
f9f1537893,180,99,9900,99.0,-9671.85801336343,0.017920651830193618,751.646616539884,751.646616539884,
f9f1537893,180,100,10000,100.0,-9675.480106019999,0.012793519401874624,536.5990960136036,536.5990960136036,
f9f1537893,180,101,10100,101.0,-9677.828095809733,0.00979035328896341,410.63717961312375,410.63717961312375,
f9f1537893,180,102,10200,102.0,-9679.765173094922,0.015883031797858237,333.0913190094202,333.0913190094202,
f9f1537893,180,103,10300,103.0,-9681.236434771878,0.013514220492722058,566.8274906950609,566.8274906950609,
f9f1537893,180,104,10400,104.0,-9683.76393343112,0.01007370111688682,422.52164889362854,422.52164889362854,
f9f1537893,180,105,10500,105.0,-9685.658702805471,0.016210957287119483,339.96841496597193,339.96841496597193,
f9f1537893,180,106,10600,106.0,-9686.77739675507,0.014506875493914394,608.4624591162711,608.4624591162711,
f9f1537893,180,107,10700,107.0,-9689.31535786307,0.010802837965924971,453.1038649183096,453.1038649183096,
f9f1537893,180,108,10800,108.0,-9691.307540573625,0.016861920967180897,353.6201128016532,353.6201128016532,
f9f1537893,180,109,10900,109.0,-9691.95308687384,0.015411066654213795,646.3869851203553,646.3869851203553,
f9f1537893,180,110,11000,110.0,-9694.795168768029,0.011163173221436513,468.2174209536402,468.2174209536402,
f9f1537893,180,111,11100,111.0,-9696.745443999853,0.017358436575685844,364.03279981572723,364.03279981572723,
f9f1537893,180,112,11200,112.0,-9696.959811912498,0.01667582518880922,699.4348029272329,699.4348029272329,
f9f1537893,180,113,11300,113.0,-9699.819166239655,0.012156742296942177,509.8907284303378,509.8907284303378,
f9f1537893,180,114,11400,114.0,-9701.951635781717,0.009156074785917255,384.033610988719,384.033610988719,
f9f1537893,180,115,11500,115.0,-9703.59220076971,0.014887904750282349,312.22199222864134,312.22199222864134,
f9f1537893,180,116,11600,116.0,-9704.746783823159,0.01305024878263697,547.3671067000938,547.3671067000938,
f9f1537893,180,117,11700,117.0,-9706.899785542522,0.009790132035065948,410.6278995520526,410.6278995520526,
f9f1537893,180,118,11800,118.0,-9708.611632488428,0.015455907057797954,324.13386398075096,324.13386398075096,
f9f1537893,180,119,11900,119.0,-9709.379772560858,0.013891764503235239,582.6628342297759,582.6628342297759,
f9f1537893,180,120,12000,120.0,-9711.766356378757,0.010149042464460268,425.6816940485557,425.6816940485557,
f9f1537893,180,121,12100,121.0,-9713.45296018605,0.01592187957516999,333.9060159482694,333.9060159482694,
f9f1537893,180,122,12200,122.0,-9713.85633160286,0.015039423596378375,630.7991454798419,630.7991454798419,
f9f1537893,180,123,12300,123.0,-9716.277163165223,0.011021454317806705,462.2732993099392,462.2732993099392,
f9f1537893,180,124,12400,124.0,-9718.101745314447,0.008382867700789874,351.60295528893766,351.60295528893766,
f9f1537893,180,125,12500,125.0,-9719.537083035833,0.013763919174040809,288.6503062367803,288.6503062367803,
f9f1537893,180,126,12600,126.0,-9720.689640446086,0.011830369252640437,496.20165077826766,496.20165077826766,
f9f1537893,180,127,12700,127.0,-9722.539092659248,0.00893980038455117,374.9624051212451,374.9624051212451,
f9f1537893,180,128,12800,128.0,-9724.027714406426,0.014263548263770963,299.128287684638,299.128287684638,
f9f1537893,180,129,12900,129.0,-9724.860557216625,0.012612992503317528,529.0272490863472,529.0272490863472,
f9f1537893,180,130,13000,130.0,-9726.893031031745,0.009289812399258641,389.6429730546012,389.6429730546012,
f9f1537893,180,131,13100,131.0,-9728.366714523094,0.014698086629496952,308.24121771222804,308.24121771222804,
f9f1537893,180,132,13200,132.0,-9728.889156440688,0.013659454169198285,572.9190325968502,572.9190325968502,
f9f1537893,180,133,13300,133.0,-9730.963522660593,0.01006297660848604,422.0718304087944,422.0718304087944,
f9f1537893,180,134,13400,134.0,-9732.543826279358,0.015449999584934097,324.009975295437,324.009975295437,
f9f1537893,180,135,13500,135.0,-9732.639816644947,0.014635291697076619,613.8486250621525,613.8486250621525,
f9f1537893,180,136,13600,136.0,-9735.017509084284,0.010497202618800869,440.28458932846974,440.28458932846974,
f9f1537893,180,137,13700,137.0,-9736.583714572727,0.008031106429094454,336.8490181997658,336.8490181997658,
f9f1537893,180,138,13800,138.0,-9737.870290522365,0.013030407005324377,273.26744112030036,273.26744112030036,
f9f1537893,180,139,13900,139.0,-9738.809557753453,0.011194495032700423,469.53115293635494,469.53115293635494,
f9f1537893,180,140,14000,140.0,-9740.50760840059,0.008353595287635275,350.3751812930978,350.3751812930978,
f9f1537893,180,141,14100,141.0,-9741.785292468068,0.013407978957094903,281.18569885829487,281.18569885829487,
f9f1537893,180,142,14200,142.0,-9742.472065344413,0.012109971456204916,507.92901718646084,507.92901718646084,
f9f1537893,180,143,14300,143.0,-9744.211843372823,0.00900546638214261,377.71663668486286,377.71663668486286,
f9f1537893,180,144,14400,144.0,-9745.564138153552,0.014038027291822621,294.3987701110039,294.3987701110039,
f9f1537893,180,145,14500,145.0,-9745.913641432047,0.012990953843534157,544.8800966975065,544.8800966975065,
f9f1537893,180,146,14600,146.0,-9747.876152885598,0.009416914616000893,394.97402641551,394.97402641551,
f9f1537893,180,147,14700,147.0,-9749.224019786365,0.014584498423574522,305.8591003799617,305.8591003799617,
f9f1537893,180,148,14800,148.0,-9749.244554468321,0.014164909565843696,594.1193685165648,594.1193685165648,
f9f1537893,180,149,14900,149.0,-9751.265903852374,0.010306907195462314,432.3030207755637,432.3030207755637,
f9f1537893,180,150,15000,150.0,-9752.749894989034,0.007747086773344475,324.9363704178581,324.9363704178581,
f9f1537893,180,151,15100,151.0,-9753.887355257042,0.01252811693805241,262.73365492870477,262.73365492870477,
f9f1537893,180,152,15200,152.0,-9754.596406076098,0.011149980533285841,467.6640795068293,467.6640795068293,
f9f1537893,180,153,15300,153.0,-9756.121568945176,0.008334918114810087,349.5918038862042,349.5918038862042,
f9f1537893,180,154,15400,154.0,-9757.318907607418,0.013097619518669399,274.6769896881655,274.6769896881655,
f9f1537893,180,155,15500,155.0,-9757.740726119891,0.011977461541729158,502.3711485432077,502.3711485432077,
f9f1537893,180,156,15600,156.0,-9759.448864453518,0.008733429065393908,366.30656462697954,366.30656462697954,
f9f1537893,180,157,15700,157.0,-9760.646924987745,0.013611461514076868,285.4530373716934,285.4530373716934,
f9f1537893,180,158,15800,158.0,-9760.78235650834,0.013064597262315479,547.9689255571886,547.9689255571886,
f9f1537893,180,159,15900,159.0,-9762.550796573976,0.009540885275754167,400.17373275636817,400.17373275636817,
f9f1537893,180,160,16000,160.0,-9763.859797376828,0.007220461539512056,302.8481071702158,302.8481071702158,
f9f1537893,180,161,16100,161.0,-9764.879609081167,0.011758728864357634,246.5984175534534,246.5984175534534,
f9f1537893,180,162,16200,162.0,-9765.593181307506,0.010320752040940566,432.88371568325203,432.88371568325203,
f9f1537893,180,163,16300,163.0,-9766.941672981262,0.007754128589969086,325.23172561421694,325.23172561421694,
f9f1537893,180,164,16400,164.0,-9768.01029858386,0.012276554863253152,257.45801584581085,257.45801584581085,
f9f1537893,180,165,16500,165.0,-9768.477023208385,0.011098990318538622,465.5253948900782,465.5253948900782,
f9f1537893,180,166,16600,166.0,-9769.977878812102,0.008137910414561909,341.3287020343867,341.3287020343867,
f9f1537893,180,167,16700,167.0,-9771.050401338562,0.012759559813346495,267.58736381679216,267.58736381679216,
f9f1537893,180,168,16800,168.0,-9771.266411020339,0.012109592847529039,507.9131371876247,507.9131371876247,
f9f1537893,180,169,16900,169.0,-9772.826577030079,0.008875085852997937,372.24808093572665,372.24808093572665,
f9f1537893,180,170,17000,170.0,-9773.990794608075,0.00675989383151518,283.53049737099445,283.53049737099445,
f9f1537893,180,171,17100,171.0,-9774.910932117387,0.011081016422270589,232.3857575199762,232.3857575199762,
f9f1537893,180,172,17200,172.0,-9775.6173834984,0.009599288148089505,402.6233267668441,402.6233267668441,
f9f1537893,180,173,17300,173.0,-9776.81882823604,0.007247314966479071,303.97442153163024,303.97442153163024,
f9f1537893,180,174,17400,174.0,-9777.779327023834,0.011554428945211548,242.31393771308282,242.31393771308282,
f9f1537893,180,175,17500,175.0,-9778.271875775212,0.010332374814005703,433.3712101188335,433.3712101188335,
f9f1537893,180,176,17600,176.0,-9779.601749463309,0.007615617721262062,319.42215870760344,319.42215870760344,
f9f1537893,180,177,17700,177.0,-9780.568061209757,0.012008678955636056,251.8402508917007,251.8402508917007,
f9f1537893,180,178,17800,178.0,-9780.839908797852,0.011275198394090016,472.9160972512536,472.9160972512536,
f9f1537893,180,179,17900,179.0,-9782.226775043822,,347.8095311344996,347.8095311344996,
91f1018d98,180,0,0,0.0,-0.020382972047095268,1.130219141798464,46.29377604806508,46.29377604806508,"ProjectedCommonDirectionsConfig(subspace_frac_grads=0.05, subspace_frac_updates=0.05, subspace_frac_random=0.2, direction_str=sd, random_proj=True, random_proj_dim_frac=1, inner_use_full_grad=True, orth_P_k=True, beta=0.001, tau=0.5, c_const=inf, N_try=200, alpha_max=100, p_const=1)"
91f1018d98,180,1,100,1.0,-6084.076106186598,0.5227232506811871,21924.602212251048,21924.602212251048,
91f1018d98,180,2,200,2.0,-6554.114728413645,0.266345103593924,11171.323333844097,11171.323333844097,
91f1018d98,180,3,300,3.0,-8545.678612654343,0.19117380336636422,4009.205240773773,4009.205240773773,
91f1018d98,180,4,400,4.0,-8558.885810706055,0.1549911375335611,6500.799481215652,6500.799481215652,
91f1018d98,180,5,500,5.0,-8838.219666906574,0.08156291012893749,3420.9964020544307,3420.9964020544307,
91f1018d98,180,6,600,6.0,-8968.126290967852,0.09246145722517977,1939.0572994270026,1939.0572994270026,
91f1018d98,180,7,700,7.0,-9008.151072825589,0.07127845980175805,2989.635290603531,2989.635290603531,
91f1018d98,180,8,800,8.0,-9083.040409250896,0.04692565850820881,1968.2047718361423,1968.2047718361423,
91f1018d98,180,9,900,9.0,-9118.951295714054,0.07275217445432015,1525.723681612264,1525.723681612264,
91f1018d98,180,10,1000,10.0,-9120.957825159774,0.07101210728908872,2978.4636565105393,2978.4636565105393,
91f1018d98,180,11,1100,11.0,-9161.255927044718,0.05179989958764372,2172.645260400524,2172.645260400524,
91f1018d98,180,12,1200,12.0,-9196.402301792972,0.03630210322711789,1522.6205677391347,1522.6205677391347,
91f1018d98,180,13,1300,13.0,-9216.625304265533,0.028110200441782984,1179.0272615377212,1179.0272615377212,
91f1018d98,180,14,1400,14.0,-9233.489002453094,0.045082567183425584,945.4499593385535,945.4499593385535,
91f1018d98,180,15,1500,15.0,-9246.373211306789,0.03661897345864995,1535.9110685350925,1535.9110685350925,
91f1018d98,180,16,1600,16.0,-9265.713430406138,0.026694866323998534,1119.663846022124,1119.663846022124,
91f1018d98,180,17,1700,17.0,-9278.860254125999,0.0426903978656927,895.2825326483312,895.2825326483312,
91f1018d98,180,18,1800,18.0,-9285.684326355144,0.03871534259180512,1623.8391629417858,1623.8391629417858,
91f1018d98,180,19,1900,19.0,-9302.031330128446,0.02864786683407366,1201.5786245362244,1201.5786245362244,
91f1018d98,180,20,2000,20.0,-9315.32758903544,0.043190531615935585,905.7710975942254,905.7710975942254,
91f1018d98,180,21,2100,21.0,-9316.874799595542,0.03953811420359899,1658.3487055661205,1658.3487055661205,
91f1018d98,180,22,2200,22.0,-9335.758817454791,0.027573400739551827,1156.5122501550522,1156.5122501550522,
91f1018d98,180,23,2300,23.0,-9346.804135010227,0.02115120055301288,887.1456508430414,887.1456508430414,
91f1018d98,180,24,2400,24.0,-9356.085441279345,0.03403912220407404,713.8521320851833,713.8521320851833,
91f1018d98,180,25,2500,25.0,-9363.356543720272,0.028169699455513817,1181.5228310505943,1181.5228310505943,
91f1018d98,180,26,2600,26.0,-9374.881960574307,0.020722854477120255,869.1795142480336,869.1795142480336,
91f1018d98,180,27,2700,27.0,-9383.09893944838,0.03339265318606303,700.2946941445847,700.2946941445847,
91f1018d98,180,28,2800,28.0,-9388.387279435045,0.02960437293367559,1241.6973981320727,1241.6973981320727,
91f1018d98,180,29,2900,29.0,-9398.800471763863,0.02202661785504875,923.8633137590242,923.8633137590242,
91f1018d98,180,30,3000,30.0,-9407.215771315643,0.03393192015310186,711.6039421291787,711.6039421291787,
91f1018d98,180,31,3100,31.0,-9410.084759442485,0.030369690336901352,1273.7971365882668,1273.7971365882668,
91f1018d98,180,32,3200,32.0,-9421.691731298612,0.021611475851429262,906.4509960955313,906.4509960955313,
91f1018d98,180,33,3300,33.0,-9429.140749441016,0.03362987915430554,705.2696832821017,705.2696832821017,
91f1018d98,180,34,3400,34.0,-9430.467626906699,0.03215038542388183,1348.484901849292,1348.484901849292,
91f1018d98,180,35,3500,35.0,-9440.87796885959,0.023425658283398206,982.5433224069016,982.5433224069016,
91f1018d98,180,36,3600,36.0,-9449.00096232817,0.01739465029026652,729.5845129106601,729.5845129106601,
91f1018d98,180,37,3700,37.0,-9454.977214767996,0.028219826456106677,591.8126549207701,591.8126549207701,
91f1018d98,180,38,3800,38.0,-9459.311050283837,0.0246079493365662,1032.1322033415702,1032.1322033415702,
91f1018d98,180,39,3900,39.0,-9466.869537218292,0.018403229901242563,771.8874078770127,771.8874078770127,
91f1018d98,180,40,4000,40.0,-9472.981195111028,0.02872506783529363,602.4083346092173,602.4083346092173,
91f1018d98,180,41,4100,41.0,-9475.79249349574,0.025377351689625755,1064.4032770120405,1064.4032770120405,
91f1018d98,180,42,4200,42.0,-9484.095037802228,0.018276753752027718,766.5826136914485,766.5826136914485,
91f1018d98,180,43,4300,43.0,-9489.680673617364,0.028686161359715162,601.5924066784937,601.5924066784937,
91f1018d98,180,44,4400,44.0,-9491.415508099855,0.02688064679501837,1127.4560437493274,1127.4560437493274,
91f1018d98,180,45,4500,45.0,-9499.114878019605,0.019682502175607672,825.5439760516,825.5439760516,
91f1018d98,180,46,4600,46.0,-9505.110033393463,0.029655896672738578,621.9292301902703,621.9292301902703,
91f1018d98,180,47,4700,47.0,-9505.233907566075,0.027808249217755446,1166.362509270285,1166.362509270285,
91f1018d98,180,48,4800,48.0,-9514.141694468917,0.019537655519342133,819.4686669539883,819.4686669539883,
91f1018d98,180,49,4900,49.0,-9519.567469044834,0.014899978034570709,624.9503747031206,624.9503747031206,
91f1018d98,180,50,5000,50.0,-9524.062283506139,0.023995796551026342,503.2283272857802,503.2283272857802,
91f1018d98,180,51,5100,51.0,-9527.454572199296,0.0202223060036813,848.1849896046447,848.1849896046447,
91f1018d98,180,52,5200,52.0,-9533.232361821596,0.01494556224789052,626.862315185762,626.862315185762,
91f1018d98,180,53,5300,53.0,-9537.450807208736,0.024040478223990865,504.165369883989,504.165369883989,
91f1018d98,180,54,5400,54.0,-9540.078838526542,0.0213849946112594,896.951684379838,896.951684379838,
91f1018d98,180,55,5500,55.0,-9545.59673112194,0.01590641691823473,667.1634810581955,667.1634810581955,
91f1018d98,180,56,5600,56.0,-9549.987406127448,0.024696994840417638,517.9335212357154,517.9335212357154,
91f1018d98,180,57,5700,57.0,-9551.579519686673,0.02224508976425377,933.0266897856866,933.0266897856866,
91f1018d98,180,58,5800,58.0,-9557.717208982649,0.01599105138912134,670.713308055972,670.713308055972,
91f1018d98,180,59,5900,59.0,-9561.824134873801,0.024924337653791553,522.701245593243,522.701245593243,
91f1018d98,180,60,6000,60.0,-9562.633765261602,0.023709558592048395,994.4509644086291,994.4509644086291,
91f1018d98,180,61,6100,61.0,-9568.47051087117,0.017295158208208976,725.411512533237,725.411512533237,
91f1018d98,180,62,6200,62.0,-9572.933589263703,0.01298225318134691,544.5151644753607,544.5151644753607,
91f1018d98,180,63,6300,63.0,-9576.327502600203,0.02118228635178843,444.2247418722582,444.2247418722582,
91f1018d98,180,64,6400,64.0,-9578.954478999167,0.018294011202840466,767.3064436411854,767.3064436411854,
91f1018d98,180,65,6500,65.0,-9583.283363181195,0.013748468077952165,576.6525465322705,576.6525465322705,
91f1018d98,180,66,6600,66.0,-9586.776444166167,0.02171672026187107,455.43263330623427,455.43263330623427,
91f1018d98,180,67,6700,67.0,-9588.641124163325,0.019107370726721782,801.4212146857205,801.4212146857205,
91f1018d98,180,68,6800,68.0,-9593.37629955168,0.01392504775959818,584.0588351827365,584.0588351827365,
91f1018d98,180,69,6900,69.0,-9596.698128219721,0.021982358634582113,461.00347375231166,461.00347375231166,
91f1018d98,180,70,7000,70.0,-9597.937790603308,0.020383590340846473,854.9497450097373,854.9497450097373,
91f1018d98,180,71,7100,71.0,-9602.5290601242,0.014983490145783733,628.4531265242133,628.4531265242133,
91f1018d98,180,72,7200,72.0,-9606.077132096123,0.02284603787377296,479.116140190587,479.116140190587,
91f1018d98,180,73,7300,73.0,-9606.413416064002,0.021377453358154407,896.6353812992044,896.6353812992044,
91f1018d98,180,74,7400,74.0,-9611.663003494874,0.015195851326349966,637.3602000151493,637.3602000151493,
91f1018d98,180,75,7500,75.0,-9615.01685451258,0.011640363728291284,488.2322414702706,488.2322414702706,
91f1018d98,180,76,7600,76.0,-9617.798324170159,0.0188959844181634,396.2775151452022,396.2775151452022,
91f1018d98,180,77,7700,77.0,-9620.006102325859,0.015903193069074024,667.0282630238943,667.0282630238943,
91f1018d98,180,78,7800,78.0,-9623.588055691564,0.011848870203360853,496.97763689437255,496.97763689437255,
91f1018d98,180,79,7900,79.0,-9626.26687743255,0.019128914445878453,401.16241188002886,401.16241188002886,
91f1018d98,180,80,8000,80.0,-9627.998331192115,0.016943327886652884,710.6546792829974,710.6546792829974,
91f1018d98,180,81,8100,81.0,-9631.524135585303,0.012640549300967755,530.1830649524627,530.1830649524627,
91f1018d98,180,82,8200,82.0,-9634.319874201217,0.019766509462027376,414.53374851309644,414.53374851309644,
91f1018d98,180,83,8300,83.0,-9635.411738610057,0.017830089880865353,747.8481730767306,747.8481730767306,
91f1018d98,180,84,8400,84.0,-9639.32929283049,0.012912277302565271,541.5801633925875,541.5801633925875,
91f1018d98,180,85,8500,85.0,-9642.018879541181,0.020167358061589254,422.94015293577996,422.94015293577996,
91f1018d98,180,86,8600,86.0,-9642.566730271516,0.019150379983975386,803.2251536830788,803.2251536830788,
91f1018d98,180,87,8700,87.0,-9646.420830713867,0.0139913335390325,586.8390622809819,586.8390622809819,
91f1018d98,180,88,8800,88.0,-9649.339237181577,0.010564152934077546,443.0926890801322,443.0926890801322,
91f1018d98,180,89,8900,89.0,-9651.594182013801,0.017275486457055362,362.29320974386553,362.29320974386553,
91f1018d98,180,90,9000,90.0,-9653.354148940572,0.014907678378795013,625.2733505489347,625.2733505489347,
91f1018d98,180,91,9100,91.0,-9656.251475883597,0.011226830605327654,470.88740515248236,470.88740515248236,
91f1018d98,180,92,9200,92.0,-9658.582998477797,0.017812023086274067,373.5451983942585,373.5451983942585,
91f1018d98,180,93,9300,93.0,-9659.841453386407,0.01573117562829871,659.8133286247579,659.8133286247579,
91f1018d98,180,94,9400,94.0,-9663.019246768952,0.011520980952131195,483.2249649144768,483.2249649144768,
91f1018d98,180,95,9500,95.0,-9665.283754596552,0.018196889728384975,381.61643687662036,381.61643687662036,
91f1018d98,180,96,9600,96.0,-9666.093194852892,0.016906852494058888,709.1247904324115,709.1247904324115,
91f1018d98,180,97,9700,97.0,-9669.256699918327,0.01243678656574104,521.6366363983393,521.6366363983393,
91f1018d98,180,98,9800,98.0,-9671.681335990428,0.019021709380773272,398.9141587130745,398.9141587130745,
91f1018d98,180,99,9900,99.0,-9671.858013363426,0.01792065183019537,751.6466165399577,751.6466165399577,
91f1018d98,180,100,10000,100.0,-9675.480106019999,0.012793519401875722,536.5990960136497,536.5990960136497,
91f1018d98,180,101,10100,101.0,-9677.828095809731,0.0097903532889641,410.63717961315297,410.63717961315297,
91f1018d98,180,102,10200,102.0,-9679.765173094924,0.01588303179785927,333.09131900944163,333.09131900944163,
91f1018d98,180,103,10300,103.0,-9681.23643477188,0.013514220492723716,566.8274906951308,566.8274906951308,
91f1018d98,180,104,10400,104.0,-9683.76393343112,0.010073701116887783,422.521648893669,422.521648893669,
91f1018d98,180,105,10500,105.0,-9685.65870280547,0.01621095728712085,339.9684149660005,339.9684149660005,
91f1018d98,180,106,10600,106.0,-9686.777396755067,0.014506875493916906,608.4624591163767,608.4624591163767,
91f1018d98,180,107,10700,107.0,-9689.31535786307,0.01080283796592674,453.10386491838415,453.10386491838415,
91f1018d98,180,108,10800,108.0,-9691.307540573627,0.01686192096718275,353.62011280169224,353.62011280169224,
91f1018d98,180,109,10900,109.0,-9691.95308687384,0.01541106665421633,646.3869851204618,646.3869851204618,
91f1018d98,180,110,11000,110.0,-9694.795168768027,0.011163173221437917,468.2174209536995,468.2174209536995,
91f1018d98,180,111,11100,111.0,-9696.745443999851,0.01735843657568726,364.03279981575673,364.03279981575673,
91f1018d98,180,112,11200,112.0,-9696.959811912498,0.01667582518881121,699.4348029273157,699.4348029273157,
91f1018d98,180,113,11300,113.0,-9699.819166239657,0.012156742296943142,509.8907284303782,509.8907284303782,
91f1018d98,180,114,11400,114.0,-9701.95163578172,0.009156074785917618,384.033610988734,384.033610988734,
91f1018d98,180,115,11500,115.0,-9703.59220076971,0.014887904750283234,312.22199222866016,312.22199222866016,
91f1018d98,180,116,11600,116.0,-9704.74678382316,0.013050248782638652,547.367106700164,547.367106700164,
91f1018d98,180,117,11700,117.0,-9706.899785542522,0.009790132035066908,410.6278995520925,410.6278995520925,
91f1018d98,180,118,11800,118.0,-9708.611632488428,0.015455907057798982,324.1338639807724,324.1338639807724,
91f1018d98,180,119,11900,119.0,-9709.379772560857,0.013891764503237234,582.6628342298593,582.6628342298593,
91f1018d98,180,120,12000,120.0,-9711.766356378752,0.010149042464461718,425.68169404861624,425.68169404861624,
91f1018d98,180,121,12100,121.0,-9713.452960186047,0.015921879575171414,333.9060159482988,333.9060159482988,
91f1018d98,180,122,12200,122.0,-9713.856331602856,0.015039423596380599,630.7991454799353,630.7991454799353,
91f1018d98,180,123,12300,123.0,-9716.277163165223,0.011021454317808157,462.27329931000014,462.27329931000014,
91f1018d98,180,124,12400,124.0,-9718.101745314445,0.008382867700790622,351.602955288969,351.602955288969,
91f1018d98,180,125,12500,125.0,-9719.537083035833,0.01376391917404177,288.6503062368005,288.6503062368005,
91f1018d98,180,126,12600,126.0,-9720.689640446088,0.011830369252642086,496.2016507783373,496.2016507783373,
91f1018d98,180,127,12700,127.0,-9722.539092659248,0.008939800384552195,374.9624051212883,374.9624051212883,
91f1018d98,180,128,12800,128.0,-9724.027714406426,0.014263548263772354,299.12828768466716,299.12828768466716,
91f1018d98,180,129,12900,129.0,-9724.860557216627,0.012612992503319757,529.0272490864409,529.0272490864409,
91f1018d98,180,130,13000,130.0,-9726.893031031745,0.009289812399260022,389.64297305465914,389.64297305465914,
91f1018d98,180,131,13100,131.0,-9728.366714523094,0.014698086629498893,308.2412177122687,308.2412177122687,
91f1018d98,180,132,13200,132.0,-9728.889156440686,0.013659454169201805,572.919032596998,572.919032596998,
91f1018d98,180,133,13300,133.0,-9730.963522660593,0.01006297660848881,422.07183040891044,422.07183040891044,
91f1018d98,180,134,13400,134.0,-9732.543826279356,0.01544999958493797,324.0099752955185,324.0099752955185,
91f1018d98,180,135,13500,135.0,-9732.639816644942,0.014635291697082315,613.8486250623915,613.8486250623915,
91f1018d98,180,136,13600,136.0,-9735.01750908428,0.010497202618804345,440.2845893286156,440.2845893286156,
91f1018d98,180,137,13700,137.0,-9736.583714572726,0.008031106429096532,336.8490181998529,336.8490181998529,
91f1018d98,180,138,13800,138.0,-9737.870290522367,0.0130304070053267,273.26744112034874,273.26744112034874,
91f1018d98,180,139,13900,139.0,-9738.809557753451,0.011194495032704194,469.5311529365132,469.5311529365132,
91f1018d98,180,140,14000,140.0,-9740.50760840059,0.008353595287637744,350.3751812932015,350.3751812932015,
91f1018d98,180,141,14100,141.0,-9741.785292468066,0.013407978957098155,281.18569885836314,281.18569885836314,
91f1018d98,180,142,14200,142.0,-9742.472065344415,0.012109971456210067,507.92901718667684,507.92901718667684,
91f1018d98,180,143,14300,143.0,-9744.211843372821,0.009005466382145846,377.7166366849987,377.7166366849987,
91f1018d98,180,144,14400,144.0,-9745.564138153555,0.014038027291826486,294.3987701110852,294.3987701110852,
91f1018d98,180,145,14500,145.0,-9745.913641432046,0.012990953843539862,544.8800966977466,544.8800966977466,
91f1018d98,180,146,14600,146.0,-9747.876152885598,0.009416914616004655,394.974026415668,394.974026415668,
91f1018d98,180,147,14700,147.0,-9749.224019786365,0.014584498423578994,305.8591003800553,305.8591003800553,
91f1018d98,180,148,14800,148.0,-9749.244554468323,0.014164909565849974,594.1193685168282,594.1193685168282,
91f1018d98,180,149,14900,149.0,-9751.265903852373,0.01030690719546651,432.3030207757397,432.3030207757397,
91f1018d98,180,150,15000,150.0,-9752.749894989036,0.007747086773347229,324.9363704179737,324.9363704179737,
91f1018d98,180,151,15100,151.0,-9753.887355257042,0.012528116938055521,262.7336549287699,262.7336549287699,
91f1018d98,180,152,15200,152.0,-9754.596406076094,0.011149980533290846,467.66407950703916,467.66407950703916,
91f1018d98,180,153,15300,153.0,-9756.121568945178,0.008334918114813593,349.5918038863513,349.5918038863513,
91f1018d98,180,154,15400,154.0,-9757.318907607418,0.013097619518673678,274.6769896882553,274.6769896882553,
91f1018d98,180,155,15500,155.0,-9757.740726119888,0.01197746154173571,502.3711485434823,502.3711485434823,
91f1018d98,180,156,15600,156.0,-9759.44886445352,0.008733429065398219,366.3065646271603,366.3065646271603,
91f1018d98,180,157,15700,157.0,-9760.646924987745,0.01361146151408235,285.45303737180836,285.45303737180836,
91f1018d98,180,158,15800,158.0,-9760.78235650834,0.013064597262324219,547.9689255575553,547.9689255575553,
91f1018d98,180,159,15900,159.0,-9762.550796573976,0.009540885275760169,400.1737327566198,400.1737327566198,
91f1018d98,180,160,16000,160.0,-9763.859797376825,0.007220461539515805,302.848107170373,302.848107170373,
91f1018d98,180,161,16100,161.0,-9764.879609081165,0.01175872886436191,246.59841755354302,246.59841755354302,
91f1018d98,180,162,16200,162.0,-9765.593181307504,0.010320752040947229,432.88371568353114,432.88371568353114,
91f1018d98,180,163,16300,163.0,-9766.941672981262,0.00775412858997327,325.2317256143926,325.2317256143926,
91f1018d98,180,164,16400,164.0,-9768.010298583862,0.012276554863258583,257.4580158459247,257.4580158459247,
91f1018d98,180,165,16500,165.0,-9768.47702320838,0.011098990318547282,465.52539489044136,465.52539489044136,
91f1018d98,180,166,16600,166.0,-9769.9778788121,0.008137910414567384,341.3287020346164,341.3287020346164,
91f1018d98,180,167,16700,167.0,-9771.05040133856,0.012759559813352594,267.5873638169202,267.5873638169202,
91f1018d98,180,168,16800,168.0,-9771.266411020333,0.012109592847537813,507.91313718799273,507.91313718799273,
91f1018d98,180,169,16900,169.0,-9772.826577030079,0.008875085853003499,372.24808093595976,372.24808093595976,
91f1018d98,180,170,17000,170.0,-9773.990794608075,0.006759893831518409,283.53049737112997,283.53049737112997,
91f1018d98,180,171,17100,171.0,-9774.910932117387,0.011081016422274109,232.38575752004985,232.38575752004985,
91f1018d98,180,172,17200,172.0,-9775.6173834984,0.009599288148095285,402.62332676708655,402.62332676708655,
91f1018d98,180,173,17300,173.0,-9776.818828236042,0.0072473149664825575,303.9744215317766,303.9744215317766,
91f1018d98,180,174,17400,174.0,-9777.779327023834,0.011554428945215125,242.313937713158,242.313937713158,
91f1018d98,180,175,17500,175.0,-9778.271875775208,0.010332374814011317,433.37121011906896,433.37121011906896,
91f1018d98,180,176,17600,176.0,-9779.601749463307,0.007615617721265753,319.4221587077583,319.4221587077583,
91f1018d98,180,177,17700,177.0,-9780.568061209755,0.012008678955640228,251.8402508917883,251.8402508917883,
91f1018d98,180,178,17800,178.0,-9780.83990879785,0.01127519839409643,472.9160972515222,472.9160972515222,
91f1018d98,180,179,17900,179.0,-9782.22677504382,,347.80953113468854,347.80953113468854,
ebd43b3115,180,0,0,0.0,-0.020382972047095268,1.1302191417984637,46.29377604806508,46.29377604806508,"ProjectedCommonDirectionsConfig(subspace_frac_grads=0.05, subspace_frac_updates=0.05, subspace_frac_random=0.2, direction_str=sd, random_proj=True, random_proj_dim_frac=1, inner_use_full_grad=True, orth_P_k=True, beta=0.001, tau=0.5, c_const=inf, N_try=200, alpha_max=100, p_const=1)"
ebd43b3115,180,1,100,1.0,-6084.0761061866,0.5227232506811866,21924.602212251037,21924.602212251037,
ebd43b3115,180,2,200,2.0,-6554.114728413647,0.26634510359392394,11171.323333844095,11171.323333844095,
ebd43b3115,180,3,300,3.0,-8545.678612654343,0.19117380336636405,4009.2052407737674,4009.2052407737674,
ebd43b3115,180,4,400,4.0,-8558.885810706057,0.15499113753356064,6500.799481215633,6500.799481215633,
ebd43b3115,180,5,500,5.0,-8838.219666906574,0.08156291012893699,3420.99640205441,3420.99640205441,
ebd43b3115,180,6,600,6.0,-8968.12629096785,0.09246145722517936,1939.057299426994,1939.057299426994,
ebd43b3115,180,7,700,7.0,-9008.151072825589,0.07127845980175755,2989.6352906035086,2989.6352906035086,
ebd43b3115,180,8,800,8.0,-9083.040409250896,0.04692565850820854,1968.2047718361325,1968.2047718361325,
ebd43b3115,180,9,900,9.0,-9118.951295714054,0.07275217445431986,1525.7236816122577,1525.7236816122577,
ebd43b3115,180,10,1000,10.0,-9120.957825159776,0.0710121072890881,2978.4636565105143,2978.4636565105143,
ebd43b3115,180,11,1100,11.0,-9161.25592704472,0.05179989958764325,2172.6452604005053,2172.6452604005053,
ebd43b3115,180,12,1200,12.0,-9196.402301792972,0.03630210322711759,1522.6205677391229,1522.6205677391229,
ebd43b3115,180,13,1300,13.0,-9216.625304265535,0.028110200441782734,1179.027261537711,1179.027261537711,
ebd43b3115,180,14,1400,14.0,-9233.489002453096,0.045082567183425334,945.4499593385484,945.4499593385484,
ebd43b3115,180,15,1500,15.0,-9246.37321130679,0.03661897345864957,1535.911068535077,1535.911068535077,
ebd43b3115,180,16,1600,16.0,-9265.713430406138,0.026694866323998354,1119.6638460221163,1119.6638460221163,
ebd43b3115,180,17,1700,17.0,-9278.860254125999,0.04269039786569256,895.2825326483287,895.2825326483287,
ebd43b3115,180,18,1800,18.0,-9285.684326355144,0.038715342591804765,1623.8391629417708,1623.8391629417708,
ebd43b3115,180,19,1900,19.0,-9302.031330128448,0.028647866834073204,1201.578624536206,1201.578624536206,
ebd43b3115,180,20,2000,20.0,-9315.32758903544,0.04319053161593484,905.77109759421,905.77109759421,
ebd43b3115,180,21,2100,21.0,-9316.874799595544,0.03953811420359798,1658.3487055660787,1658.3487055660787,
ebd43b3115,180,22,2200,22.0,-9335.758817454791,0.02757340073955129,1156.5122501550293,1156.5122501550293,
ebd43b3115,180,23,2300,23.0,-9346.804135010227,0.021151200553012523,887.1456508430264,887.1456508430264,
ebd43b3115,180,24,2400,24.0,-9356.085441279345,0.034039122204073284,713.8521320851672,713.8521320851672,
ebd43b3115,180,25,2500,25.0,-9363.35654372027,0.02816969945551246,1181.522831050537,1181.522831050537,
ebd43b3115,180,26,2600,26.0,-9374.881960574305,0.020722854477119503,869.1795142480025,869.1795142480025,
ebd43b3115,180,27,2700,27.0,-9383.09893944838,0.03339265318606208,700.2946941445649,700.2946941445649,
ebd43b3115,180,28,2800,28.0,-9388.387279435043,0.02960437293367413,1241.6973981320111,1241.6973981320111,
ebd43b3115,180,29,2900,29.0,-9398.800471763861,0.022026617855048006,923.8633137589926,923.8633137589926,
ebd43b3115,180,30,3000,30.0,-9407.215771315643,0.03393192015310088,711.6039421291583,711.6039421291583,
ebd43b3115,180,31,3100,31.0,-9410.084759442485,0.030369690336899784,1273.7971365882015,1273.7971365882015,
ebd43b3115,180,32,3200,32.0,-9421.691731298613,0.0216114758514282,906.4509960954877,906.4509960954877,
ebd43b3115,180,33,3300,33.0,-9429.140749441018,0.033629879154303835,705.2696832820659,705.2696832820659,
ebd43b3115,180,34,3400,34.0,-9430.467626906699,0.03215038542387918,1348.4849018491814,1348.4849018491814,
ebd43b3115,180,35,3500,35.0,-9440.877968859591,0.023425658283396614,982.5433224068352,982.5433224068352,
ebd43b3115,180,36,3600,36.0,-9449.000962328168,0.017394650290265608,729.5845129106219,729.5845129106219,
ebd43b3115,180,37,3700,37.0,-9454.977214767994,0.028219826456105546,591.8126549207461,591.8126549207461,
ebd43b3115,180,38,3800,38.0,-9459.311050283839,0.024607949336564516,1032.1322033414988,1032.1322033414988,
ebd43b3115,180,39,3900,39.0,-9466.869537218292,0.01840322990124163,771.8874078769738,771.8874078769738,
ebd43b3115,180,40,4000,40.0,-9472.981195111028,0.028725067835292568,602.4083346091944,602.4083346091944,
ebd43b3115,180,41,4100,41.0,-9475.792493495741,0.025377351689624204,1064.403277011976,1064.403277011976,
ebd43b3115,180,42,4200,42.0,-9484.09503780223,0.018276753752026746,766.5826136914076,766.5826136914076,
ebd43b3115,180,43,4300,43.0,-9489.680673617366,0.028686161359713924,601.5924066784678,601.5924066784678,
ebd43b3115,180,44,4400,44.0,-9491.415508099857,0.026880646795016325,1127.456043749241,1127.456043749241,
ebd43b3115,180,45,4500,45.0,-9499.114878019604,0.019682502175606124,825.5439760515346,825.5439760515346,
ebd43b3115,180,46,4600,46.0,-9505.110033393465,0.029655896672736624,621.9292301902293,621.9292301902293,
ebd43b3115,180,47,4700,47.0,-9505.233907566078,0.027808249217752743,1166.362509270172,1166.362509270172,
ebd43b3115,180,48,4800,48.0,-9514.141694468917,0.019537655519340533,819.4686669539208,819.4686669539208,
ebd43b3115,180,49,4900,49.0,-9519.567469044838,0.014899978034569796,624.9503747030823,624.9503747030823,
ebd43b3115,180,50,5000,50.0,-9524.062283506142,0.023995796551025426,503.22832728576043,503.22832728576043,
ebd43b3115,180,51,5100,51.0,-9527.454572199296,0.02022230600367994,848.1849896045878,848.1849896045878,
ebd43b3115,180,52,5200,52.0,-9533.232361821596,0.014945562247889836,626.862315185733,626.862315185733,
ebd43b3115,180,53,5300,53.0,-9537.450807208737,0.024040478223990035,504.1653698839714,504.1653698839714,
ebd43b3115,180,54,5400,54.0,-9540.078838526544,0.021384994611258142,896.9516843797844,896.9516843797844,
ebd43b3115,180,55,5500,55.0,-9545.596731121941,0.01590641691823393,667.1634810581629,667.1634810581629,
ebd43b3115,180,56,5600,56.0,-9549.987406127448,0.0246969948404166,517.9335212356939,517.9335212356939,
ebd43b3115,180,57,5700,57.0,-9551.579519686675,0.022245089764252466,933.0266897856319,933.0266897856319,
ebd43b3115,180,58,5800,58.0,-9557.717208982649,0.015991051389120926,670.7133080559547,670.7133080559547,
ebd43b3115,180,59,5900,59.0,-9561.824134873801,0.024924337653791487,522.7012455932413,522.7012455932413,
ebd43b3115,180,60,6000,60.0,-9562.633765261602,0.023709558592048513,994.4509644086346,994.4509644086346,
ebd43b3115,180,61,6100,61.0,-9568.47051087117,0.01729515820820903,725.4115125332397,725.4115125332397,
ebd43b3115,180,62,6200,62.0,-9572.933589263701,0.01298225318134671,544.5151644753522,544.5151644753522,
ebd43b3115,180,63,6300,63.0,-9576.327502600203,0.021182286351788048,444.2247418722502,444.2247418722502,
ebd43b3115,180,64,6400,64.0,-9578.954478999167,0.01829401120283981,767.3064436411581,767.3064436411581,
ebd43b3115,180,65,6500,65.0,-9583.283363181195,0.013748468077951683,576.6525465322505,576.6525465322505,
ebd43b3115,180,66,6600,66.0,-9586.776444166167,0.021716720261870433,455.4326333062209,455.4326333062209,
ebd43b3115,180,67,6700,67.0,-9588.641124163327,0.019107370726720942,801.4212146856853,801.4212146856853,
ebd43b3115,180,68,6800,68.0,-9593.376299551683,0.013925047759597787,584.0588351827206,584.0588351827206,
ebd43b3115,180,69,6900,69.0,-9596.698128219721,0.02198235863458172,461.00347375230325,461.00347375230325,
ebd43b3115,180,70,7000,70.0,-9597.937790603308,0.020383590340845872,854.9497450097117,854.9497450097117,
ebd43b3115,180,71,7100,71.0,-9602.5290601242,0.014983490145783228,628.4531265241916,628.4531265241916,
ebd43b3115,180,72,7200,72.0,-9606.077132096121,0.022846037873772356,479.1161401905744,479.1161401905744,
ebd43b3115,180,73,7300,73.0,-9606.413416064004,0.02137745335815352,896.6353812991673,896.6353812991673,
ebd43b3115,180,74,7400,74.0,-9611.663003494874,0.015195851326349331,637.3602000151227,637.3602000151227,
ebd43b3115,180,75,7500,75.0,-9615.01685451258,0.011640363728290973,488.2322414702574,488.2322414702574,
ebd43b3115,180,76,7600,76.0,-9617.79832417016,0.018895984418163057,396.277515145195,396.277515145195,
ebd43b3115,180,77,7700,77.0,-9620.006102325857,0.015903193069073344,667.0282630238659,667.0282630238659,
ebd43b3115,180,78,7800,78.0,-9623.588055691564,0.01184887020336033,496.97763689435055,496.97763689435055,
ebd43b3115,180,79,7900,79.0,-9626.26687743255,0.019128914445877873,401.1624118800168,401.1624118800168,
ebd43b3115,180,80,8000,80.0,-9627.998331192117,0.016943327886651986,710.6546792829597,710.6546792829597,
ebd43b3115,180,81,8100,81.0,-9631.524135585303,0.012640549300967367,530.1830649524464,530.1830649524464,
ebd43b3115,180,82,8200,82.0,-9634.319874201217,0.019766509462027383,414.5337485130964,414.5337485130964,
ebd43b3115,180,83,8300,83.0,-9635.411738610057,0.017830089880865447,747.848173076735,747.848173076735,
ebd43b3115,180,84,8400,84.0,-9639.32929283049,0.012912277302565243,541.5801633925864,541.5801633925864,
ebd43b3115,180,85,8500,85.0,-9642.018879541181,0.02016735806158902,422.94015293577525,422.94015293577525,
ebd43b3115,180,86,8600,86.0,-9642.566730271516,0.01915037998397484,803.2251536830557,803.2251536830557,
ebd43b3115,180,87,8700,87.0,-9646.420830713869,0.013991333539031928,586.8390622809584,586.8390622809584,
ebd43b3115,180,88,8800,88.0,-9649.339237181577,0.010564152934077066,443.0926890801118,443.0926890801118,
ebd43b3115,180,89,8900,89.0,-9651.594182013801,0.017275486457054477,362.29320974384706,362.29320974384706,
ebd43b3115,180,90,9000,90.0,-9653.354148940572,0.014907678378793211,625.2733505488585,625.2733505488585,
ebd43b3115,180,91,9100,91.0,-9656.251475883602,0.011226830605326314,470.88740515242586,470.88740515242586,
ebd43b3115,180,92,9200,92.0,-9658.582998477797,0.01781202308627242,373.5451983942236,373.5451983942236,
ebd43b3115,180,93,9300,93.0,-9659.841453386412,0.01573117562829609,659.8133286246482,659.8133286246482,
ebd43b3115,180,94,9400,94.0,-9663.019246768954,0.011520980952129544,483.2249649144072,483.2249649144072,
ebd43b3115,180,95,9500,95.0,-9665.283754596552,0.01819688972838303,381.61643687657937,381.61643687657937,
ebd43b3115,180,96,9600,96.0,-9666.09319485289,0.016906852494055626,709.1247904322753,709.1247904322753,
ebd43b3115,180,97,9700,97.0,-9669.25669991833,0.012436786565738593,521.6366363982364,521.6366363982364,
ebd43b3115,180,98,9800,98.0,-9671.68133599043,0.019021709380770097,398.91415871300785,398.91415871300785,
ebd43b3115,180,99,9900,99.0,-9671.858013363428,0.017920651830191023,751.6466165397754,751.6466165397754,
ebd43b3115,180,100,10000,100.0,-9675.480106019997,0.01279351940187327,536.5990960135466,536.5990960135466,
ebd43b3115,180,101,10100,101.0,-9677.828095809731,0.009790353288962616,410.6371796130905,410.6371796130905,
ebd43b3115,180,102,10200,102.0,-9679.765173094922,0.015883031797857237,333.09131900939923,333.09131900939923,
ebd43b3115,180,103,10300,103.0,-9681.23643477188,0.013514220492720176,566.8274906949819,566.8274906949819,
ebd43b3115,180,104,10400,104.0,-9683.763933431119,0.01007370111688548,422.52164889357215,422.52164889357215,
ebd43b3115,180,105,10500,105.0,-9685.65870280547,0.01621095728711803,339.96841496594146,339.96841496594146,
ebd43b3115,180,106,10600,106.0,-9686.777396755067,0.01450687549391207,608.4624591161737,608.4624591161737,
ebd43b3115,180,107,10700,107.0,-9689.315357863068,0.010802837965923446,453.1038649182459,453.1038649182459,
ebd43b3115,180,108,10800,108.0,-9691.307540573625,0.016861920967179117,353.62011280161613,353.62011280161613,
ebd43b3115,180,109,10900,109.0,-9691.953086873844,0.015411066654210919,646.386985120235,646.386985120235,
ebd43b3115,180,110,11000,110.0,-9694.795168768029,0.011163173221434548,468.2174209535579,468.2174209535579,
ebd43b3115,180,111,11100,111.0,-9696.745443999853,0.017358436575683346,364.0327998156747,364.0327998156747,
ebd43b3115,180,112,11200,112.0,-9696.9598119125,0.016675825188805334,699.4348029270695,699.4348029270695,
ebd43b3115,180,113,11300,113.0,-9699.819166239657,0.01215674229693929,509.8907284302162,509.8907284302162,
ebd43b3115,180,114,11400,114.0,-9701.951635781717,0.009156074785915272,384.03361098863576,384.03361098863576,
ebd43b3115,180,115,11500,115.0,-9703.59220076971,0.014887904750280378,312.2219922286,312.2219922286,
ebd43b3115,180,116,11600,116.0,-9704.746783823157,0.013050248782633658,547.3671066999548,547.3671066999548,
ebd43b3115,180,117,11700,117.0,-9706.899785542526,0.009790132035063504,410.62789955194995,410.62789955194995,
ebd43b3115,180,118,11800,118.0,-9708.61163248843,0.01545590705779454,324.1338639806793,324.1338639806793,
ebd43b3115,180,119,11900,119.0,-9709.379772560858,0.013891764503230188,582.6628342295638,582.6628342295638,
ebd43b3115,180,120,12000,120.0,-9711.766356378757,0.010149042464457615,425.6816940484441,425.6816940484441,
ebd43b3115,180,121,12100,121.0,-9713.452960186052,0.015921879575166716,333.90601594820043,333.90601594820043,
ebd43b3115,180,122,12200,122.0,-9713.856331602865,0.015039423596373357,630.7991454796314,630.7991454796314,
ebd43b3115,180,123,12300,123.0,-9716.277163165223,0.011021454317803308,462.27329930979676,462.27329930979676,
ebd43b3115,180,124,12400,124.0,-9718.101745314445,0.008382867700787618,351.60295528884313,351.60295528884313,
ebd43b3115,180,125,12500,125.0,-9719.537083035835,0.01376391917403848,288.6503062367315,288.6503062367315,
ebd43b3115,180,126,12600,126.0,-9720.689640446088,0.0118303692526367,496.2016507781111,496.2016507781111,
ebd43b3115,180,127,12700,127.0,-9722.53909265925,0.008939800384548887,374.9624051211491,374.9624051211491,
ebd43b3115,180,128,12800,128.0,-9724.027714406426,0.01426354826376882,299.12828768459326,299.12828768459326,
ebd43b3115,180,129,12900,129.0,-9724.860557216627,0.012612992503314489,529.0272490862197,529.0272490862197,
ebd43b3115,180,130,13000,130.0,-9726.893031031745,0.009289812399256803,389.642973054524,389.642973054524,
ebd43b3115,180,131,13100,131.0,-9728.36671452309,0.014698086629494492,308.2412177121763,308.2412177121763,
ebd43b3115,180,132,13200,132.0,-9728.889156440688,0.013659454169194564,572.9190325966944,572.9190325966944,
ebd43b3115,180,133,13300,133.0,-9730.963522660591,0.010062976608483966,422.07183040870734,422.07183040870734,
ebd43b3115,180,134,13400,134.0,-9732.543826279356,0.015449999584932228,324.00997529539785,324.00997529539785,
ebd43b3115,180,135,13500,135.0,-9732.639816644949,0.014635291697074237,613.8486250620527,613.8486250620527,
ebd43b3115,180,136,13600,136.0,-9735.017509084284,0.010497202618799342,440.28458932840556,440.28458932840556,
ebd43b3115,180,137,13700,137.0,-9736.583714572727,0.008031106429093594,336.84901819972964,336.84901819972964,
ebd43b3115,180,138,13800,138.0,-9737.870290522367,0.013030407005323624,273.2674411202845,273.2674411202845,
ebd43b3115,180,139,13900,139.0,-9738.809557753453,0.011194495032699415,469.5311529363128,469.5311529363128,
ebd43b3115,180,140,14000,140.0,-9740.507608400592,0.00835359528763486,350.3751812930805,350.3751812930805,
ebd43b3115,180,141,14100,141.0,-9741.785292468068,0.013407978957094554,281.1856988582875,281.1856988582875,
ebd43b3115,180,142,14200,142.0,-9742.472065344413,0.012109971456204537,507.9290171864454,507.9290171864454,
ebd43b3115,180,143,14300,143.0,-9744.211843372823,0.009005466382142585,377.71663668486184,377.71663668486184,
ebd43b3115,180,144,14400,144.0,-9745.564138153552,0.014038027291822802,294.39877011100776,294.39877011100776,
ebd43b3115,180,145,14500,145.0,-9745.913641432047,0.012990953843534638,544.880096697527,544.880096697527,
ebd43b3115,180,146,14600,146.0,-9747.876152885598,0.009416914616001535,394.9740264155369,394.9740264155369,
ebd43b3115,180,147,14700,147.0,-9749.224019786365,0.0145844984235754,305.85910037998013,305.85910037998013,
ebd43b3115,180,148,14800,148.0,-9749.244554468323,0.014164909565844593,594.1193685166024,594.1193685166024,
ebd43b3115,180,149,14900,149.0,-9751.265903852374,0.010306907195462562,432.30302077557434,432.30302077557434,
ebd43b3115,180,150,15000,150.0,-9752.749894989034,0.007747086773344717,324.9363704178682,324.9363704178682,
ebd43b3115,180,151,15100,151.0,-9753.887355257044,0.012528116938053054,262.7336549287184,262.7336549287184,
ebd43b3115,180,152,15200,152.0,-9754.596406076098,0.01114998053328707,467.664079506881,467.664079506881,
ebd43b3115,180,153,15300,153.0,-9756.121568945178,0.008334918114810902,349.5918038862379,349.5918038862379,
ebd43b3115,180,154,15400,154.0,-9757.31890760742,0.013097619518670202,274.67698968818246,274.67698968818246,
ebd43b3115,180,155,15500,155.0,-9757.74072611989,0.011977461541730358,502.3711485432577,502.3711485432577,
ebd43b3115,180,156,15600,156.0,-9759.448864453518,0.008733429065394828,366.306564627018,366.306564627018,
ebd43b3115,180,157,15700,157.0,-9760.646924987745,0.013611461514078485,285.4530373717273,285.4530373717273,
ebd43b3115,180,158,15800,158.0,-9760.78235650834,0.01306459726231828,547.9689255573061,547.9689255573061,
ebd43b3115,180,159,15900,159.0,-9762.550796573974,0.00954088527575598,400.1737327564441,400.1737327564441,
ebd43b3115,180,160,16000,160.0,-9763.859797376826,0.007220461539512912,302.8481071702518,302.8481071702518,
ebd43b3115,180,161,16100,161.0,-9764.879609081165,0.011758728864358322,246.59841755346775,246.59841755346775,
ebd43b3115,180,162,16200,162.0,-9765.593181307504,0.010320752040941458,432.8837156832894,432.8837156832894,
ebd43b3115,180,163,16300,163.0,-9766.941672981262,0.007754128589969568,325.2317256142372,325.2317256142372,
ebd43b3115,180,164,16400,164.0,-9768.01029858386,0.012276554863254022,257.45801584582887,257.45801584582887,
ebd43b3115,180,165,16500,165.0,-9768.477023208381,0.01109899031854007,465.52539489013884,465.52539489013884,
ebd43b3115,180,166,16600,166.0,-9769.9778788121,0.008137910414562653,341.3287020344181,341.3287020344181,
ebd43b3115,180,167,16700,167.0,-9771.050401338562,0.012759559813346807,267.587363816799,267.587363816799,
ebd43b3115,180,168,16800,168.0,-9771.266411020337,0.012109592847529327,507.91313718763644,507.91313718763644,
ebd43b3115,180,169,16900,169.0,-9772.82657703008,0.008875085852998154,372.2480809357357,372.2480809357357,
ebd43b3115,180,170,17000,170.0,-9773.990794608075,0.006759893831515278,283.53049737099866,283.53049737099866,
ebd43b3115,180,171,17100,171.0,-9774.910932117387,0.011081016422270497,232.3857575199741,232.3857575199741,
ebd43b3115,180,172,17200,172.0,-9775.6173834984,0.009599288148089167,402.6233267668301,402.6233267668301,
ebd43b3115,180,173,17300,173.0,-9776.818828236042,0.007247314966478576,303.9744215316095,303.9744215316095,
ebd43b3115,180,174,17400,174.0,-9777.779327023833,0.011554428945210533,242.3139377130617,242.3139377130617,
ebd43b3115,180,175,17500,175.0,-9778.271875775212,0.010332374814004142,433.37121011876815,433.37121011876815,
ebd43b3115,180,176,17600,176.0,-9779.601749463307,0.007615617721261147,319.4221587075651,319.4221587075651,
ebd43b3115,180,177,17700,177.0,-9780.568061209755,0.012008678955634846,251.84025089167528,251.84025089167528,
ebd43b3115,180,178,17800,178.0,-9780.839908797854,0.011275198394088306,472.91609725118144,472.91609725118144,
ebd43b3115,180,179,17900,179.0,-9782.226775043822,,347.80953113446196,347.80953113446196,
a56cbf6d66,180,0,0,0.0,-0.020382972047095268,1.1302191417984637,46.29377604806508,46.29377604806508,"ProjectedCommonDirectionsConfig(subspace_frac_grads=0.05, subspace_frac_updates=0.05, subspace_frac_random=0.2, direction_str=sd, random_proj=True, random_proj_dim_frac=1, inner_use_full_grad=True, orth_P_k=True, beta=0.001, tau=0.5, c_const=inf, N_try=200, alpha_max=100, p_const=1)"
a56cbf6d66,180,1,100,1.0,-6084.076106186598,0.5227232506811869,21924.602212251044,21924.602212251044,
a56cbf6d66,180,2,200,2.0,-6554.114728413647,0.266345103593924,11171.323333844097,11171.323333844097,
a56cbf6d66,180,3,300,3.0,-8545.678612654343,0.1911738033663641,4009.2052407737697,4009.2052407737697,
a56cbf6d66,180,4,400,4.0,-8558.885810706057,0.1549911375335608,6500.799481215641,6500.799481215641,
a56cbf6d66,180,5,500,5.0,-8838.219666906574,0.08156291012893718,3420.9964020544176,3420.9964020544176,
a56cbf6d66,180,6,600,6.0,-8968.126290967852,0.09246145722517939,1939.0572994269942,1939.0572994269942,
a56cbf6d66,180,7,700,7.0,-9008.15107282559,0.0712784598017574,2989.635290603502,2989.635290603502,
a56cbf6d66,180,8,800,8.0,-9083.040409250896,0.04692565850820845,1968.2047718361273,1968.2047718361273,
a56cbf6d66,180,9,900,9.0,-9118.951295714054,0.07275217445431982,1525.7236816122572,1525.7236816122572,
a56cbf6d66,180,10,1000,10.0,-9120.957825159774,0.07101210728908823,2978.4636565105184,2978.4636565105184,
a56cbf6d66,180,11,1100,11.0,-9161.25592704472,0.05179989958764345,2172.6452604005126,2172.6452604005126,
a56cbf6d66,180,12,1200,12.0,-9196.402301792972,0.03630210322711761,1522.6205677391235,1522.6205677391235,
a56cbf6d66,180,13,1300,13.0,-9216.625304265533,0.028110200441782657,1179.0272615377078,1179.0272615377078,
a56cbf6d66,180,14,1400,14.0,-9233.489002453096,0.045082567183425154,945.4499593385444,945.4499593385444,
a56cbf6d66,180,15,1500,15.0,-9246.37321130679,0.03661897345864925,1535.9110685350643,1535.9110685350643,
a56cbf6d66,180,16,1600,16.0,-9265.713430406138,0.026694866323998038,1119.6638460221027,1119.6638460221027,
a56cbf6d66,180,17,1700,17.0,-9278.860254125999,0.04269039786569194,895.2825326483156,895.2825326483156,
a56cbf6d66,180,18,1800,18.0,-9285.684326355144,0.03871534259180384,1623.839162941732,1623.839162941732,
a56cbf6d66,180,19,1900,19.0,-9302.031330128448,0.02864786683407266,1201.578624536183,1201.578624536183,
a56cbf6d66,180,20,2000,20.0,-9315.327589035442,0.043190531615934176,905.7710975941953,905.7710975941953,
a56cbf6d66,180,21,2100,21.0,-9316.874799595545,0.03953811420359701,1658.3487055660378,1658.3487055660378,
a56cbf6d66,180,22,2200,22.0,-9335.758817454793,0.027573400739550523,1156.512250154997,1156.512250154997,
a56cbf6d66,180,23,2300,23.0,-9346.804135010227,0.021151200553011885,887.1456508429998,887.1456508429998,
a56cbf6d66,180,24,2400,24.0,-9356.085441279345,0.03403912220407248,713.8521320851502,713.8521320851502,
a56cbf6d66,180,25,2500,25.0,-9363.35654372027,0.028169699455511097,1181.5228310504801,1181.5228310504801,
a56cbf6d66,180,26,2600,26.0,-9374.881960574307,0.02072285447711854,869.1795142479622,869.1795142479622,
a56cbf6d66,180,27,2700,27.0,-9383.09893944838,0.03339265318606076,700.2946941445367,700.2946941445367,
a56cbf6d66,180,28,2800,28.0,-9388.38727943504,0.029604372933671658,1241.6973981319074,1241.6973981319074,
a56cbf6d66,180,29,2900,29.0,-9398.800471763865,0.022026617855046237,923.8633137589183,923.8633137589183,
a56cbf6d66,180,30,3000,30.0,-9407.215771315645,0.033931920153098975,711.6039421291183,711.6039421291183,
a56cbf6d66,180,31,3100,31.0,-9410.084759442485,0.030369690336896953,1273.7971365880821,1273.7971365880821,
a56cbf6d66,180,32,3200,32.0,-9421.691731298613,0.021611475851426466,906.4509960954144,906.4509960954144,
a56cbf6d66,180,33,3300,33.0,-9429.140749441018,0.03362987915430146,705.2696832820159,705.2696832820159,
a56cbf6d66,180,34,3400,34.0,-9430.4676269067,0.03215038542387532,1348.4849018490197,1348.4849018490197,
a56cbf6d66,180,35,3500,35.0,-9440.877968859595,0.023425658283393807,982.543322406718,982.543322406718,
a56cbf6d66,180,36,3600,36.0,-9449.00096232817,0.017394650290263835,729.5845129105476,729.5845129105476,
a56cbf6d66,180,37,3700,37.0,-9454.977214767998,0.028219826456103544,591.8126549207044,591.8126549207044,
a56cbf6d66,180,38,3800,38.0,-9459.311050283839,0.024607949336561078,1032.1322033413542,1032.1322033413542,
a56cbf6d66,180,39,3900,39.0,-9466.869537218294,0.018403229901239646,771.8874078768899,771.8874078768899,
a56cbf6d66,180,40,4000,40.0,-9472.98119511103,0.028725067835290736,602.4083346091563,602.4083346091563,
a56cbf6d66,180,41,4100,41.0,-9475.792493495745,0.02537735168962144,1064.4032770118592,1064.4032770118592,
a56cbf6d66,180,42,4200,42.0,-9484.09503780223,0.01827675375202537,766.5826136913499,766.5826136913499,
a56cbf6d66,180,43,4300,43.0,-9489.680673617366,0.028686161359712827,601.5924066784447,601.5924066784447,
a56cbf6d66,180,44,4400,44.0,-9491.415508099855,0.026880646795014656,1127.456043749172,1127.456043749172,
a56cbf6d66,180,45,4500,45.0,-9499.114878019604,0.019682502175605195,825.5439760514959,825.5439760514959,
a56cbf6d66,180,46,4600,46.0,-9505.110033393465,0.029655896672735983,621.9292301902163,621.9292301902163,
a56cbf6d66,180,47,4700,47.0,-9505.233907566078,0.027808249217752067,1166.3625092701438,1166.3625092701438,
a56cbf6d66,180,48,4800,48.0,-9514.141694468915,0.019537655519340263,819.4686669539093,819.4686669539093,
a56cbf6d66,180,49,4900,49.0,-9519.567469044838,0.014899978034569588,624.9503747030739,624.9503747030739,
a56cbf6d66,180,50,5000,50.0,-9524.062283506142,0.023995796551025284,503.22832728575764,503.22832728575764,
a56cbf6d66,180,51,5100,51.0,-9527.454572199296,0.02022230600367978,848.1849896045809,848.1849896045809,
a56cbf6d66,180,52,5200,52.0,-9533.232361821596,0.014945562247889618,626.8623151857242,626.8623151857242,
a56cbf6d66,180,53,5300,53.0,-9537.450807208737,0.024040478223989647,504.16536988396325,504.16536988396325,
a56cbf6d66,180,54,5400,54.0,-9540.078838526544,0.02138499461125738,896.9516843797529,896.9516843797529,
a56cbf6d66,180,55,5500,55.0,-9545.596731121941,0.01590641691823345,667.1634810581425,667.1634810581425,
a56cbf6d66,180,56,5600,56.0,-9549.987406127444,0.024696994840416008,517.9335212356808,517.9335212356808,
a56cbf6d66,180,57,5700,57.0,-9551.579519686675,0.022245089764251453,933.0266897855892,933.0266897855892,
a56cbf6d66,180,58,5800,58.0,-9557.717208982649,0.01599105138912031,670.7133080559288,670.7133080559288,
a56cbf6d66,180,59,5900,59.0,-9561.824134873801,0.02492433765379046,522.7012455932196,522.7012455932196,
a56cbf6d66,180,60,6000,60.0,-9562.633765261602,0.023709558592046785,994.4509644085625,994.4509644085625,
a56cbf6d66,180,61,6100,61.0,-9568.470510871171,0.017295158208207855,725.4115125331903,725.4115125331903,
a56cbf6d66,180,62,6200,62.0,-9572.9335892637,0.012982253181345967,544.5151644753213,544.5151644753213,
a56cbf6d66,180,63,6300,63.0,-9576.327502600203,0.021182286351787247,444.22474187223304,444.22474187223304,
a56cbf6d66,180,64,6400,64.0,-9578.95447899917,0.018294011202838596,767.3064436411079,767.3064436411079,
a56cbf6d66,180,65,6500,65.0,-9583.283363181195,0.013748468077951036,576.6525465322233,576.6525465322233,
a56cbf6d66,180,66,6600,66.0,-9586.776444166167,0.021716720261869868,455.43263330620965,455.43263330620965,
a56cbf6d66,180,67,6700,67.0,-9588.641124163327,0.01910737072672012,801.4212146856511,801.4212146856511,
a56cbf6d66,180,68,6800,68.0,-9593.376299551683,0.013925047759597202,584.0588351826959,584.0588351826959,
a56cbf6d66,180,69,6900,69.0,-9596.698128219721,0.021982358634580822,461.00347375228466,461.00347375228466,
a56cbf6d66,180,70,7000,70.0,-9597.937790603308,0.020383590340844512,854.9497450096551,854.9497450096551,
a56cbf6d66,180,71,7100,71.0,-9602.5290601242,0.014983490145782555,628.4531265241638,628.4531265241638,
a56cbf6d66,180,72,7200,72.0,-9606.077132096121,0.022846037873771385,479.1161401905543,479.1161401905543,
a56cbf6d66,180,73,7300,73.0,-9606.413416064004,0.021377453358152068,896.6353812991066,896.6353812991066,
a56cbf6d66,180,74,7400,74.0,-9611.663003494872,0.01519585132634858,637.3602000150919,637.3602000150919,
a56cbf6d66,180,75,7500,75.0,-9615.01685451258,0.011640363728290548,488.23224147023956,488.23224147023956,
a56cbf6d66,180,76,7600,76.0,-9617.79832417016,0.01889598441816265,396.27751514518627,396.27751514518627,
a56cbf6d66,180,77,7700,77.0,-9620.006102325859,0.015903193069072726,667.0282630238398,667.0282630238398,
a56cbf6d66,180,78,7800,78.0,-9623.588055691564,0.01184887020335997,496.9776368943352,496.9776368943352,
a56cbf6d66,180,79,7900,79.0,-9626.266877432552,0.019128914445877457,401.16241188000794,401.16241188000794,
a56cbf6d66,180,80,8000,80.0,-9627.998331192115,0.016943327886651403,710.6546792829355,710.6546792829355,
a56cbf6d66,180,81,8100,81.0,-9631.524135585303,0.012640549300966947,530.1830649524283,530.1830649524283,
a56cbf6d66,180,82,8200,82.0,-9634.319874201215,0.019766509462026675,414.5337485130819,414.5337485130819,
a56cbf6d66,180,83,8300,83.0,-9635.411738610057,0.017830089880864274,747.8481730766858,747.8481730766858,
a56cbf6d66,180,84,8400,84.0,-9639.32929283049,0.012912277302564406,541.5801633925508,541.5801633925508,
a56cbf6d66,180,85,8500,85.0,-9642.01887954118,0.020167358061587863,422.9401529357512,422.9401529357512,
a56cbf6d66,180,86,8600,86.0,-9642.566730271516,0.01915037998397308,803.2251536829823,803.2251536829823,
a56cbf6d66,180,87,8700,87.0,-9646.420830713867,0.013991333539030865,586.8390622809127,586.8390622809127,
a56cbf6d66,180,88,8800,88.0,-9649.339237181575,0.010564152934076497,443.0926890800877,443.0926890800877,
a56cbf6d66,180,89,8900,89.0,-9651.594182013801,0.017275486457053922,362.2932097438353,362.2932097438353,
a56cbf6d66,180,90,9000,90.0,-9653.354148940572,0.014907678378792399,625.2733505488239,625.2733505488239,
a56cbf6d66,180,91,9100,91.0,-9656.2514758836,0.011226830605325897,470.887405152408,470.887405152408,
a56cbf6d66,180,92,9200,92.0,-9658.5829984778,0.01781202308627201,373.54519839421516,373.54519839421516,
a56cbf6d66,180,93,9300,93.0,-9659.84145338641,0.015731175628295506,659.8133286246236,659.8133286246236,
a56cbf6d66,180,94,9400,94.0,-9663.019246768956,0.011520980952129233,483.22496491439426,483.22496491439426,
a56cbf6d66,180,95,9500,95.0,-9665.283754596552,0.0181968897283825,381.6164368765682,381.6164368765682,
a56cbf6d66,180,96,9600,96.0,-9666.093194852894,0.01690685249405471,709.1247904322369,709.1247904322369,
a56cbf6d66,180,97,9700,97.0,-9669.256699918331,0.012436786565737993,521.6366363982115,521.6366363982115,
a56cbf6d66,180,98,9800,98.0,-9671.68133599043,0.01902170938076952,398.91415871299546,398.91415871299546,
a56cbf6d66,180,99,9900,99.0,-9671.858013363428,0.017920651830190232,751.6466165397422,751.6466165397422,
a56cbf6d66,180,100,10000,100.0,-9675.480106019997,0.012793519401872823,536.599096013528,536.599096013528,
a56cbf6d66,180,101,10100,101.0,-9677.828095809731,0.009790353288962453,410.6371796130836,410.6371796130836,
a56cbf6d66,180,102,10200,102.0,-9679.765173094922,0.015883031797857137,333.0913190093966,333.0913190093966,
a56cbf6d66,180,103,10300,103.0,-9681.236434771881,0.013514220492719954,566.8274906949727,566.8274906949727,
a56cbf6d66,180,104,10400,104.0,-9683.76393343112,0.01007370111688528,422.521648893564,422.521648893564,
a56cbf6d66,180,105,10500,105.0,-9685.65870280547,0.01621095728711761,339.9684149659328,339.9684149659328,
a56cbf6d66,180,106,10600,106.0,-9686.77739675507,0.014506875493911475,608.4624591161484,608.4624591161484,
a56cbf6d66,180,107,10700,107.0,-9689.315357863068,0.010802837965923129,453.10386491823226,453.10386491823226,
a56cbf6d66,180,108,10800,108.0,-9691.307540573625,0.01686192096717869,353.6201128016071,353.6201128016071,
a56cbf6d66,180,109,10900,109.0,-9691.953086873842,0.015411066654210336,646.3869851202102,646.3869851202102,
a56cbf6d66,180,110,11000,110.0,-9694.795168768029,0.011163173221434225,468.2174209535446,468.2174209535446,
a56cbf6d66,180,111,11100,111.0,-9696.745443999853,0.017358436575682874,364.032799815665,364.032799815665,
a56cbf6d66,180,112,11200,112.0,-9696.9598119125,0.016675825188804606,699.4348029270391,699.4348029270391,
a56cbf6d66,180,113,11300,113.0,-9699.819166239657,0.012156742296938899,509.89072843019966,509.89072843019966,
a56cbf6d66,180,114,11400,114.0,-9701.95163578172,0.009156074785915,384.0336109886245,384.0336109886245,
a56cbf6d66,180,115,11500,115.0,-9703.592200769712,0.01488790475027994,312.2219922285907,312.2219922285907,
a56cbf6d66,180,116,11600,116.0,-9704.746783823159,0.01305024878263301,547.367106699928,547.367106699928,
a56cbf6d66,180,117,11700,117.0,-9706.899785542526,0.009790132035063197,410.62789955193733,410.62789955193733,
a56cbf6d66,180,118,11800,118.0,-9708.611632488428,0.015455907057794378,324.13386398067587,324.13386398067587,
a56cbf6d66,180,119,11900,119.0,-9709.379772560858,0.013891764503229745,582.6628342295453,582.6628342295453,
a56cbf6d66,180,120,12000,120.0,-9711.766356378757,0.010149042464457041,425.6816940484198,425.6816940484198,
a56cbf6d66,180,121,12100,121.0,-9713.452960186052,0.01592187957516613,333.90601594818776,333.90601594818776,
a56cbf6d66,180,122,12200,122.0,-9713.856331602865,0.015039423596372585,630.7991454795988,630.7991454795988,
a56cbf6d66,180,123,12300,123.0,-9716.277163165223,0.01102145431780286,462.2732993097781,462.2732993097781,
a56cbf6d66,180,124,12400,124.0,-9718.101745314445,0.008382867700787429,351.60295528883535,351.60295528883535,
a56cbf6d66,180,125,12500,125.0,-9719.537083035835,0.013763919174038325,288.6503062367281,288.6503062367281,
a56cbf6d66,180,126,12600,126.0,-9720.689640446088,0.011830369252636539,496.2016507781046,496.2016507781046,
a56cbf6d66,180,127,12700,127.0,-9722.53909265925,0.008939800384548826,374.9624051211468,374.9624051211468,
a56cbf6d66,180,128,12800,128.0,-9724.027714406426,0.014263548263768647,299.1282876845895,299.1282876845895,
a56cbf6d66,180,129,12900,129.0,-9724.860557216627,0.012612992503314123,529.0272490862043,529.0272490862043,
a56cbf6d66,180,130,13000,130.0,-9726.893031031745,0.009289812399256627,389.64297305451646,389.64297305451646,
a56cbf6d66,180,131,13100,131.0,-9728.36671452309,0.01469808662949433,308.241217712173,308.241217712173,
a56cbf6d66,180,132,13200,132.0,-9728.88915644069,0.01365945416919422,572.9190325966797,572.9190325966797,
a56cbf6d66,180,133,13300,133.0,-9730.963522660591,0.010062976608483626,422.07183040869324,422.07183040869324,
a56cbf6d66,180,134,13400,134.0,-9732.543826279358,0.015449999584931751,324.0099752953879,324.0099752953879,
a56cbf6d66,180,135,13500,135.0,-9732.639816644949,0.014635291697073607,613.8486250620261,613.8486250620261,
a56cbf6d66,180,136,13600,136.0,-9735.017509084284,0.01049720261879908,440.28458932839465,440.28458932839465,
a56cbf6d66,180,137,13700,137.0,-9736.583714572727,0.008031106429093592,336.84901819972964,336.84901819972964,
a56cbf6d66,180,138,13800,138.0,-9737.870290522369,0.013030407005323779,273.2674411202877,273.2674411202877,
a56cbf6d66,180,139,13900,139.0,-9738.809557753453,0.011194495032699614,469.53115293632123,469.53115293632123,
a56cbf6d66,180,140,14000,140.0,-9740.507608400592,0.008353595287634755,350.3751812930759,350.3751812930759,
a56cbf6d66,180,141,14100,141.0,-9741.785292468068,0.0134079789570941,281.1856988582782,281.1856988582782,
a56cbf6d66,180,142,14200,142.0,-9742.472065344413,0.012109971456203596,507.9290171864059,507.9290171864059,
a56cbf6d66,180,143,14300,143.0,-9744.211843372823,0.009005466382141678,377.7166366848239,377.7166366848239,
a56cbf6d66,180,144,14400,144.0,-9745.564138153552,0.014038027291821504,294.3987701109808,294.3987701109808,
a56cbf6d66,180,145,14500,145.0,-9745.91364143205,0.01299095384353253,544.8800966974387,544.8800966974387,
a56cbf6d66,180,146,14600,146.0,-9747.876152885598,0.009416914616000048,394.9740264154749,394.9740264154749,
a56cbf6d66,180,147,14700,147.0,-9749.224019786365,0.014584498423573468,305.85910037993943,305.85910037993943,
a56cbf6d66,180,148,14800,148.0,-9749.244554468323,0.014164909565841696,594.1193685164804,594.1193685164804,
a56cbf6d66,180,149,14900,149.0,-9751.265903852374,0.010306907195461007,432.3030207755087,432.3030207755087,
a56cbf6d66,180,150,15000,150.0,-9752.749894989036,0.007747086773343966,324.9363704178367,324.9363704178367,
a56cbf6d66,180,151,15100,151.0,-9753.887355257044,0.01252811693805199,262.73365492869635,262.73365492869635,
a56cbf6d66,180,152,15200,152.0,-9754.596406076098,0.011149980533285338,467.6640795068084,467.6640795068084,
a56cbf6d66,180,153,15300,153.0,-9756.121568945176,0.008334918114809855,349.5918038861945,349.5918038861945,
a56cbf6d66,180,154,15400,154.0,-9757.318907607418,0.013097619518669,274.6769896881571,274.6769896881571,
a56cbf6d66,180,155,15500,155.0,-9757.740726119891,0.011977461541728475,502.37114854317934,502.37114854317934,
a56cbf6d66,180,156,15600,156.0,-9759.448864453518,0.00873342906539353,366.30656462696345,366.30656462696345,
a56cbf6d66,180,157,15700,157.0,-9760.646924987745,0.013611461514076701,285.4530373716901,285.4530373716901,
a56cbf6d66,180,158,15800,158.0,-9760.782356508342,0.013064597262315278,547.9689255571805,547.9689255571805,
a56cbf6d66,180,159,15900,159.0,-9762.550796573974,0.009540885275754,400.1737327563611,400.1737327563611,
a56cbf6d66,180,160,16000,160.0,-9763.859797376826,0.007220461539512028,302.8481071702144,302.8481071702144,
a56cbf6d66,180,161,16100,161.0,-9764.879609081167,0.011758728864357608,246.59841755345295,246.59841755345295,
a56cbf6d66,180,162,16200,162.0,-9765.593181307506,0.010320752040940325,432.88371568324163,432.88371568324163,
a56cbf6d66,180,163,16300,163.0,-9766.941672981262,0.007754128589968842,325.2317256142066,325.2317256142066,
a56cbf6d66,180,164,16400,164.0,-9768.01029858386,0.012276554863253016,257.4580158458079,257.4580158458079,
a56cbf6d66,180,165,16500,165.0,-9768.477023208383,0.01109899031853863,465.5253948900784,465.5253948900784,
a56cbf6d66,180,166,16600,166.0,-9769.977878812102,0.008137910414562105,341.32870203439506,341.32870203439506,
a56cbf6d66,180,167,16700,167.0,-9771.050401338562,0.012759559813346377,267.5873638167897,267.5873638167897,
a56cbf6d66,180,168,16800,168.0,-9771.266411020339,0.01210959284752857,507.91313718760506,507.91313718760506,
a56cbf6d66,180,169,16900,169.0,-9772.826577030079,0.008875085852997506,372.2480809357083,372.2480809357083,
a56cbf6d66,180,170,17000,170.0,-9773.990794608077,0.006759893831514783,283.53049737097786,283.53049737097786,
a56cbf6d66,180,171,17100,171.0,-9774.910932117387,0.011081016422269994,232.38575751996368,232.38575751996368,
a56cbf6d66,180,172,17200,172.0,-9775.617383498404,0.009599288148088638,402.6233267668077,402.6233267668077,
a56cbf6d66,180,173,17300,173.0,-9776.81882823604,0.00724731496647853,303.9744215316077,303.9744215316077,
a56cbf6d66,180,174,17400,174.0,-9777.779327023834,0.01155442894521065,242.31393771306404,242.31393771306404,
a56cbf6d66,180,175,17500,175.0,-9778.271875775212,0.010332374814004135,433.3712101187679,433.3712101187679,
a56cbf6d66,180,176,17600,176.0,-9779.601749463307,0.007615617721260985,319.42215870755854,319.42215870755854,
a56cbf6d66,180,177,17700,177.0,-9780.568061209755,0.012008678955634674,251.84025089167147,251.84025089167147,
a56cbf6d66,180,178,17800,178.0,-9780.839908797856,0.011275198394088125,472.9160972511742,472.9160972511742,
a56cbf6d66,180,179,17900,179.0,-9782.226775043824,,347.80953113445565,347.80953113445565,
7ad2417d27,180,0,0,0.0,-0.020382972047095268,1.1302191417984637,46.29377604806508,46.29377604806508,"ProjectedCommonDirectionsConfig(subspace_frac_grads=0.05, subspace_frac_updates=0.05, subspace_frac_random=0.2, direction_str=sd, random_proj=True, random_proj_dim_frac=1, inner_use_full_grad=True, orth_P_k=True, beta=0.001, tau=0.5, c_const=inf, N_try=200, alpha_max=100, p_const=1)"
7ad2417d27,180,1,100,1.0,-6084.076106186598,0.5227232506811871,21924.60221225105,21924.60221225105,
7ad2417d27,180,2,200,2.0,-6554.114728413644,0.26634510359392405,11171.323333844097,11171.323333844097,
7ad2417d27,180,3,300,3.0,-8545.678612654343,0.1911738033663642,4009.2052407737733,4009.2052407737733,
7ad2417d27,180,4,400,4.0,-8558.885810706055,0.15499113753356103,6500.799481215649,6500.799481215649,
7ad2417d27,180,5,500,5.0,-8838.219666906574,0.08156291012893743,3420.996402054428,3420.996402054428,
7ad2417d27,180,6,600,6.0,-8968.126290967852,0.09246145722517965,1939.057299427,1939.057299427,
7ad2417d27,180,7,700,7.0,-9008.151072825589,0.07127845980175775,2989.635290603517,2989.635290603517,
7ad2417d27,180,8,800,8.0,-9083.040409250896,0.046925658508208616,1968.2047718361353,1968.2047718361353,
7ad2417d27,180,9,900,9.0,-9118.951295714054,0.07275217445432007,1525.7236816122622,1525.7236816122622,
7ad2417d27,180,10,1000,10.0,-9120.957825159774,0.07101210728908856,2978.4636565105334,2978.4636565105334,
7ad2417d27,180,11,1100,11.0,-9161.25592704472,0.05179989958764352,2172.645260400515,2172.645260400515,
7ad2417d27,180,12,1200,12.0,-9196.402301792972,0.03630210322711768,1522.6205677391256,1522.6205677391256,
7ad2417d27,180,13,1300,13.0,-9216.625304265533,0.028110200441782772,1179.027261537713,1179.027261537713,
7ad2417d27,180,14,1400,14.0,-9233.489002453096,0.04508256718342534,945.4499593385486,945.4499593385486,
7ad2417d27,180,15,1500,15.0,-9246.37321130679,0.0366189734586496,1535.9110685350784,1535.9110685350784,
7ad2417d27,180,16,1600,16.0,-9265.713430406138,0.02669486632399833,1119.6638460221156,1119.6638460221156,
7ad2417d27,180,17,1700,17.0,-9278.860254126,0.04269039786569244,895.282532648326,895.282532648326,
7ad2417d27,180,18,1800,18.0,-9285.684326355144,0.038715342591804605,1623.8391629417645,1623.8391629417645,
7ad2417d27,180,19,1900,19.0,-9302.031330128446,0.0286478668340731,1201.5786245362017,1201.5786245362017,
7ad2417d27,180,20,2000,20.0,-9315.327589035442,0.04319053161593469,905.7710975942068,905.7710975942068,
7ad2417d27,180,21,2100,21.0,-9316.874799595544,0.03953811420359779,1658.34870556607,1658.34870556607,
7ad2417d27,180,22,2200,22.0,-9335.758817454791,0.027573400739551092,1156.5122501550209,1156.5122501550209,
7ad2417d27,180,23,2300,23.0,-9346.804135010227,0.021151200553012416,887.1456508430218,887.1456508430218,
7ad2417d27,180,24,2400,24.0,-9356.085441279345,0.03403912220407352,713.8521320851718,713.8521320851718,
7ad2417d27,180,25,2500,25.0,-9363.35654372027,0.028169699455512787,1181.5228310505495,1181.5228310505495,
7ad2417d27,180,26,2600,26.0,-9374.881960574307,0.020722854477119548,869.1795142480041,869.1795142480041,
7ad2417d27,180,27,2700,27.0,-9383.09893944838,0.03339265318606186,700.2946941445603,700.2946941445603,
7ad2417d27,180,28,2800,28.0,-9388.387279435043,0.029604372933673694,1241.6973981319939,1241.6973981319939,
7ad2417d27,180,29,2900,29.0,-9398.800471763861,0.022026617855047725,923.8633137589807,923.8633137589807,
7ad2417d27,180,30,3000,30.0,-9407.215771315643,0.03393192015310045,711.6039421291492,711.6039421291492,
7ad2417d27,180,31,3100,31.0,-9410.084759442485,0.03036969033689914,1273.7971365881735,1273.7971365881735,
7ad2417d27,180,32,3200,32.0,-9421.691731298613,0.021611475851427937,906.4509960954765,906.4509960954765,
7ad2417d27,180,33,3300,33.0,-9429.140749441018,0.033629879154303495,705.2696832820588,705.2696832820588,
7ad2417d27,180,34,3400,34.0,-9430.467626906697,0.03215038542387844,1348.4849018491511,1348.4849018491511,
7ad2417d27,180,35,3500,35.0,-9440.877968859593,0.02342565828339604,982.5433224068116,982.5433224068116,
7ad2417d27,180,36,3600,36.0,-9449.000962328168,0.017394650290265316,729.58451291061,729.58451291061,
7ad2417d27,180,37,3700,37.0,-9454.977214767994,0.028219826456105303,591.8126549207414,591.8126549207414,
7ad2417d27,180,38,3800,38.0,-9459.31105028384,0.024607949336564034,1032.1322033414785,1032.1322033414785,
7ad2417d27,180,39,3900,39.0,-9466.869537218292,0.01840322990124129,771.8874078769594,771.8874078769594,
7ad2417d27,180,40,4000,40.0,-9472.981195111028,0.028725067835292353,602.4083346091907,602.4083346091907,
7ad2417d27,180,41,4100,41.0,-9475.792493495743,0.025377351689623903,1064.403277011963,1064.403277011963,
7ad2417d27,180,42,4200,42.0,-9484.095037802228,0.018276753752026628,766.5826136914029,766.5826136914029,
7ad2417d27,180,43,4300,43.0,-9489.680673617366,0.028686161359713983,601.5924066784689,601.5924066784689,
7ad2417d27,180,44,4400,44.0,-9491.415508099855,0.0268806467950165,1127.456043749249,1127.456043749249,
7ad2417d27,180,45,4500,45.0,-9499.114878019604,0.019682502175606277,825.5439760515411,825.5439760515411,
7ad2417d27,180,46,4600,46.0,-9505.110033393465,0.0296558966727369,621.9292301902352,621.9292301902352,
7ad2417d27,180,47,4700,47.0,-9505.233907566078,0.027808249217753253,1166.3625092701932,1166.3625092701932,
7ad2417d27,180,48,4800,48.0,-9514.141694468917,0.019537655519340856,819.4686669539337,819.4686669539337,
7ad2417d27,180,49,4900,49.0,-9519.567469044838,0.014899978034569973,624.9503747030897,624.9503747030897,
7ad2417d27,180,50,5000,50.0,-9524.062283506139,0.02399579655102572,503.2283272857666,503.2283272857666,
7ad2417d27,180,51,5100,51.0,-9527.454572199296,0.020222306003680322,848.1849896046041,848.1849896046041,
7ad2417d27,180,52,5200,52.0,-9533.232361821596,0.014945562247889864,626.8623151857342,626.8623151857342,
7ad2417d27,180,53,5300,53.0,-9537.450807208737,0.02404047822398988,504.16536988396774,504.16536988396774,
7ad2417d27,180,54,5400,54.0,-9540.078838526544,0.021384994611257764,896.9516843797683,896.9516843797683,
7ad2417d27,180,55,5500,55.0,-9545.596731121941,0.015906416918233714,667.1634810581531,667.1634810581531,
7ad2417d27,180,56,5600,56.0,-9549.987406127444,0.024696994840416403,517.9335212356895,517.9335212356895,
7ad2417d27,180,57,5700,57.0,-9551.579519686673,0.022245089764251977,933.026689785611,933.026689785611,
7ad2417d27,180,58,5800,58.0,-9557.717208982649,0.015991051389120454,670.7133080559346,670.7133080559346,
7ad2417d27,180,59,5900,59.0,-9561.8241348738,0.024924337653790787,522.7012455932265,522.7012455932265,
7ad2417d27,180,60,6000,60.0,-9562.633765261602,0.0237095585920474,994.4509644085878,994.4509644085878,
7ad2417d27,180,61,6100,61.0,-9568.47051087117,0.017295158208208372,725.4115125332119,725.4115125332119,
7ad2417d27,180,62,6200,62.0,-9572.933589263701,0.012982253181346418,544.5151644753399,544.5151644753399,
7ad2417d27,180,63,6300,63.0,-9576.327502600203,0.02118228635178779,444.2247418722448,444.2247418722448,
7ad2417d27,180,64,6400,64.0,-9578.954478999167,0.018294011202839494,767.306443641145,767.306443641145,
7ad2417d27,180,65,6500,65.0,-9583.283363181194,0.013748468077951562,576.6525465322451,576.6525465322451,
7ad2417d27,180,66,6600,66.0,-9586.776444166167,0.021716720261870513,455.4326333062227,455.4326333062227,
7ad2417d27,180,67,6700,67.0,-9588.641124163327,0.019107370726721213,801.4212146856964,801.4212146856964,
7ad2417d27,180,68,6800,68.0,-9593.376299551683,0.013925047759597901,584.058835182725,584.058835182725,
7ad2417d27,180,69,6900,69.0,-9596.698128219721,0.0219823586345818,461.0034737523052,461.0034737523052,
7ad2417d27,180,70,7000,70.0,-9597.937790603306,0.020383590340845973,854.9497450097158,854.9497450097158,
7ad2417d27,180,71,7100,71.0,-9602.5290601242,0.014983490145783278,628.453126524194,628.453126524194,
7ad2417d27,180,72,7200,72.0,-9606.077132096121,0.022846037873772127,479.1161401905697,479.1161401905697,
7ad2417d27,180,73,7300,73.0,-9606.413416064004,0.021377453358152988,896.6353812991451,896.6353812991451,
7ad2417d27,180,74,7400,74.0,-9611.663003494872,0.015195851326348972,637.3602000151075,637.3602000151075,
7ad2417d27,180,75,7500,75.0,-9615.01685451258,0.011640363728290774,488.2322414702491,488.2322414702491,
7ad2417d27,180,76,7600,76.0,-9617.79832417016,0.018895984418163064,396.277515145195,396.277515145195,
7ad2417d27,180,77,7700,77.0,-9620.006102325859,0.01590319306907344,667.0282630238703,667.0282630238703,
7ad2417d27,180,78,7800,78.0,-9623.588055691564,0.01184887020336049,496.97763689435686,496.97763689435686,
7ad2417d27,180,79,7900,79.0,-9626.26687743255,0.019128914445878352,401.16241188002687,401.16241188002687,
7ad2417d27,180,80,8000,80.0,-9627.998331192117,0.016943327886652943,710.6546792829998,710.6546792829998,
7ad2417d27,180,81,8100,81.0,-9631.524135585301,0.012640549300967944,530.1830649524709,530.1830649524709,
7ad2417d27,180,82,8200,82.0,-9634.319874201217,0.01976650946202766,414.53374851310247,414.53374851310247,
7ad2417d27,180,83,8300,83.0,-9635.411738610057,0.017830089880865832,747.8481730767512,747.8481730767512,
7ad2417d27,180,84,8400,84.0,-9639.32929283049,0.012912277302565547,541.5801633925988,541.5801633925988,
7ad2417d27,180,85,8500,85.0,-9642.01887954118,0.02016735806158923,422.9401529357798,422.9401529357798,
7ad2417d27,180,86,8600,86.0,-9642.566730271514,0.019150379983975188,803.2251536830707,803.2251536830707,
7ad2417d27,180,87,8700,87.0,-9646.420830713867,0.013991333539032261,586.8390622809711,586.8390622809711,
7ad2417d27,180,88,8800,88.0,-9649.339237181577,0.010564152934077312,443.092689080122,443.092689080122,
7ad2417d27,180,89,8900,89.0,-9651.594182013801,0.01727548645705497,362.2932097438576,362.2932097438576,
7ad2417d27,180,90,9000,90.0,-9653.354148940572,0.014907678378794396,625.2733505489085,625.2733505489085,
7ad2417d27,180,91,9100,91.0,-9656.251475883597,0.011226830605327316,470.8874051524675,470.8874051524675,
7ad2417d27,180,92,9200,92.0,-9658.582998477797,0.017812023086273564,373.5451983942479,373.5451983942479,
7ad2417d27,180,93,9300,93.0,-9659.841453386409,0.01573117562829777,659.8133286247187,659.8133286247187,
7ad2417d27,180,94,9400,94.0,-9663.019246768954,0.011520980952130552,483.22496491444963,483.22496491444963,
7ad2417d27,180,95,9500,95.0,-9665.283754596552,0.01819688972838448,381.61643687660984,381.61643687660984,
7ad2417d27,180,96,9600,96.0,-9666.093194852892,0.01690685249405806,709.1247904323769,709.1247904323769,
7ad2417d27,180,97,9700,97.0,-9669.25669991833,0.012436786565740226,521.6366363983047,521.6366363983047,
7ad2417d27,180,98,9800,98.0,-9671.68133599043,0.019021709380772005,398.91415871304804,398.91415871304804,
7ad2417d27,180,99,9900,99.0,-9671.858013363428,0.017920651830193635,751.6466165398849,751.6466165398849,
7ad2417d27,180,100,10000,100.0,-9675.480106019999,0.01279351940187477,536.5990960136095,536.5990960136095,
7ad2417d27,180,101,10100,101.0,-9677.828095809733,0.009790353288963598,410.63717961313114,410.63717961313114,
7ad2417d27,180,102,10200,102.0,-9679.765173094924,0.015883031797858882,333.0913190094335,333.0913190094335,
7ad2417d27,180,103,10300,103.0,-9681.23643477188,0.0135142204927232,566.8274906951087,566.8274906951087,
7ad2417d27,180,104,10400,104.0,-9683.76393343112,0.010073701116887497,422.521648893657,422.521648893657,
7ad2417d27,180,105,10500,105.0,-9685.658702805471,0.016210957287120475,339.9684149659928,339.9684149659928,
7ad2417d27,180,106,10600,106.0,-9686.777396755067,0.014506875493916214,608.4624591163475,608.4624591163475,
7ad2417d27,180,107,10700,107.0,-9689.31535786307,0.010802837965926222,453.10386491836215,453.10386491836215,
7ad2417d27,180,108,10800,108.0,-9691.307540573625,0.01686192096718215,353.6201128016799,353.6201128016799,
7ad2417d27,180,109,10900,109.0,-9691.95308687384,0.015411066654215348,646.386985120421,646.386985120421,
7ad2417d27,180,110,11000,110.0,-9694.795168768027,0.01116317322143726,468.2174209536718,468.2174209536718,
7ad2417d27,180,111,11100,111.0,-9696.745443999853,0.017358436575686576,364.0327998157427,364.0327998157427,
7ad2417d27,180,112,11200,112.0,-9696.959811912498,0.016675825188810233,699.4348029272752,699.4348029272752,
7ad2417d27,180,113,11300,113.0,-9699.819166239657,0.012156742296942623,509.8907284303568,509.8907284303568,
7ad2417d27,180,114,11400,114.0,-9701.95163578172,0.009156074785917382,384.03361098872415,384.03361098872415,
7ad2417d27,180,115,11500,115.0,-9703.59220076971,0.01488790475028279,312.22199222865055,312.22199222865055,
7ad2417d27,180,116,11600,116.0,-9704.746783823159,0.013050248782637676,547.367106700123,547.367106700123,
7ad2417d27,180,117,11700,117.0,-9706.899785542522,0.009790132035066238,410.6278995520647,410.6278995520647,
7ad2417d27,180,118,11800,118.0,-9708.611632488428,0.015455907057798219,324.1338639807566,324.1338639807566,
7ad2417d27,180,119,11900,119.0,-9709.379772560858,0.013891764503235988,582.6628342298073,582.6628342298073,
7ad2417d27,180,120,12000,120.0,-9711.766356378754,0.010149042464460963,425.6816940485846,425.6816940485846,
7ad2417d27,180,121,12100,121.0,-9713.45296018605,0.01592187957517048,333.9060159482793,333.9060159482793,
7ad2417d27,180,122,12200,122.0,-9713.85633160286,0.015039423596379182,630.7991454798756,630.7991454798756,
7ad2417d27,180,123,12300,123.0,-9716.277163165225,0.011021454317807246,462.27329930996206,462.27329930996206,
7ad2417d27,180,124,12400,124.0,-9718.101745314445,0.00838286770079013,351.60295528894846,351.60295528894846,
7ad2417d27,180,125,12500,125.0,-9719.537083035833,0.013763919174041225,288.65030623678905,288.65030623678905,
7ad2417d27,180,126,12600,126.0,-9720.689640446086,0.011830369252641226,496.201650778301,496.201650778301,
7ad2417d27,180,127,12700,127.0,-9722.539092659248,0.008939800384551817,374.9624051212723,374.9624051212723,
7ad2417d27,180,128,12800,128.0,-9724.027714406424,0.014263548263772262,299.1282876846653,299.1282876846653,
7ad2417d27,180,129,12900,129.0,-9724.860557216627,0.012612992503319747,529.0272490864401,529.0272490864401,
7ad2417d27,180,130,13000,130.0,-9726.893031031745,0.009289812399259972,389.642973054657,389.642973054657,
7ad2417d27,180,131,13100,131.0,-9728.366714523094,0.014698086629498477,308.2412177122597,308.2412177122597,
7ad2417d27,180,132,13200,132.0,-9728.889156440686,0.01365945416920081,572.9190325969565,572.9190325969565,
7ad2417d27,180,133,13300,133.0,-9730.96352266059,0.010062976608487954,422.07183040887486,422.07183040887486,
7ad2417d27,180,134,13400,134.0,-9732.543826279358,0.015449999584936537,324.0099752954883,324.0099752954883,
7ad2417d27,180,135,13500,135.0,-9732.639816644943,0.014635291697080301,613.8486250623065,613.8486250623065,
7ad2417d27,180,136,13600,136.0,-9735.017509084282,0.010497202618803282,440.2845893285709,440.2845893285709,
7ad2417d27,180,137,13700,137.0,-9736.583714572727,0.008031106429095939,336.84901819982827,336.84901819982827,
7ad2417d27,180,138,13800,138.0,-9737.870290522365,0.013030407005326282,273.26744112034027,273.26744112034027,
7ad2417d27,180,139,13900,139.0,-9738.80955775345,0.01119449503270375,469.53115293649495,469.53115293649495,
7ad2417d27,180,140,14000,140.0,-9740.507608400592,0.00835359528763753,350.37518129319244,350.37518129319244,
7ad2417d27,180,141,14100,141.0,-9741.785292468066,0.013407978957097806,281.1856988583558,281.1856988583558,
7ad2417d27,180,142,14200,142.0,-9742.472065344413,0.012109971456209496,507.9290171866532,507.9290171866532,
7ad2417d27,180,143,14300,143.0,-9744.211843372821,0.009005466382145508,377.7166366849841,377.7166366849841,
7ad2417d27,180,144,14400,144.0,-9745.564138153555,0.014038027291826266,294.3987701110805,294.3987701110805,
7ad2417d27,180,145,14500,145.0,-9745.913641432047,0.012990953843539724,544.8800966977402,544.8800966977402,
7ad2417d27,180,146,14600,146.0,-9747.876152885596,0.009416914616004577,394.97402641566475,394.97402641566475,
7ad2417d27,180,147,14700,147.0,-9749.224019786367,0.014584498423578788,305.8591003800509,305.8591003800509,
7ad2417d27,180,148,14800,148.0,-9749.244554468323,0.014164909565849633,594.1193685168141,594.1193685168141,
7ad2417d27,180,149,14900,149.0,-9751.265903852373,0.01030690719546615,432.30302077572475,432.30302077572475,
7ad2417d27,180,150,15000,150.0,-9752.749894989036,0.007747086773346901,324.9363704179602,324.9363704179602,
7ad2417d27,180,151,15100,151.0,-9753.887355257042,0.012528116938055354,262.7336549287665,262.7336549287665,
7ad2417d27,180,152,15200,152.0,-9754.596406076094,0.011149980533290698,467.66407950703336,467.66407950703336,
7ad2417d27,180,153,15300,153.0,-9756.121568945178,0.00833491811481336,349.59180388634155,349.59180388634155,
7ad2417d27,180,154,15400,154.0,-9757.318907607418,0.013097619518673448,274.6769896882506,274.6769896882506,
7ad2417d27,180,155,15500,155.0,-9757.740726119888,0.011977461541735429,502.3711485434706,502.3711485434706,
7ad2417d27,180,156,15600,156.0,-9759.448864453516,0.008733429065398023,366.30656462715206,366.30656462715206,
7ad2417d27,180,157,15700,157.0,-9760.646924987746,0.01361146151408207,285.4530373718025,285.4530373718025,
7ad2417d27,180,158,15800,158.0,-9760.78235650834,0.013064597262323528,547.9689255575264,547.9689255575264,
7ad2417d27,180,159,15900,159.0,-9762.550796573974,0.009540885275759647,400.17373275659776,400.17373275659776,
7ad2417d27,180,160,16000,160.0,-9763.859797376825,0.007220461539515581,302.84810717036356,302.84810717036356,
7ad2417d27,180,161,16100,161.0,-9764.879609081165,0.011758728864361833,246.5984175535413,246.5984175535413,
7ad2417d27,180,162,16200,162.0,-9765.593181307504,0.010320752040947274,432.8837156835332,432.8837156835332,
7ad2417d27,180,163,16300,163.0,-9766.941672981262,0.0077541285899733695,325.2317256143967,325.2317256143967,
7ad2417d27,180,164,16400,164.0,-9768.010298583862,0.012276554863258553,257.45801584592414,257.45801584592414,
7ad2417d27,180,165,16500,165.0,-9768.47702320838,0.011098990318546931,465.52539489042647,465.52539489042647,
7ad2417d27,180,166,16600,166.0,-9769.9778788121,0.008137910414567037,341.32870203460186,341.32870203460186,
7ad2417d27,180,167,16700,167.0,-9771.05040133856,0.01275955981335248,267.5873638169177,267.5873638169177,
7ad2417d27,180,168,16800,168.0,-9771.266411020333,0.012109592847537808,507.9131371879922,507.9131371879922,
7ad2417d27,180,169,16900,169.0,-9772.826577030079,0.008875085853003473,372.24808093595857,372.24808093595857,
7ad2417d27,180,170,17000,170.0,-9773.990794608075,0.006759893831518308,283.5304973711258,283.5304973711258,
7ad2417d27,180,171,17100,171.0,-9774.910932117387,0.011081016422273864,232.38575752004456,232.38575752004456,
7ad2417d27,180,172,17200,172.0,-9775.6173834984,0.009599288148094812,402.6233267670668,402.6233267670668,
7ad2417d27,180,173,17300,173.0,-9776.818828236042,0.0072473149664821455,303.97442153175933,303.97442153175933,
7ad2417d27,180,174,17400,174.0,-9777.779327023834,0.01155442894521456,242.31393771314615,242.31393771314615,
7ad2417d27,180,175,17500,175.0,-9778.271875775208,0.010332374814010135,433.3712101190196,433.3712101190196,
7ad2417d27,180,176,17600,176.0,-9779.601749463309,0.0076156177212645905,319.4221587077094,319.4221587077094,
7ad2417d27,180,177,17700,177.0,-9780.568061209755,0.01200867895563866,251.84025089175518,251.84025089175518,
7ad2417d27,180,178,17800,178.0,-9780.839908797854,0.011275198394093813,472.91609725141257,472.91609725141257,
7ad2417d27,180,179,17900,179.0,-9782.226775043822,,347.80953113461044,347.80953113461044,
2363ead568,180,0,0,0.0,-0.020382972047095268,1.1302191417984637,46.29377604806508,46.29377604806508,"ProjectedCommonDirectionsConfig(subspace_frac_grads=0.05, subspace_frac_updates=0.05, subspace_frac_random=0.2, direction_str=sd, random_proj=True, random_proj_dim_frac=1, inner_use_full_grad=True, orth_P_k=True, beta=0.001, tau=0.5, c_const=inf, N_try=200, alpha_max=100, p_const=1)"
2363ead568,180,1,100,1.0,-6084.076106186599,0.5227232506811867,21924.60221225104,21924.60221225104,
2363ead568,180,2,200,2.0,-6554.114728413645,0.266345103593924,11171.323333844097,11171.323333844097,
2363ead568,180,3,300,3.0,-8545.678612654343,0.19117380336636408,4009.2052407737688,4009.2052407737688,
2363ead568,180,4,400,4.0,-8558.885810706055,0.15499113753356075,6500.7994812156385,6500.7994812156385,
2363ead568,180,5,500,5.0,-8838.219666906574,0.08156291012893724,3420.9964020544203,3420.9964020544203,
2363ead568,180,6,600,6.0,-8968.126290967853,0.0924614572251797,1939.057299427,1939.057299427,
2363ead568,180,7,700,7.0,-9008.151072825589,0.07127845980175784,2989.6352906035213,2989.6352906035213,
2363ead568,180,8,800,8.0,-9083.040409250896,0.046925658508208526,1968.2047718361323,1968.2047718361323,
2363ead568,180,9,900,9.0,-9118.951295714054,0.07275217445431986,1525.7236816122575,1525.7236816122575,
2363ead568,180,10,1000,10.0,-9120.957825159776,0.07101210728908813,2978.463656510515,2978.463656510515,
2363ead568,180,11,1100,11.0,-9161.25592704472,0.05179989958764334,2172.645260400508,2172.645260400508,
2363ead568,180,12,1200,12.0,-9196.402301792972,0.036302103227117674,1522.6205677391258,1522.6205677391258,
2363ead568,180,13,1300,13.0,-9216.625304265533,0.028110200441782696,1179.0272615377091,1179.0272615377091,
2363ead568,180,14,1400,14.0,-9233.489002453096,0.04508256718342531,945.4499593385474,945.4499593385474,
2363ead568,180,15,1500,15.0,-9246.37321130679,0.03661897345864957,1535.9110685350777,1535.9110685350777,
2363ead568,180,16,1600,16.0,-9265.713430406138,0.026694866323998208,1119.66384602211,1119.66384602211,
2363ead568,180,17,1700,17.0,-9278.860254126002,0.04269039786569222,895.282532648321,895.282532648321,
2363ead568,180,18,1800,18.0,-9285.684326355144,0.03871534259180426,1623.8391629417501,1623.8391629417501,
2363ead568,180,19,1900,19.0,-9302.031330128448,0.028647866834072912,1201.5786245361944,1201.5786245361944,
2363ead568,180,20,2000,20.0,-9315.327589035442,0.043190531615934516,905.7710975942023,905.7710975942023,
2363ead568,180,21,2100,21.0,-9316.874799595544,0.03953811420359741,1658.3487055660546,1658.3487055660546,
2363ead568,180,22,2200,22.0,-9335.758817454793,0.02757340073955082,1156.5122501550102,1156.5122501550102,
2363ead568,180,23,2300,23.0,-9346.804135010227,0.02115120055301229,887.1456508430163,887.1456508430163,
2363ead568,180,24,2400,24.0,-9356.085441279345,0.0340391222040732,713.852132085165,713.852132085165,
2363ead568,180,25,2500,25.0,-9363.35654372027,0.028169699455512374,1181.522831050533,1181.522831050533,
2363ead568,180,26,2600,26.0,-9374.881960574307,0.020722854477119617,869.1795142480071,869.1795142480071,
2363ead568,180,27,2700,27.0,-9383.09893944838,0.03339265318606224,700.2946941445684,700.2946941445684,
2363ead568,180,28,2800,28.0,-9388.387279435043,0.029604372933674343,1241.697398132021,1241.697398132021,
2363ead568,180,29,2900,29.0,-9398.800471763861,0.022026617855048235,923.8633137590022,923.8633137590022,
2363ead568,180,30,3000,30.0,-9407.215771315641,0.033931920153101425,711.6039421291695,711.6039421291695,
2363ead568,180,31,3100,31.0,-9410.084759442485,0.03036969033690059,1273.7971365882347,1273.7971365882347,
2363ead568,180,32,3200,32.0,-9421.691731298613,0.021611475851428818,906.4509960955123,906.4509960955123,
2363ead568,180,33,3300,33.0,-9429.140749441016,0.03362987915430489,705.2696832820882,705.2696832820882,
2363ead568,180,34,3400,34.0,-9430.467626906697,0.03215038542388075,1348.4849018492475,1348.4849018492475,
2363ead568,180,35,3500,35.0,-9440.877968859591,0.023425658283397544,982.543322406875,982.543322406875,
2363ead568,180,36,3600,36.0,-9449.00096232817,0.01739465029026619,729.5845129106463,729.5845129106463,
2363ead568,180,37,3700,37.0,-9454.977214767996,0.028219826456106427,591.8126549207649,591.8126549207649,
2363ead568,180,38,3800,38.0,-9459.31105028384,0.024607949336565967,1032.13220334156,1032.13220334156,
2363ead568,180,39,3900,39.0,-9466.869537218292,0.01840322990124267,771.8874078770172,771.8874078770172,
2363ead568,180,40,4000,40.0,-9472.98119511103,0.028725067835293987,602.4083346092244,602.4083346092244,
2363ead568,180,41,4100,41.0,-9475.79249349574,0.025377351689626182,1064.4032770120584,1064.4032770120584,
2363ead568,180,42,4200,42.0,-9484.095037802228,0.01827675375202785,766.5826136914541,766.5826136914541,
2363ead568,180,43,4300,43.0,-9489.680673617362,0.028686161359715193,601.5924066784943,601.5924066784943,
2363ead568,180,44,4400,44.0,-9491.415508099855,0.02688064679501836,1127.456043749327,1127.456043749327,
2363ead568,180,45,4500,45.0,-9499.114878019605,0.019682502175607568,825.5439760515952,825.5439760515952,
2363ead568,180,46,4600,46.0,-9505.110033393461,0.02965589667273838,621.9292301902663,621.9292301902663,
2363ead568,180,47,4700,47.0,-9505.233907566075,0.02780824921775508,1166.3625092702705,1166.3625092702705,
2363ead568,180,48,4800,48.0,-9514.141694468917,0.019537655519341814,819.4686669539748,819.4686669539748,
2363ead568,180,49,4900,49.0,-9519.567469044834,0.014899978034570438,624.9503747031094,624.9503747031094,
2363ead568,180,50,5000,50.0,-9524.062283506139,0.023995796551026023,503.2283272857733,503.2283272857733,
2363ead568,180,51,5100,51.0,-9527.454572199298,0.020222306003680905,848.1849896046282,848.1849896046282,
2363ead568,180,52,5200,52.0,-9533.232361821594,0.014945562247890355,626.8623151857548,626.8623151857548,
2363ead568,180,53,5300,53.0,-9537.450807208737,0.024040478223990504,504.1653698839816,504.1653698839816,
2363ead568,180,54,5400,54.0,-9540.078838526544,0.021384994611258725,896.9516843798091,896.9516843798091,
2363ead568,180,55,5500,55.0,-9545.596731121941,0.015906416918234325,667.163481058179,667.163481058179,
2363ead568,180,56,5600,56.0,-9549.987406127448,0.024696994840417104,517.9335212357042,517.9335212357042,
2363ead568,180,57,5700,57.0,-9551.579519686673,0.02224508976425303,933.0266897856559,933.0266897856559,
2363ead568,180,58,5800,58.0,-9557.717208982649,0.015991051389121123,670.7133080559629,670.7133080559629,
2363ead568,180,59,5900,59.0,-9561.824134873801,0.024924337653791737,522.7012455932464,522.7012455932464,
2363ead568,180,60,6000,60.0,-9562.633765261602,0.023709558592048992,994.4509644086542,994.4509644086542,
2363ead568,180,61,6100,61.0,-9568.47051087117,0.01729515820820945,725.4115125332578,725.4115125332578,
2363ead568,180,62,6200,62.0,-9572.933589263703,0.012982253181347034,544.515164475366,544.515164475366,
2363ead568,180,63,6300,63.0,-9576.327502600203,0.02118228635178848,444.22474187225885,444.22474187225885,
2363ead568,180,64,6400,64.0,-9578.954478999167,0.018294011202840563,767.30644364119,767.30644364119,
2363ead568,180,65,6500,65.0,-9583.283363181195,0.013748468077952113,576.6525465322693,576.6525465322693,
2363ead568,180,66,6600,66.0,-9586.776444166167,0.021716720261870933,455.4326333062317,455.4326333062317,
2363ead568,180,67,6700,67.0,-9588.641124163325,0.019107370726721844,801.4212146857235,801.4212146857235,
2363ead568,180,68,6800,68.0,-9593.37629955168,0.013925047759598312,584.0588351827427,584.0588351827427,
2363ead568,180,69,6900,69.0,-9596.698128219721,0.02198235863458204,461.00347375230984,461.00347375230984,
2363ead568,180,70,7000,70.0,-9597.937790603306,0.020383590340846434,854.9497450097355,854.9497450097355,
2363ead568,180,71,7100,71.0,-9602.5290601242,0.014983490145783826,628.4531265242166,628.4531265242166,
2363ead568,180,72,7200,72.0,-9606.077132096123,0.022846037873773005,479.1161401905881,479.1161401905881,
2363ead568,180,73,7300,73.0,-9606.413416064004,0.02137745335815447,896.6353812992074,896.6353812992074,
2363ead568,180,74,7400,74.0,-9611.663003494874,0.015195851326350212,637.36020001516,637.36020001516,
2363ead568,180,75,7500,75.0,-9615.01685451258,0.011640363728291778,488.23224147029174,488.23224147029174,
2363ead568,180,76,7600,76.0,-9617.798324170159,0.01889598441816417,396.27751514521833,396.27751514521833,
2363ead568,180,77,7700,77.0,-9620.006102325859,0.0159031930690753,667.0282630239479,667.0282630239479,
2363ead568,180,78,7800,78.0,-9623.588055691565,0.011848870203361728,496.97763689440933,496.97763689440933,
2363ead568,180,79,7900,79.0,-9626.26687743255,0.019128914445879483,401.1624118800504,401.1624118800504,
2363ead568,180,80,8000,80.0,-9627.998331192115,0.01694332788665459,710.6546792830688,710.6546792830688,
2363ead568,180,81,8100,81.0,-9631.524135585301,0.01264054930096905,530.183064952517,530.183064952517,
2363ead568,180,82,8200,82.0,-9634.319874201217,0.019766509462029378,414.5337485131385,414.5337485131385,
2363ead568,180,83,8300,83.0,-9635.411738610055,0.017830089880868517,747.8481730768638,747.8481730768638,
2363ead568,180,84,8400,84.0,-9639.32929283049,0.012912277302567178,541.5801633926675,541.5801633926675,
2363ead568,180,85,8500,85.0,-9642.01887954118,0.02016735806159121,422.94015293582123,422.94015293582123,
2363ead568,180,86,8600,86.0,-9642.56673027151,0.019150379983978123,803.2251536831938,803.2251536831938,
2363ead568,180,87,8700,87.0,-9646.420830713867,0.01399133353903386,586.8390622810391,586.8390622810391,
2363ead568,180,88,8800,88.0,-9649.339237181575,0.010564152934078067,443.0926890801533,443.0926890801533,
2363ead568,180,89,8900,89.0,-9651.594182013803,0.01727548645705598,362.2932097438787,362.2932097438787,
2363ead568,180,90,9000,90.0,-9653.354148940572,0.014907678378796241,625.2733505489857,625.2733505489857,
2363ead568,180,91,9100,91.0,-9656.251475883597,0.011226830605328544,470.8874051525192,470.8874051525192,
2363ead568,180,92,9200,92.0,-9658.582998477797,0.017812023086275122,373.54519839428013,373.54519839428013,
2363ead568,180,93,9300,93.0,-9659.841453386407,0.0157311756283003,659.8133286248246,659.8133286248246,
2363ead568,180,94,9400,94.0,-9663.019246768954,0.011520980952132106,483.2249649145151,483.2249649145151,
2363ead568,180,95,9500,95.0,-9665.28375459655,0.018196889728386234,381.6164368766467,381.6164368766467,
2363ead568,180,96,9600,96.0,-9666.093194852892,0.016906852494060837,709.1247904324932,709.1247904324932,
2363ead568,180,97,9700,97.0,-9669.25669991833,0.01243678656574199,521.636636398379,521.636636398379,
2363ead568,180,98,9800,98.0,-9671.681335990428,0.01902170938077407,398.9141587130911,398.9141587130911,
2363ead568,180,99,9900,99.0,-9671.858013363426,0.017920651830196775,751.6466165400167,751.6466165400167,
2363ead568,180,100,10000,100.0,-9675.480106019997,0.012793519401876795,536.5990960136947,536.5990960136947,
2363ead568,180,101,10100,101.0,-9677.828095809731,0.009790353288964654,410.6371796131763,410.6371796131763,
2363ead568,180,102,10200,102.0,-9679.765173094924,0.015883031797859628,333.0913190094491,333.0913190094491,
2363ead568,180,103,10300,103.0,-9681.23643477188,0.013514220492724141,566.8274906951484,566.8274906951484,
2363ead568,180,104,10400,104.0,-9683.76393343112,0.010073701116887981,422.5216488936772,422.5216488936772,
2363ead568,180,105,10500,105.0,-9685.658702805471,0.01621095728712105,339.96841496600496,339.96841496600496,
2363ead568,180,106,10600,106.0,-9686.777396755067,0.014506875493917146,608.4624591163868,608.4624591163868,
2363ead568,180,107,10700,107.0,-9689.315357863068,0.010802837965926978,453.10386491839404,453.10386491839404,
2363ead568,180,108,10800,108.0,-9691.307540573627,0.016861920967183457,353.62011280170725,353.62011280170725,
2363ead568,180,109,10900,109.0,-9691.95308687384,0.015411066654217433,646.386985120508,646.386985120508,
2363ead568,180,110,11000,110.0,-9694.795168768025,0.01116317322143858,468.2174209537272,468.2174209537272,
2363ead568,180,111,11100,111.0,-9696.745443999851,0.0173584365756879,364.0327998157704,364.0327998157704,
2363ead568,180,112,11200,112.0,-9696.959811912498,0.016675825188812228,699.4348029273588,699.4348029273588,
2363ead568,180,113,11300,113.0,-9699.819166239655,0.012156742296943924,509.89072843041026,509.89072843041026,
2363ead568,180,114,11400,114.0,-9701.951635781717,0.00915607478591806,384.03361098875246,384.03361098875246,
2363ead568,180,115,11500,115.0,-9703.59220076971,0.014887904750283813,312.2219922286721,312.2219922286721,
2363ead568,180,116,11600,116.0,-9704.74678382316,0.01305024878263954,547.3671067002016,547.3671067002016,
2363ead568,180,117,11700,117.0,-9706.899785542522,0.00979013203506743,410.6278995521145,410.6278995521145,
2363ead568,180,118,11800,118.0,-9708.611632488426,0.015455907057799584,324.13386398078507,324.13386398078507,
2363ead568,180,119,11900,119.0,-9709.379772560857,0.013891764503237775,582.6628342298818,582.6628342298818,
2363ead568,180,120,12000,120.0,-9711.766356378752,0.010149042464461825,425.68169404862084,425.68169404862084,
2363ead568,180,121,12100,121.0,-9713.452960186047,0.01592187957517156,333.90601594830184,333.90601594830184,
2363ead568,180,122,12200,122.0,-9713.856331602856,0.015039423596380776,630.7991454799428,630.7991454799428,
2363ead568,180,123,12300,123.0,-9716.277163165223,0.011021454317808193,462.2732993100018,462.2732993100018,
2363ead568,180,124,12400,124.0,-9718.101745314445,0.00838286770079063,351.60295528896955,351.60295528896955,
2363ead568,180,125,12500,125.0,-9719.537083035833,0.013763919174041852,288.6503062368023,288.6503062368023,
2363ead568,180,126,12600,126.0,-9720.689640446088,0.011830369252642255,496.2016507783447,496.2016507783447,
2363ead568,180,127,12700,127.0,-9722.539092659248,0.008939800384552323,374.96240512129344,374.96240512129344,
2363ead568,180,128,12800,128.0,-9724.027714406426,0.014263548263772508,299.12828768467034,299.12828768467034,
2363ead568,180,129,12900,129.0,-9724.860557216627,0.01261299250331975,529.0272490864401,529.0272490864401,
2363ead568,180,130,13000,130.0,-9726.893031031745,0.009289812399259833,389.64297305465084,389.64297305465084,
2363ead568,180,131,13100,131.0,-9728.36671452309,0.014698086629498366,308.24121771225765,308.24121771225765,
2363ead568,180,132,13200,132.0,-9728.889156440686,0.013659454169200719,572.9190325969523,572.9190325969523,
2363ead568,180,133,13300,133.0,-9730.96352266059,0.010062976608487874,422.0718304088714,422.0718304088714,
2363ead568,180,134,13400,134.0,-9732.543826279356,0.01544999958493629,324.0099752954831,324.0099752954831,
2363ead568,180,135,13500,135.0,-9732.639816644943,0.014635291697079758,613.8486250622841,613.8486250622841,
2363ead568,180,136,13600,136.0,-9735.017509084282,0.010497202618802584,440.2845893285416,440.2845893285416,
2363ead568,180,137,13700,137.0,-9736.583714572727,0.008031106429095313,336.849018199802,336.849018199802,
2363ead568,180,138,13800,138.0,-9737.870290522367,0.013030407005325421,273.2674411203222,273.2674411203222,
2363ead568,180,139,13900,139.0,-9738.80955775345,0.011194495032702092,469.53115293642486,469.53115293642486,
2363ead568,180,140,14000,140.0,-9740.507608400594,0.008353595287636047,350.3751812931301,350.3751812931301,
2363ead568,180,141,14100,141.0,-9741.785292468068,0.01340797895709535,281.18569885830425,281.18569885830425,
2363ead568,180,142,14200,142.0,-9742.472065344413,0.012109971456205728,507.9290171864951,507.9290171864951,
2363ead568,180,143,14300,143.0,-9744.211843372823,0.00900546638214329,377.7166366848911,377.7166366848911,
2363ead568,180,144,14400,144.0,-9745.564138153553,0.014038027291823421,294.39877011102067,294.39877011102067,
2363ead568,180,145,14500,145.0,-9745.913641432047,0.012990953843535297,544.8800966975548,544.8800966975548,
2363ead568,180,146,14600,146.0,-9747.876152885598,0.009416914616001913,394.97402641555277,394.97402641555277,
2363ead568,180,147,14700,147.0,-9749.224019786365,0.01458449842357598,305.8591003799921,305.8591003799921,
2363ead568,180,148,14800,148.0,-9749.244554468323,0.01416490956584554,594.1193685166421,594.1193685166421,
2363ead568,180,149,14900,149.0,-9751.265903852373,0.010306907195463377,432.3030207756082,432.3030207756082,
2363ead568,180,150,15000,150.0,-9752.749894989034,0.007747086773345302,324.93637041789276,324.93637041789276,
2363ead568,180,151,15100,151.0,-9753.887355257042,0.012528116938053571,262.73365492872904,262.73365492872904,
2363ead568,180,152,15200,152.0,-9754.596406076096,0.01114998053328789,467.6640795069151,467.6640795069151,
2363ead568,180,153,15300,153.0,-9756.121568945175,0.008334918114811633,349.5918038862692,349.5918038862692,
2363ead568,180,154,15400,154.0,-9757.318907607418,0.01309761951867127,274.67698968820486,274.67698968820486,
2363ead568,180,155,15500,155.0,-9757.74072611989,0.011977461541732001,502.371148543327,502.371148543327,
2363ead568,180,156,15600,156.0,-9759.448864453518,0.00873342906539582,366.3065646270598,366.3065646270598,
2363ead568,180,157,15700,157.0,-9760.646924987745,0.013611461514079267,285.4530373717437,285.4530373717437,
2363ead568,180,158,15800,158.0,-9760.782356508342,0.013064597262319382,547.9689255573525,547.9689255573525,
2363ead568,180,159,15900,159.0,-9762.550796573974,0.009540885275756996,400.1737327564866,400.1737327564866,
2363ead568,180,160,16000,160.0,-9763.859797376828,0.007220461539513812,302.8481071702895,302.8481071702895,
2363ead568,180,161,16100,161.0,-9764.879609081165,0.011758728864359391,246.59841755349032,246.59841755349032,
2363ead568,180,162,16200,162.0,-9765.593181307502,0.010320752040942953,432.88371568335185,432.88371568335185,
2363ead568,180,163,16300,163.0,-9766.941672981262,0.007754128589970328,325.23172561426884,325.23172561426884,
2363ead568,180,164,16400,164.0,-9768.01029858386,0.012276554863254843,257.45801584584626,257.45801584584626,
2363ead568,180,165,16500,165.0,-9768.477023208381,0.011098990318541526,465.5253948902,465.5253948902,
2363ead568,180,166,16600,166.0,-9769.9778788121,0.008137910414563668,341.32870203446043,341.32870203446043,
2363ead568,180,167,16700,167.0,-9771.050401338562,0.012759559813347697,267.5873638168176,267.5873638168176,
2363ead568,180,168,16800,168.0,-9771.266411020335,0.012109592847530524,507.91313718768674,507.91313718768674,
2363ead568,180,169,16900,169.0,-9772.826577030077,0.008875085852998956,372.2480809357691,372.2480809357691,
2363ead568,180,170,17000,170.0,-9773.990794608078,0.006759893831515809,283.5304973710209,283.5304973710209,
2363ead568,180,171,17100,171.0,-9774.910932117387,0.011081016422271304,232.38575751999113,232.38575751999113,
2363ead568,180,172,17200,172.0,-9775.6173834984,0.009599288148090591,402.6233267668897,402.6233267668897,
2363ead568,180,173,17300,173.0,-9776.81882823604,0.007247314966479576,303.97442153165144,303.97442153165144,
2363ead568,180,174,17400,174.0,-9777.77932702383,0.011554428945211971,242.3139377130918,242.3139377130918,
2363ead568,180,175,17500,175.0,-9778.271875775212,0.010332374814006283,433.3712101188583,433.3712101188583,
2363ead568,180,176,17600,176.0,-9779.601749463309,0.007615617721262456,319.42215870762,319.42215870762,
2363ead568,180,177,17700,177.0,-9780.568061209757,0.012008678955636407,251.84025089170805,251.84025089170805,
2363ead568,180,178,17800,178.0,-9780.839908797852,0.011275198394090372,472.9160972512681,472.9160972512681,
2363ead568,180,179,17900,179.0,-9782.226775043822,,347.809531134511,347.809531134511,
099dbb65ee,180,0,0,0.0,-0.020382972047095268,1.1302191417984637,46.29377604806508,46.29377604806508,"ProjectedCommonDirectionsConfig(subspace_frac_grads=0.05, subspace_frac_updates=0.05, subspace_frac_random=0.2, direction_str=sd, random_proj=True, random_proj_dim_frac=1, inner_use_full_grad=True, orth_P_k=True, beta=0.001, tau=0.5, c_const=inf, N_try=200, alpha_max=100, p_const=1)"
099dbb65ee,180,1,100,1.0,-6084.076106186598,0.5227232506811869,21924.60221225104,21924.60221225104,
099dbb65ee,180,2,200,2.0,-6554.114728413645,0.266345103593924,11171.323333844097,11171.323333844097,
099dbb65ee,180,3,300,3.0,-8545.678612654341,0.19117380336636405,4009.20524077377,4009.20524077377,
099dbb65ee,180,4,400,4.0,-8558.885810706057,0.1549911375335609,6500.799481215643,6500.799481215643,
099dbb65ee,180,5,500,5.0,-8838.219666906574,0.08156291012893738,3420.996402054425,3420.996402054425,
099dbb65ee,180,6,600,6.0,-8968.126290967852,0.09246145722517993,1939.0572994270046,1939.0572994270046,
099dbb65ee,180,7,700,7.0,-9008.151072825589,0.0712784598017582,2989.635290603536,2989.635290603536,
099dbb65ee,180,8,800,8.0,-9083.040409250896,0.04692565850820878,1968.2047718361423,1968.2047718361423,
099dbb65ee,180,9,900,9.0,-9118.951295714054,0.07275217445432006,1525.723681612262,1525.723681612262,
099dbb65ee,180,10,1000,10.0,-9120.957825159776,0.07101210728908844,2978.463656510529,2978.463656510529,
099dbb65ee,180,11,1100,11.0,-9161.25592704472,0.051799899587643465,2172.6452604005144,2172.6452604005144,
099dbb65ee,180,12,1200,12.0,-9196.402301792972,0.036302103227117674,1522.6205677391256,1522.6205677391256,
099dbb65ee,180,13,1300,13.0,-9216.625304265533,0.02811020044178276,1179.0272615377128,1179.0272615377128,
099dbb65ee,180,14,1400,14.0,-9233.489002453094,0.045082567183425355,945.4499593385489,945.4499593385489,
099dbb65ee,180,15,1500,15.0,-9246.37321130679,0.03661897345864963,1535.9110685350793,1535.9110685350793,
099dbb65ee,180,16,1600,16.0,-9265.713430406138,0.026694866323998426,1119.663846022119,1119.663846022119,
099dbb65ee,180,17,1700,17.0,-9278.860254125999,0.04269039786569259,895.282532648329,895.282532648329,
099dbb65ee,180,18,1800,18.0,-9285.684326355144,0.03871534259180491,1623.8391629417783,1623.8391629417783,
099dbb65ee,180,19,1900,19.0,-9302.031330128448,0.028647866834073464,1201.5786245362165,1201.5786245362165,
099dbb65ee,180,20,2000,20.0,-9315.327589035442,0.043190531615935286,905.771097594219,905.771097594219,
099dbb65ee,180,21,2100,21.0,-9316.874799595542,0.03953811420359866,1658.348705566105,1658.348705566105,
099dbb65ee,180,22,2200,22.0,-9335.758817454791,0.027573400739551654,1156.5122501550445,1156.5122501550445,
099dbb65ee,180,23,2300,23.0,-9346.804135010227,0.0211512005530127,887.1456508430334,887.1456508430334,
099dbb65ee,180,24,2400,24.0,-9356.085441279345,0.034039122204073624,713.8521320851746,713.8521320851746,
099dbb65ee,180,25,2500,25.0,-9363.356543720272,0.028169699455513127,1181.5228310505652,1181.5228310505652,
099dbb65ee,180,26,2600,26.0,-9374.881960574307,0.02072285447711985,869.179514248017,869.179514248017,
099dbb65ee,180,27,2700,27.0,-9383.09893944838,0.03339265318606223,700.294694144568,700.294694144568,
099dbb65ee,180,28,2800,28.0,-9388.38727943504,0.029604372933674173,1241.6973981320134,1241.6973981320134,
099dbb65ee,180,29,2900,29.0,-9398.800471763863,0.022026617855047947,923.8633137589902,923.8633137589902,
099dbb65ee,180,30,3000,30.0,-9407.215771315643,0.0339319201531009,711.6039421291586,711.6039421291586,
099dbb65ee,180,31,3100,31.0,-9410.084759442485,0.03036969033689984,1273.797136588204,1273.797136588204,
099dbb65ee,180,32,3200,32.0,-9421.691731298613,0.021611475851428363,906.4509960954939,906.4509960954939,
099dbb65ee,180,33,3300,33.0,-9429.140749441016,0.0336298791543042,705.2696832820739,705.2696832820739,
099dbb65ee,180,34,3400,34.0,-9430.467626906699,0.03215038542387972,1348.4849018492037,1348.4849018492037,
099dbb65ee,180,35,3500,35.0,-9440.877968859591,0.02342565828339691,982.5433224068478,982.5433224068478,
099dbb65ee,180,36,3600,36.0,-9449.000962328168,0.01739465029026572,729.5845129106266,729.5845129106266,
099dbb65ee,180,37,3700,37.0,-9454.977214767994,0.02821982645610558,591.8126549207474,591.8126549207474,
099dbb65ee,180,38,3800,38.0,-9459.31105028384,0.024607949336564388,1032.1322033414936,1032.1322033414936,
099dbb65ee,180,39,3900,39.0,-9466.869537218292,0.018403229901241422,771.8874078769652,771.8874078769652,
099dbb65ee,180,40,4000,40.0,-9472.981195111028,0.028725067835292495,602.4083346091935,602.4083346091935,
099dbb65ee,180,41,4100,41.0,-9475.792493495743,0.025377351689624142,1064.4032770119727,1064.4032770119727,
099dbb65ee,180,42,4200,42.0,-9484.09503780223,0.018276753752026784,766.5826136914095,766.5826136914095,
099dbb65ee,180,43,4300,43.0,-9489.680673617366,0.028686161359714142,601.5924066784713,601.5924066784713,
099dbb65ee,180,44,4400,44.0,-9491.415508099857,0.026880646795016623,1127.4560437492535,1127.4560437492535,
099dbb65ee,180,45,4500,45.0,-9499.114878019604,0.019682502175606374,825.5439760515446,825.5439760515446,
099dbb65ee,180,46,4600,46.0,-9505.110033393465,0.029655896672736964,621.9292301902369,621.9292301902369,
099dbb65ee,180,47,4700,47.0,-9505.233907566078,0.02780824921775335,1166.3625092701964,1166.3625092701964,
099dbb65ee,180,48,4800,48.0,-9514.141694468917,0.01953765551934093,819.4686669539371,819.4686669539371,
099dbb65ee,180,49,4900,49.0,-9519.567469044836,0.014899978034569888,624.9503747030861,624.9503747030861,
099dbb65ee,180,50,5000,50.0,-9524.06228350614,0.023995796551025576,503.2283272857639,503.2283272857639,
099dbb65ee,180,51,5100,51.0,-9527.454572199296,0.0202223060036803,848.1849896046026,848.1849896046026,
099dbb65ee,180,52,5200,52.0,-9533.232361821596,0.014945562247890074,626.8623151857427,626.8623151857427,
099dbb65ee,180,53,5300,53.0,-9537.450807208737,0.024040478223990153,504.16536988397377,504.16536988397377,
099dbb65ee,180,54,5400,54.0,-9540.078838526544,0.021384994611258236,896.9516843797885,896.9516843797885,
099dbb65ee,180,55,5500,55.0,-9545.596731121941,0.01590641691823407,667.1634810581688,667.1634810581688,
099dbb65ee,180,56,5600,56.0,-9549.987406127448,0.02469699484041682,517.933521235698,517.933521235698,
099dbb65ee,180,57,5700,57.0,-9551.579519686675,0.02224508976425273,933.0266897856427,933.0266897856427,
099dbb65ee,180,58,5800,58.0,-9557.717208982649,0.01599105138912101,670.7133080559578,670.7133080559578,
099dbb65ee,180,59,5900,59.0,-9561.824134873801,0.024924337653791442,522.7012455932403,522.7012455932403,
099dbb65ee,180,60,6000,60.0,-9562.633765261602,0.023709558592048326,994.4509644086262,994.4509644086262,
099dbb65ee,180,61,6100,61.0,-9568.47051087117,0.017295158208208868,725.4115125332326,725.4115125332326,
099dbb65ee,180,62,6200,62.0,-9572.933589263701,0.01298225318134659,544.5151644753473,544.5151644753473,
099dbb65ee,180,63,6300,63.0,-9576.327502600205,0.021182286351787896,444.2247418722467,444.2247418722467,
099dbb65ee,180,64,6400,64.0,-9578.954478999167,0.018294011202839695,767.3064436411531,767.3064436411531,
099dbb65ee,180,65,6500,65.0,-9583.283363181195,0.01374846807795177,576.6525465322542,576.6525465322542,
099dbb65ee,180,66,6600,66.0,-9586.776444166167,0.021716720261870655,455.4326333062254,455.4326333062254,
099dbb65ee,180,67,6700,67.0,-9588.641124163327,0.01910737072672123,801.4212146856974,801.4212146856974,
099dbb65ee,180,68,6800,68.0,-9593.376299551683,0.013925047759597908,584.0588351827253,584.0588351827253,
099dbb65ee,180,69,6900,69.0,-9596.69812821972,0.021982358634581898,461.0034737523071,461.0034737523071,
099dbb65ee,180,70,7000,70.0,-9597.937790603306,0.020383590340846202,854.9497450097257,854.9497450097257,
099dbb65ee,180,71,7100,71.0,-9602.5290601242,0.01498349014578354,628.4531265242048,628.4531265242048,
099dbb65ee,180,72,7200,72.0,-9606.077132096123,0.022846037873772648,479.1161401905803,479.1161401905803,
099dbb65ee,180,73,7300,73.0,-9606.413416064004,0.02137745335815372,896.6353812991757,896.6353812991757,
099dbb65ee,180,74,7400,74.0,-9611.663003494874,0.015195851326349308,637.3602000151218,637.3602000151218,
099dbb65ee,180,75,7500,75.0,-9615.01685451258,0.011640363728290947,488.2322414702565,488.2322414702565,
099dbb65ee,180,76,7600,76.0,-9617.79832417016,0.018895984418163182,396.27751514519747,396.27751514519747,
099dbb65ee,180,77,7700,77.0,-9620.006102325857,0.0159031930690736,667.0282630238764,667.0282630238764,
099dbb65ee,180,78,7800,78.0,-9623.588055691564,0.01184887020336048,496.97763689435675,496.97763689435675,
099dbb65ee,180,79,7900,79.0,-9626.26687743255,0.019128914445878123,401.162411880022,401.162411880022,
099dbb65ee,180,80,8000,80.0,-9627.998331192115,0.016943327886652506,710.6546792829815,710.6546792829815,
099dbb65ee,180,81,8100,81.0,-9631.524135585301,0.012640549300967774,530.1830649524635,530.1830649524635,
099dbb65ee,180,82,8200,82.0,-9634.319874201217,0.019766509462027907,414.5337485131077,414.5337485131077,
099dbb65ee,180,83,8300,83.0,-9635.411738610059,0.017830089880866335,747.8481730767719,747.8481730767719,
099dbb65ee,180,84,8400,84.0,-9639.32929283049,0.012912277302565838,541.5801633926109,541.5801633926109,
099dbb65ee,180,85,8500,85.0,-9642.018879541181,0.020167358061589456,422.9401529357844,422.9401529357844,
099dbb65ee,180,86,8600,86.0,-9642.566730271516,0.01915037998397559,803.2251536830878,803.2251536830878,
099dbb65ee,180,87,8700,87.0,-9646.420830713867,0.013991333539032577,586.8390622809851,586.8390622809851,
099dbb65ee,180,88,8800,88.0,-9649.339237181577,0.01056415293407747,443.0926890801284,443.0926890801284,
099dbb65ee,180,89,8900,89.0,-9651.594182013801,0.017275486457055157,362.29320974386127,362.29320974386127,
099dbb65ee,180,90,9000,90.0,-9653.354148940572,0.014907678378794463,625.273350548911,625.273350548911,
099dbb65ee,180,91,9100,91.0,-9656.251475883599,0.011226830605327072,470.8874051524572,470.8874051524572,
099dbb65ee,180,92,9200,92.0,-9658.582998477796,0.01781202308627324,373.545198394241,373.545198394241,
099dbb65ee,180,93,9300,93.0,-9659.841453386409,0.015731175628297428,659.8133286247036,659.8133286247036,
099dbb65ee,180,94,9400,94.0,-9663.019246768954,0.011520980952130453,483.22496491444565,483.22496491444565,
099dbb65ee,180,95,9500,95.0,-9665.283754596552,0.01819688972838435,381.61643687660717,381.61643687660717,
099dbb65ee,180,96,9600,96.0,-9666.093194852892,0.01690685249405781,709.1247904323661,709.1247904323661,
099dbb65ee,180,97,9700,97.0,-9669.256699918327,0.012436786565740073,521.636636398299,521.636636398299,
099dbb65ee,180,98,9800,98.0,-9671.68133599043,0.019021709380771867,398.9141587130448,398.9141587130448,
099dbb65ee,180,99,9900,99.0,-9671.85801336343,0.017920651830193396,751.646616539875,751.646616539875,
099dbb65ee,180,100,10000,100.0,-9675.480106019999,0.012793519401874665,536.5990960136055,536.5990960136055,
099dbb65ee,180,101,10100,101.0,-9677.828095809733,0.00979035328896353,410.63717961312864,410.63717961312864,
099dbb65ee,180,102,10200,102.0,-9679.765173094924,0.015883031797858462,333.09131900942504,333.09131900942504,
099dbb65ee,180,103,10300,103.0,-9681.23643477188,0.013514220492722299,566.8274906950711,566.8274906950711,
099dbb65ee,180,104,10400,104.0,-9683.76393343112,0.010073701116886881,422.5216488936309,422.5216488936309,
099dbb65ee,180,105,10500,105.0,-9685.658702805471,0.0162109572871196,339.9684149659743,339.9684149659743,
099dbb65ee,180,106,10600,106.0,-9686.777396755067,0.014506875493914715,608.4624591162849,608.4624591162849,
099dbb65ee,180,107,10700,107.0,-9689.31535786307,0.010802837965925424,453.1038649183283,453.1038649183283,
099dbb65ee,180,108,10800,108.0,-9691.307540573625,0.016861920967181573,353.6201128016675,353.6201128016675,
099dbb65ee,180,109,10900,109.0,-9691.95308687384,0.015411066654214505,646.386985120385,646.386985120385,
099dbb65ee,180,110,11000,110.0,-9694.795168768029,0.011163173221436718,468.21742095364897,468.21742095364897,
099dbb65ee,180,111,11100,111.0,-9696.745443999853,0.01735843657568597,364.03279981572996,364.03279981572996,
099dbb65ee,180,112,11200,112.0,-9696.959811912498,0.016675825188809466,699.4348029272428,699.4348029272428,
099dbb65ee,180,113,11300,113.0,-9699.819166239657,0.012156742296942222,509.89072843033955,509.89072843033955,
099dbb65ee,180,114,11400,114.0,-9701.951635781717,0.00915607478591713,384.03361098871363,384.03361098871363,
099dbb65ee,180,115,11500,115.0,-9703.59220076971,0.014887904750282384,312.22199222864214,312.22199222864214,
099dbb65ee,180,116,11600,116.0,-9704.746783823159,0.013050248782636952,547.3671067000932,547.3671067000932,
099dbb65ee,180,117,11700,117.0,-9706.899785542522,0.009790132035065801,410.6278995520463,410.6278995520463,
099dbb65ee,180,118,11800,118.0,-9708.611632488428,0.015455907057797662,324.133863980745,324.133863980745,
099dbb65ee,180,119,11900,119.0,-9709.379772560858,0.013891764503234856,582.6628342297596,582.6628342297596,
099dbb65ee,180,120,12000,120.0,-9711.766356378756,0.010149042464460193,425.68169404855263,425.68169404855263,
099dbb65ee,180,121,12100,121.0,-9713.452960186049,0.015921879575169835,333.90601594826575,333.90601594826575,
099dbb65ee,180,122,12200,122.0,-9713.85633160286,0.015039423596378297,630.799145479839,630.799145479839,
099dbb65ee,180,123,12300,123.0,-9716.277163165223,0.011021454317806706,462.27329930993966,462.27329930993966,
099dbb65ee,180,124,12400,124.0,-9718.101745314445,0.008382867700789855,351.60295528893704,351.60295528893704,
099dbb65ee,180,125,12500,125.0,-9719.537083035833,0.013763919174041087,288.6503062367862,288.6503062367862,
099dbb65ee,180,126,12600,126.0,-9720.689640446086,0.011830369252641098,496.2016507782955,496.2016507782955,
099dbb65ee,180,127,12700,127.0,-9722.539092659248,0.00893980038455182,374.96240512127235,374.96240512127235,
099dbb65ee,180,128,12800,128.0,-9724.027714406426,0.014263548263772005,299.12828768466,299.12828768466,
099dbb65ee,180,129,12900,129.0,-9724.860557216625,0.012612992503319166,529.0272490864158,529.0272490864158,
099dbb65ee,180,130,13000,130.0,-9726.893031031745,0.009289812399259608,389.64297305464163,389.64297305464163,
099dbb65ee,180,131,13100,131.0,-9728.366714523094,0.014698086629498014,308.24121771225026,308.24121771225026,
099dbb65ee,180,132,13200,132.0,-9728.889156440686,0.013659454169200077,572.9190325969258,572.9190325969258,
099dbb65ee,180,133,13300,133.0,-9730.963522660591,0.010062976608487458,422.07183040885354,422.07183040885354,
099dbb65ee,180,134,13400,134.0,-9732.543826279358,0.015449999584935654,324.0099752954697,324.0099752954697,
099dbb65ee,180,135,13500,135.0,-9732.639816644945,0.014635291697078725,613.8486250622409,613.8486250622409,
099dbb65ee,180,136,13600,136.0,-9735.017509084282,0.01049720261880207,440.2845893285199,440.2845893285199,
099dbb65ee,180,137,13700,137.0,-9736.583714572727,0.008031106429095188,336.84901819979655,336.84901819979655,
099dbb65ee,180,138,13800,138.0,-9737.870290522367,0.013030407005325368,273.267441120321,273.267441120321,
099dbb65ee,180,139,13900,139.0,-9738.809557753451,0.011194495032701974,469.53115293642026,469.53115293642026,
099dbb65ee,180,140,14000,140.0,-9740.507608400594,0.008353595287636248,350.37518129313844,350.37518129313844,
099dbb65ee,180,141,14100,141.0,-9741.785292468068,0.013407978957096032,281.18569885831863,281.18569885831863,
099dbb65ee,180,142,14200,142.0,-9742.472065344413,0.012109971456206587,507.9290171865312,507.9290171865312,
099dbb65ee,180,143,14300,143.0,-9744.211843372821,0.0090054663821436,377.7166366849043,377.7166366849043,
099dbb65ee,180,144,14400,144.0,-9745.564138153553,0.01403802729182366,294.3987701110256,294.3987701110256,
099dbb65ee,180,145,14500,145.0,-9745.913641432047,0.012990953843535569,544.880096697566,544.880096697566,
099dbb65ee,180,146,14600,146.0,-9747.876152885598,0.00941691461600193,394.97402641555396,394.97402641555396,
099dbb65ee,180,147,14700,147.0,-9749.224019786365,0.014584498423575917,305.8591003799908,305.8591003799908,
099dbb65ee,180,148,14800,148.0,-9749.244554468323,0.014164909565845225,594.1193685166289,594.1193685166289,
099dbb65ee,180,149,14900,149.0,-9751.265903852373,0.010306907195463101,432.30302077559696,432.30302077559696,
099dbb65ee,180,150,15000,150.0,-9752.749894989034,0.007747086773345255,324.936370417891,324.936370417891,
099dbb65ee,180,151,15100,151.0,-9753.887355257042,0.012528116938053906,262.7336549287362,262.7336549287362,
099dbb65ee,180,152,15200,152.0,-9754.596406076094,0.011149980533288605,467.66407950694526,467.66407950694526,
099dbb65ee,180,153,15300,153.0,-9756.121568945178,0.008334918114812155,349.59180388629085,349.59180388629085,
099dbb65ee,180,154,15400,154.0,-9757.318907607418,0.013097619518671923,274.6769896882185,274.6769896882185,
099dbb65ee,180,155,15500,155.0,-9757.74072611989,0.01197746154173284,502.37114854336244,502.37114854336244,
099dbb65ee,180,156,15600,156.0,-9759.448864453516,0.008733429065396267,366.3065646270785,366.3065646270785,
099dbb65ee,180,157,15700,157.0,-9760.646924987745,0.01361146151408014,285.4530373717619,285.4530373717619,
099dbb65ee,180,158,15800,158.0,-9760.782356508342,0.013064597262320706,547.9689255574075,547.9689255574075,
099dbb65ee,180,159,15900,159.0,-9762.550796573976,0.00954088527575786,400.173732756523,400.173732756523,
099dbb65ee,180,160,16000,160.0,-9763.859797376825,0.0072204615395144185,302.8481071703148,302.8481071703148,
099dbb65ee,180,161,16100,161.0,-9764.879609081165,0.011758728864360074,246.59841755350453,246.59841755350453,
099dbb65ee,180,162,16200,162.0,-9765.593181307502,0.010320752040944126,432.883715683401,432.883715683401,
099dbb65ee,180,163,16300,163.0,-9766.941672981264,0.007754128589971091,325.2317256143008,325.2317256143008,
099dbb65ee,180,164,16400,164.0,-9768.010298583862,0.012276554863255839,257.458015845867,257.458015845867,
099dbb65ee,180,165,16500,165.0,-9768.47702320838,0.011098990318542931,465.525394890259,465.525394890259,
099dbb65ee,180,166,16600,166.0,-9769.977878812098,0.008137910414564464,341.32870203449374,341.32870203449374,
099dbb65ee,180,167,16700,167.0,-9771.050401338562,0.012759559813348911,267.587363816843,267.587363816843,
099dbb65ee,180,168,16800,168.0,-9771.266411020335,0.012109592847532312,507.91313718776144,507.91313718776144,
099dbb65ee,180,169,16900,169.0,-9772.826577030079,0.008875085852999976,372.2480809358124,372.2480809358124,
099dbb65ee,180,170,17000,170.0,-9773.990794608075,0.006759893831516163,283.5304973710359,283.5304973710359,
099dbb65ee,180,171,17100,171.0,-9774.910932117387,0.01108101642227136,232.38575751999218,232.38575751999218,
099dbb65ee,180,172,17200,172.0,-9775.6173834984,0.009599288148090647,402.62332676689175,402.62332676689175,
099dbb65ee,180,173,17300,173.0,-9776.818828236042,0.00724731496647961,303.9744215316529,303.9744215316529,
099dbb65ee,180,174,17400,174.0,-9777.779327023834,0.011554428945211892,242.31393771308984,242.31393771308984,
099dbb65ee,180,175,17500,175.0,-9778.271875775212,0.010332374814006057,433.3712101188484,433.3712101188484,
099dbb65ee,180,176,17600,176.0,-9779.601749463309,0.00761561772126225,319.42215870761146,319.42215870761146,
099dbb65ee,180,177,17700,177.0,-9780.568061209755,0.012008678955636337,251.84025089170675,251.84025089170675,
099dbb65ee,180,178,17800,178.0,-9780.839908797852,0.011275198394090488,472.9160972512732,472.9160972512732,
099dbb65ee,180,179,17900,179.0,-9782.226775043822,,347.8095311345141,347.8095311345141,
