run_id,equiv_grad_budget,row,deriv_evals,equiv_grad_evals,f_vals,update_norms,full_grad_norms,proj_grad_norms,config_str
ef38065eb5,180,0,0,0.0,-0.513108296444765,0.07643065367259352,0.0015286130734518705,0.0015286130734518705,"ProjectedCommonDirectionsConfig(subspace_frac_grads=0.1, subspace_frac_updates=0.1, subspace_frac_random=0.1, direction_str=sd, random_proj=True, random_proj_dim_frac=1, inner_use_full_grad=True, orth_P_k=True, beta=0.001, tau=0.5, c_const=inf, N_try=200, alpha_max=100, p_const=1)"
ef38065eb5,180,1,100,1.0,-0.5131609440948979,0.008754317090288698,0.011205525875569528,0.011205525875569528,
ef38065eb5,180,2,200,2.0,-0.5131822479553914,0.004241006534490233,0.010856976728294988,0.010856976728294988,
ef38065eb5,180,3,300,3.0,-0.5132018926865459,0.0032201256080647716,0.004121760778322908,0.004121760778322908,
ef38065eb5,180,4,400,4.0,-0.5132034132619842,0.002388817027741841,0.006115371591019109,0.006115371591019109,
ef38065eb5,180,5,500,5.0,-0.5132087239578106,0.002475270288708069,0.0031683459695463273,0.0031683459695463273,
ef38065eb5,180,6,600,6.0,-0.5132091504499465,0.002015517677431508,0.005159725254224659,0.005159725254224659,
ef38065eb5,180,7,700,7.0,-0.5132127273118491,0.0022306208274736413,0.0028551946591662595,0.0028551946591662595,
ef38065eb5,180,8,800,8.0,-0.5132127667866371,0.001897229514931862,0.004856907558225565,0.004856907558225565,
ef38065eb5,180,9,900,9.0,-0.5132158029692616,0.0010760513849405972,0.002754691545447928,0.002754691545447928,
ef38065eb5,180,10,1000,10.0,-0.513217222612928,0.0014859185233103377,0.0019019757098372328,0.0019019757098372328,
ef38065eb5,180,11,1100,11.0,-0.5132184373014754,0.0010795939014540117,0.0027637603877222706,0.0027637603877222706,
ef38065eb5,180,12,1200,12.0,-0.5132197905189373,0.0014733036253265874,0.0018858286404180324,0.0018858286404180324,
ef38065eb5,180,13,1300,13.0,-0.5132208157230992,0.0011116910806770349,0.0028459291665332087,0.0028459291665332087,
ef38065eb5,180,14,1400,14.0,-0.5132221673342141,0.0014912359102302424,0.0019087819650947101,0.0019087819650947101,
ef38065eb5,180,15,1500,15.0,-0.513223021487795,0.0011669194597310427,0.0029873138169114696,0.0029873138169114696,
ef38065eb5,180,16,1600,16.0,-0.5132244186668671,0.0015337002630029276,0.0019631363366437475,0.0019631363366437475,
ef38065eb5,180,17,1700,17.0,-0.5132250936537861,0.0012436524337525753,0.00318375023040659,0.00318375023040659,
ef38065eb5,180,18,1800,18.0,-0.513226579313733,0.0015990327505431869,0.002046761920695281,0.002046761920695281,
ef38065eb5,180,19,1900,19.0,-0.5132270481162216,0.0013422292157233076,0.0034361067922516675,0.0034361067922516675,
ef38065eb5,180,20,2000,20.0,-0.51322866808691,0.0016878778137448334,0.0021604836015933866,0.0021604836015933866,
ef38065eb5,180,21,2100,21.0,-0.5132288860265167,0.0014642063367127525,0.0037483682219846453,0.0037483682219846453,
ef38065eb5,180,22,2200,22.0,-0.5132306943308665,0.0009011559465181015,0.0023069592230863384,0.0023069592230863384,
ef38065eb5,180,23,2300,23.0,-0.5132317094535479,0.0013078728689390464,0.0016740772722419798,0.0016740772722419798,
ef38065eb5,180,24,2400,24.0,-0.5132326609133717,0.0009727229037345322,0.002490170633560404,0.002490170633560404,
ef38065eb5,180,25,2500,25.0,-0.5132337466629339,0.0013647325068585003,0.00174685760877888,0.00174685760877888,
ef38065eb5,180,26,2600,26.0,-0.5132345654875922,0.0010606270986714638,0.002715205372598947,0.002715205372598947,
ef38065eb5,180,27,2700,27.0,-0.5132357489200294,0.0014386954023619047,0.0018415301150232378,0.0018415301150232378,
ef38065eb5,180,28,2800,28.0,-0.5132364007556696,0.001167265749163428,0.002988200317858376,0.002988200317858376,
ef38065eb5,180,29,2900,29.0,-0.5132377167183076,0.0015328009849353266,0.0019619852607172185,0.0019619852607172185,
ef38065eb5,180,30,3000,30.0,-0.5132381540243278,0.0012954655916865773,0.003316391914717637,0.003316391914717637,
ef38065eb5,180,31,3100,31.0,-0.5132396481881064,0.0016506513025529538,0.0021128336672677816,0.0021128336672677816,
ef38065eb5,180,32,3200,32.0,-0.5132398061313335,0.0014485338968347069,0.00370824677589685,0.00370824677589685,
ef38065eb5,180,33,3300,33.0,-0.5132415389847405,0.0008982033045374707,0.002299400459615925,0.002299400459615925,
ef38065eb5,180,34,3400,34.0,-0.513242519327156,0.0012991220156452622,0.0016628761800259358,0.0016628761800259358,
ef38065eb5,180,35,3500,35.0,-0.5132433818941563,0.0009874073407825908,0.002527762792403433,0.002527762792403433,
ef38065eb5,180,36,3600,36.0,-0.5132444560242274,0.0013737778591211515,0.0017584356596750724,0.0017584356596750724,
ef38065eb5,180,37,3700,37.0,-0.5132451661397849,0.0010956398642622274,0.0028048380525113035,0.0028048380525113035,
ef38065eb5,180,38,3800,38.0,-0.5132463671791423,0.0014686573722956782,0.0018798814365384683,0.0018798814365384683,
ef38065eb5,180,39,3900,39.0,-0.5132468763327275,0.0012259874325054837,0.0031385278272140376,0.0031385278272140376,
ef38065eb5,180,40,4000,40.0,-0.5132482487303328,0.0015877985890798477,0.0020323821940222042,0.0020323821940222042,
ef38065eb5,180,41,4100,41.0,-0.513248490965321,0.0013819993586980327,0.0035379183582669635,0.0035379183582669635,
ef38065eb5,180,42,4200,42.0,-0.5132500946068541,0.0008678818505761411,0.002221777537474921,0.002221777537474921,
ef38065eb5,180,43,4300,43.0,-0.5132510301499198,0.0012709973528060373,0.001626876611591728,0.001626876611591728,
ef38065eb5,180,44,4400,44.0,-0.5132518961077688,0.0009588408972428956,0.002454632696941814,0.002454632696941814,
ef38065eb5,180,45,4500,45.0,-0.5132529247388521,0.0013472393375010257,0.0017244663520013129,0.0017244663520013129,
ef38065eb5,180,46,4600,46.0,-0.5132536410200331,0.0010696664437267794,0.002738346095940557,0.002738346095940557,
ef38065eb5,180,47,4700,47.0,-0.5132547963812185,0.0014445385898384316,0.0018490093949931929,0.0018490093949931929,
ef38065eb5,180,48,4800,48.0,-0.5132553123844146,0.0012036401080725296,0.0030813186766656753,0.0030813186766656753,
ef38065eb5,180,49,4900,49.0,-0.5132566401315887,0.001567249512234777,0.0020060793756605144,0.0020060793756605144,
ef38065eb5,180,50,5000,50.0,-0.5132568867818044,0.0013645255271174002,0.003493185349420542,0.003493185349420542,
ef38065eb5,180,51,5100,51.0,-0.5132584490093661,0.0008601302439419304,0.0022019334244913424,0.0022019334244913424,
ef38065eb5,180,52,5200,52.0,-0.5132593667222133,0.0012617405359175065,0.0016150278859744089,0.0016150278859744089,
ef38065eb5,180,53,5300,53.0,-0.5132602132747341,0.0009545202876044569,0.00244357193626741,0.00244357193626741,
ef38065eb5,180,54,5400,54.0,-0.513261227066772,0.0013414455281445861,0.0017170502760250693,0.0017170502760250693,
ef38065eb5,180,55,5500,55.0,-0.5132619194222441,0.001069867500166032,0.0027388608004250414,0.0027388608004250414,
ef38065eb5,180,56,5600,56.0,-0.5132630648249507,0.0014434645848546042,0.0018476346686138944,0.0018476346686138944,
ef38065eb5,180,57,5700,57.0,-0.51326354878584,0.001209657993516729,0.0030967244634028273,0.0030967244634028273,
ef38065eb5,180,58,5800,58.0,-0.5132648743714285,0.0015724525127910657,0.002012739216372564,0.002012739216372564,
ef38065eb5,180,59,5900,59.0,-0.5132650756077096,0.001377893503289867,0.0035274073684220587,0.0035274073684220587,
ef38065eb5,180,60,6000,60.0,-0.5132666478711942,0.0008668078797361894,0.0022190281721246445,0.0022190281721246445,
ef38065eb5,180,61,6100,61.0,-0.5132675637303913,0.0012645979058629423,0.0016186853195045653,0.0016186853195045653,
ef38065eb5,180,62,6200,62.0,-0.5132683744549417,0.0009663838005764151,0.002473942529475623,0.002473942529475623,
ef38065eb5,180,63,6300,63.0,-0.513269392748934,0.0013496911747520866,0.0017276047036826703,0.0017276047036826703,
ef38065eb5,180,64,6400,64.0,-0.5132700390755351,0.0010882201584609403,0.0027858436056600075,0.0027858436056600075,
ef38065eb5,180,65,6500,65.0,-0.5132711984038325,0.0014587087998655772,0.0018671472638279395,0.0018671472638279395,
ef38065eb5,180,66,6600,66.0,-0.5132716209227401,0.0012360293377132747,0.0031642351045459835,0.0031642351045459835,
ef38065eb5,180,67,6700,67.0,-0.5132729743345105,0.0015966103084406292,0.0020436611948040045,0.0020436611948040045,
ef38065eb5,180,68,6800,68.0,-0.5132730912255311,0.0014140849359899274,0.003620057436134215,0.003620057436134215,
ef38065eb5,180,69,6900,69.0,-0.5132747117061625,0.0008844640669115471,0.002264228011293561,0.002264228011293561,
ef38065eb5,180,70,7000,70.0,-0.5132756376449016,0.0012769021846874484,0.0016344347963999342,0.0016344347963999342,
ef38065eb5,180,71,7100,71.0,-0.5132763982653599,0.000990919162219534,0.002536753055282007,0.002536753055282007,
ef38065eb5,180,72,7200,72.0,-0.5132774362686267,0.00136927968140283,0.0017526779921956212,0.0017526779921956212,
ef38065eb5,180,73,7300,73.0,-0.5132780170287613,0.0011211479262276827,0.0028701386911428677,0.0028701386911428677,
ef38065eb5,180,74,7400,74.0,-0.513279209952736,0.0014875210710613542,0.0019040269709585333,0.0019040269709585333,
ef38065eb5,180,75,7500,75.0,-0.5132795444619815,0.0012791175528420002,0.0032745409352755196,0.0032745409352755196,
ef38065eb5,180,76,7600,76.0,-0.5132809514517186,0.0008184505311283262,0.002095233359688514,0.002095233359688514,
ef38065eb5,180,77,7700,77.0,-0.5132818079986078,0.001219253697016791,0.0015606447321814916,0.0015606447321814916,
ef38065eb5,180,78,7800,78.0,-0.513282650697504,0.0009116471160596233,0.002333816617112635,0.002333816617112635,
ef38065eb5,180,79,7900,79.0,-0.5132835974013932,0.0012977263783222927,0.001661089764252535,0.001661089764252535,
ef38065eb5,180,80,8000,80.0,-0.5132842937072147,0.001026634412500518,0.0026281840960013262,0.0026281840960013262,
ef38065eb5,180,81,8100,81.0,-0.5132853655600643,0.0013992986310598307,0.0017911022477565834,0.0017911022477565834,
ef38065eb5,180,82,8200,82.0,-0.5132858610637155,0.0011671255304051447,0.0029878413578371694,0.0029878413578371694,
ef38065eb5,180,83,8300,83.0,-0.5132871064851364,0.0015289916540823943,0.0019571093172254662,0.0019571093172254662,
ef38065eb5,180,84,8400,84.0,-0.5132873258011492,0.0013373779325934337,0.0034236875074391887,0.0034236875074391887,
ef38065eb5,180,85,8500,85.0,-0.5132888118387543,0.0008462047743051202,0.002166284222221108,0.002166284222221108,
ef38065eb5,180,86,8600,86.0,-0.5132896880544265,0.0012396225608587855,0.0015867168778992457,0.0015867168778992457,
ef38065eb5,180,87,8700,87.0,-0.5132904700191645,0.0009478966315138493,0.0024266153766754543,0.0024266153766754543,
ef38065eb5,180,88,8800,88.0,-0.5132914483532286,0.0013270227224877061,0.0016985890847842637,0.0016985890847842637,
ef38065eb5,180,89,8900,89.0,-0.5132920648852057,0.0010730722935506395,0.0027470650714896357,0.0027470650714896357,
ef38065eb5,180,90,9000,90.0,-0.5132931853253448,0.001439764726463185,0.0018428988498728777,0.0018428988498728777,
ef38065eb5,180,91,9100,91.0,-0.5132935739785793,0.0012257119100388288,0.0031378224896994014,0.0031378224896994014,
ef38065eb5,180,92,9200,92.0,-0.5132948920176689,0.0015831955249938719,0.002026490271992156,0.002026490271992156,
ef38065eb5,180,93,9300,93.0,-0.5132949660453606,0.001410406214859603,0.003610639910040585,0.003610639910040585,
ef38065eb5,180,94,9400,94.0,-0.5132965587384581,0.0008816339125535625,0.00225698281613712,0.00225698281613712,
ef38065eb5,180,95,9500,95.0,-0.5132974633649421,0.0012671501845825195,0.0016219522362656248,0.0016219522362656248,
ef38065eb5,180,96,9600,96.0,-0.5132981719806956,0.0009933116565336235,0.002542877840726076,0.002542877840726076,
ef38065eb5,180,97,9700,97.0,-0.5132991939202365,0.0013652609459985914,0.0017475340108781962,0.0017475340108781962,
ef38065eb5,180,98,9800,98.0,-0.5132997129195076,0.0011303762731498068,0.0028937632592635045,0.0028937632592635045,
ef38065eb5,180,99,9900,99.0,-0.5133008984389749,0.0014912512350496049,0.001908801580863494,0.001908801580863494,
ef38065eb5,180,100,10000,100.0,-0.5133011553144381,0.0012971141870216111,0.0033206123187753222,0.0033206123187753222,
ef38065eb5,180,101,10100,101.0,-0.5133025687761567,0.0008254040487816373,0.002113034364880991,0.002113034364880991,
ef38065eb5,180,102,10200,102.0,-0.5133034142806533,0.0012170643849749754,0.001557842412767968,0.001557842412767968,
ef38065eb5,180,103,10300,103.0,-0.5133041935626206,0.0009251299797394178,0.00236833274813291,0.00236833274813291,
ef38065eb5,180,104,10400,104.0,-0.513305136602936,0.0013025223837434474,0.0016672286511916123,0.0016672286511916123,
ef38065eb5,180,105,10500,105.0,-0.5133057569289347,0.0010483482383505996,0.002683771490177535,0.002683771490177535,
ef38065eb5,180,106,10600,106.0,-0.51330683632839,0.0014132605023377588,0.0018089734429923329,0.0018089734429923329,
ef38065eb5,180,107,10700,107.0,-0.5133072367216713,0.0011990839450115888,0.0030696548992296675,0.0030696548992296675,
ef38065eb5,180,108,10800,108.0,-0.5133085065752095,0.0015547103494297652,0.0019900292472700997,0.0019900292472700997,
ef38065eb5,180,109,10900,109.0,-0.5133086020094172,0.0013819772960001044,0.0035378618777602657,0.0035378618777602657,
ef38065eb5,180,110,11000,110.0,-0.5133101377236974,0.0008664594117790824,0.002218136094154452,0.002218136094154452,
ef38065eb5,180,111,11100,111.0,-0.5133110166538882,0.0012492928609157679,0.0015990948619721834,0.0015990948619721834,
ef38065eb5,180,112,11200,112.0,-0.5133117163277818,0.0009773143064364745,0.002501924624477373,0.002501924624477373,
ef38065eb5,180,113,11300,113.0,-0.5133127096126792,0.001346671544653295,0.0017237395771562175,0.0017237395771562175,
ef38065eb5,180,114,11400,114.0,-0.5133132235919369,0.0011137199932922033,0.002851123182828041,0.002851123182828041,
ef38065eb5,180,115,11500,115.0,-0.5133143769475441,0.0014721068815630753,0.0018842968084007356,0.0018842968084007356,
ef38065eb5,180,116,11600,116.0,-0.5133146332392967,0.0012800253534496233,0.003276864904831036,0.003276864904831036,
ef38065eb5,180,117,11700,117.0,-0.513316010480978,0.0008156917791364937,0.0020881709545894243,0.0020881709545894243,
ef38065eb5,180,118,11800,118.0,-0.5133168366443951,0.0012038216657132852,0.0015408917321130045,0.0015408917321130045,
ef38065eb5,180,119,11900,119.0,-0.5133175987682883,0.0009154688426762002,0.002343600237251072,0.002343600237251072,
ef38065eb5,180,120,12000,120.0,-0.513318521339118,0.0012894859222643846,0.0016505419804984111,0.0016505419804984111,
ef38065eb5,180,121,12100,121.0,-0.5133191257920979,0.0010389897800909026,0.002659813837032712,0.002659813837032712,
ef38065eb5,180,122,12200,122.0,-0.5133201835949883,0.0014007373469068273,0.0017929438040407391,0.0017929438040407391,
ef38065eb5,180,123,12300,123.0,-0.5133205691332318,0.0011903499683491518,0.00304729591897383,0.00304729591897383,
ef38065eb5,180,124,12400,124.0,-0.5133218164312647,0.0015431081487026648,0.00197517843033941,0.00197517843033941,
ef38065eb5,180,125,12500,125.0,-0.513321897407424,0.0013742746917822458,0.0035181432109625487,0.0035181432109625487,
ef38065eb5,180,126,12600,126.0,-0.5133234100667806,0.0008613781738565746,0.0022051281250728316,0.0022051281250728316,
ef38065eb5,180,127,12700,127.0,-0.5133242739427557,0.0012401152768023657,0.0015873475543070276,0.0015873475543070276,
ef38065eb5,180,128,12800,128.0,-0.5133249507970589,0.0009732752055075234,0.0024915845260992603,0.0024915845260992603,
ef38065eb5,180,129,12900,129.0,-0.51332592944379,0.0013387927499985586,0.0017136547199981544,0.0017136547199981544,
ef38065eb5,180,130,13000,130.0,-0.5133264194196934,0.001111119491425238,0.00284446589804861,0.00284446589804861,
ef38065eb5,180,131,13100,131.0,-0.5133275591751575,0.0014660459058414474,0.0018765387594770538,0.0018765387594770538,
ef38065eb5,180,132,13200,132.0,-0.5133277890257404,0.001279350640140523,0.0032751376387597374,0.0032751376387597374,
ef38065eb5,180,133,13300,133.0,-0.5133291547464089,0.0008138865632661733,0.002083549601961403,0.002083549601961403,
ef38065eb5,180,134,13400,134.0,-0.5133299694216166,0.0011972814703985317,0.001532520282110121,0.001532520282110121,
ef38065eb5,180,135,13500,135.0,-0.5133307043895237,0.0009152691251418713,0.0023430889603631897,0.0023430889603631897,
ef38065eb5,180,136,13600,136.0,-0.5133316168653757,0.0012848063902661064,0.0016445521795406155,0.0016445521795406155,
ef38065eb5,180,137,13700,137.0,-0.5133321915991738,0.0010408512439871506,0.0026645791846071055,0.0026645791846071055,
ef38065eb5,180,138,13800,138.0,-0.5133332415987503,0.0013985293208702173,0.0017901175307138784,0.0017901175307138784,
ef38065eb5,180,139,13900,139.0,-0.513333593224003,0.0011948211950653723,0.003058742259367354,0.003058742259367354,
ef38065eb5,180,140,14000,140.0,-0.5133348364000384,0.0015440994307827855,0.001976447271401966,0.001976447271401966,
ef38065eb5,180,141,14100,141.0,-0.5133348767867276,0.0013820208787087055,0.0035379734494942845,0.0035379734494942845,
ef38065eb5,180,142,14200,142.0,-0.5133363911307851,0.0008639016544272928,0.0022115882353338705,0.0022115882353338705,
ef38065eb5,180,143,14300,143.0,-0.5133372478256414,0.0012375759045125422,0.0015840971577760535,0.0015840971577760535,
ef38065eb5,180,144,14400,144.0,-0.5133378915582796,0.00097832984898009,0.00250452441338903,0.00250452441338903,
ef38065eb5,180,145,14500,145.0,-0.5133388660652236,0.0013391839136275834,0.0017141554094433063,0.0017141554094433063,
ef38065eb5,180,146,14600,146.0,-0.5133393177014474,0.0011193011901020602,0.002865411046661274,0.002865411046661274,
ef38065eb5,180,147,14700,147.0,-0.5133404579384137,0.001470173691597822,0.0018818223252452125,0.0018818223252452125,
ef38065eb5,180,148,14800,148.0,-0.5133406415067664,0.0012913722393337467,0.0033059129326943907,0.0033059129326943907,
ef38065eb5,180,149,14900,149.0,-0.5133420146844357,0.0008182867178762138,0.002094813997763108,0.002094813997763108,
ef38065eb5,180,150,15000,150.0,-0.5133428239881259,0.0011961064030764988,0.0015310161959379185,0.0015310161959379185,
ef38065eb5,180,151,15100,151.0,-0.5133435239942211,0.00092254763659939,0.0023617219496944396,0.0023617219496944396,
ef38065eb5,180,152,15200,152.0,-0.5133444345479004,0.00128686532059606,0.0016471876103629562,0.0016471876103629562,
ef38065eb5,180,153,15300,153.0,-0.5133449685732988,0.0010516408344101846,0.0026922005360900734,0.0026922005360900734,
ef38065eb5,180,154,15400,154.0,-0.5133460217633502,0.0014046910845186907,0.0017980045881839245,0.0017980045881839245,
ef38065eb5,180,155,15500,155.0,-0.5133463241212777,0.001209869498635036,0.0030972659165056917,0.0030972659165056917,
ef38065eb5,180,156,15600,156.0,-0.5133475780433682,0.0007776826371262676,0.0019908675510432452,0.0019908675510432452,
ef38065eb5,180,157,15700,157.0,-0.5133483467867362,0.0011595681939552335,0.001484247288262699,0.001484247288262699,
ef38065eb5,180,158,15800,158.0,-0.5133490927138766,0.0008726604443194129,0.0022340107374576976,0.0022340107374576976,
ef38065eb5,180,159,15900,159.0,-0.5133499487244193,0.0012406125573537839,0.0015879840734128433,0.0015879840734128433,
ef38065eb5,180,160,16000,160.0,-0.513350550766333,0.0009908762015845168,0.0025366430760563625,0.0025366430760563625,
ef38065eb5,180,161,16100,161.0,-0.5133515298908253,0.0013465512071588561,0.0017235855451633358,0.0017235855451633358,
ef38065eb5,180,162,16200,162.0,-0.5133519310970885,0.001136408021629275,0.0029092045353709428,0.0029092045353709428,
ef38065eb5,180,163,16300,163.0,-0.513353083691757,0.0014829253099776108,0.001898144396771342,0.001898144396771342,
ef38065eb5,180,164,16400,164.0,-0.5133532040300987,0.0013139552747795298,0.0033637255034355946,0.0033637255034355946,
ef38065eb5,180,165,16500,165.0,-0.5133546008480748,0.0008279543742840964,0.0021195631981672865,0.0021195631981672865,
ef38065eb5,180,166,16600,166.0,-0.5133554100445595,0.0011996127431498941,0.0015355043112318637,0.0015355043112318637,
ef38065eb5,180,167,16700,167.0,-0.5133560683034558,0.0009361917980717294,0.002396651003063627,0.002396651003063627,
ef38065eb5,180,168,16800,168.0,-0.5133569840399193,0.0012948185804937424,0.0016573677830319905,0.0016573677830319905,
ef38065eb5,180,169,16900,169.0,-0.5133574676869661,0.0010700527160563307,0.0027393349531042084,0.0027393349531042084,
ef38065eb5,180,170,17000,170.0,-0.5133585337225297,0.0014181852056579208,0.0018152770632421367,0.0018152770632421367,
ef38065eb5,180,171,17100,171.0,-0.5133587731486395,0.0012339777012919154,0.0031589829153073046,0.0031589829153073046,
ef38065eb5,180,172,17200,172.0,-0.5133600510075236,0.0007878204778467435,0.0020168204232876635,0.0020168204232876635,
ef38065eb5,180,173,17300,173.0,-0.5133608197798427,0.001163174065940318,0.0014888628044036072,0.0014888628044036072,
ef38065eb5,180,174,17400,174.0,-0.5133615245115112,0.0008868919086372998,0.0022704432861114865,0.0022704432861114865,
ef38065eb5,180,175,17500,175.0,-0.5133623856980669,0.0012486924327106887,0.0015983263138696817,0.0015983263138696817,
ef38065eb5,180,176,17600,176.0,-0.5133629382074165,0.0010100056698905532,0.002585614514919818,0.002585614514919818,
ef38065eb5,180,177,17700,177.0,-0.5133639299237822,0.001360227567279296,0.0017410912861174997,0.0017410912861174997,
ef38065eb5,180,178,17800,178.0,-0.5133642695297727,0.001161370726491348,0.0029731090598178514,0.0029731090598178514,
ef38065eb5,180,179,17900,179.0,-0.5133654453978952,,0.0019244422573923897,0.0019244422573923897,
4c7df4184d,180,0,0,0.0,-0.513108296444765,0.07643065367259352,0.0015286130734518705,0.0015286130734518705,"ProjectedCommonDirectionsConfig(subspace_frac_grads=0.1, subspace_frac_updates=0.1, subspace_frac_random=0.1, direction_str=sd, random_proj=True, random_proj_dim_frac=1, inner_use_full_grad=True, orth_P_k=True, beta=0.001, tau=0.5, c_const=inf, N_try=200, alpha_max=100, p_const=1)"
4c7df4184d,180,1,100,1.0,-0.5131609440948979,0.00875431709028869,0.011205525875569528,0.011205525875569528,
4c7df4184d,180,2,200,2.0,-0.5131822479553914,0.004241006534490215,0.010856976728294953,0.010856976728294953,
4c7df4184d,180,3,300,3.0,-0.5132018926865459,0.0032201256080647465,0.004121760778322876,0.004121760778322876,
4c7df4184d,180,4,400,4.0,-0.5132034132619842,0.0023888170277418085,0.0061153715910190285,0.0061153715910190285,
4c7df4184d,180,5,500,5.0,-0.5132087239578106,0.002475270288708034,0.0031683459695462835,0.0031683459695462835,
4c7df4184d,180,6,600,6.0,-0.5132091504499465,0.0020155176774314595,0.005159725254224537,0.005159725254224537,
4c7df4184d,180,7,700,7.0,-0.5132127273118491,0.0022306208274735927,0.0028551946591661988,0.0028551946591661988,
4c7df4184d,180,8,800,8.0,-0.5132127667866371,0.0018972295149318023,0.004856907558225415,0.004856907558225415,
4c7df4184d,180,9,900,9.0,-0.5132158029692616,0.0010760513849405685,0.002754691545447855,0.002754691545447855,
4c7df4184d,180,10,1000,10.0,-0.513217222612928,0.0014859185233103088,0.0019019757098371953,0.0019019757098371953,
4c7df4184d,180,11,1100,11.0,-0.5132184373014754,0.0010795939014539696,0.0027637603877221626,0.0027637603877221626,
4c7df4184d,180,12,1200,12.0,-0.5132197905189373,0.0014733036253265625,0.001885828640418,0.001885828640418,
4c7df4184d,180,13,1300,13.0,-0.5132208157230992,0.001111691080676998,0.002845929166533115,0.002845929166533115,
4c7df4184d,180,14,1400,14.0,-0.5132221673342141,0.001491235910230211,0.0019087819650946702,0.0019087819650946702,
4c7df4184d,180,15,1500,15.0,-0.513223021487795,0.0011669194597309937,0.002987313816911344,0.002987313816911344,
4c7df4184d,180,16,1600,16.0,-0.5132244186668671,0.00153370026300289,0.0019631363366436998,0.0019631363366436998,
4c7df4184d,180,17,1700,17.0,-0.5132250936537861,0.0012436524337525196,0.003183750230406449,0.003183750230406449,
4c7df4184d,180,18,1800,18.0,-0.513226579313733,0.0015990327505431355,0.002046761920695213,0.002046761920695213,
4c7df4184d,180,19,1900,19.0,-0.5132270481162216,0.0013422292157232393,0.003436106792251495,0.003436106792251495,
4c7df4184d,180,20,2000,20.0,-0.51322866808691,0.001687877813744776,0.002160483601593313,0.002160483601593313,
4c7df4184d,180,21,2100,21.0,-0.5132288860265167,0.0014642063367126795,0.0037483682219844588,0.0037483682219844588,
4c7df4184d,180,22,2200,22.0,-0.5132306943308665,0.0009011559465180655,0.0023069592230862477,0.0023069592230862477,
4c7df4184d,180,23,2300,23.0,-0.5132317094535479,0.0013078728689390293,0.001674077272241958,0.001674077272241958,
4c7df4184d,180,24,2400,24.0,-0.5132326609133717,0.0009727229037345058,0.0024901706335603347,0.0024901706335603347,
4c7df4184d,180,25,2500,25.0,-0.5132337466629339,0.0013647325068584803,0.0017468576087788553,0.0017468576087788553,
4c7df4184d,180,26,2600,26.0,-0.5132345654875922,0.0010606270986714338,0.0027152053725988698,0.0027152053725988698,
4c7df4184d,180,27,2700,27.0,-0.5132357489200294,0.0014386954023618771,0.0018415301150232037,0.0018415301150232037,
4c7df4184d,180,28,2800,28.0,-0.5132364007556696,0.0011672657491633958,0.002988200317858293,0.002988200317858293,
4c7df4184d,180,29,2900,29.0,-0.5132377167183076,0.0015328009849353125,0.0019619852607172003,0.0019619852607172003,
4c7df4184d,180,30,3000,30.0,-0.5132381540243278,0.0012954655916865645,0.0033163919147176034,0.0033163919147176034,
4c7df4184d,180,31,3100,31.0,-0.5132396481881064,0.001650651302552949,0.0021128336672677746,0.0021128336672677746,
4c7df4184d,180,32,3200,32.0,-0.5132398061313335,0.0014485338968347036,0.0037082467758968412,0.0037082467758968412,
4c7df4184d,180,33,3300,33.0,-0.5132415389847405,0.0008982033045374653,0.0022994004596159114,0.0022994004596159114,
4c7df4184d,180,34,3400,34.0,-0.513242519327156,0.0012991220156452674,0.0016628761800259414,0.0016628761800259414,
4c7df4184d,180,35,3500,35.0,-0.5132433818941563,0.0009874073407825999,0.0025277627924034565,0.0025277627924034565,
4c7df4184d,180,36,3600,36.0,-0.5132444560242274,0.001373777859121157,0.001758435659675082,0.001758435659675082,
4c7df4184d,180,37,3700,37.0,-0.5132451661397849,0.0010956398642622406,0.002804838052511336,0.002804838052511336,
4c7df4184d,180,38,3800,38.0,-0.5132463671791423,0.0014686573722956873,0.0018798814365384804,0.0018798814365384804,
4c7df4184d,180,39,3900,39.0,-0.5132468763327275,0.0012259874325054917,0.0031385278272140593,0.0031385278272140593,
4c7df4184d,180,40,4000,40.0,-0.5132482487303328,0.001587798589079855,0.002032382194022215,0.002032382194022215,
4c7df4184d,180,41,4100,41.0,-0.513248490965321,0.001381999358698023,0.0035379183582669397,0.0035379183582669397,
4c7df4184d,180,42,4200,42.0,-0.5132500946068541,0.0008678818505761383,0.0022217775374749143,0.0022217775374749143,
4c7df4184d,180,43,4300,43.0,-0.5132510301499198,0.00127099735280604,0.0016268766115917306,0.0016268766115917306,
4c7df4184d,180,44,4400,44.0,-0.5132518961077688,0.0009588408972429029,0.002454632696941831,0.002454632696941831,
4c7df4184d,180,45,4500,45.0,-0.5132529247388521,0.001347239337501035,0.0017244663520013244,0.0017244663520013244,
4c7df4184d,180,46,4600,46.0,-0.5132536410200331,0.0010696664437267985,0.0027383460959406044,0.0027383460959406044,
4c7df4184d,180,47,4700,47.0,-0.5132547963812185,0.001444538589838457,0.0018490093949932243,0.0018490093949932243,
4c7df4184d,180,48,4800,48.0,-0.5132553123844146,0.001203640108072554,0.0030813186766657386,0.0030813186766657386,
4c7df4184d,180,49,4900,49.0,-0.5132566401315887,0.0015672495122347962,0.00200607937566054,0.00200607937566054,
4c7df4184d,180,50,5000,50.0,-0.5132568867818044,0.0013645255271174286,0.0034931853494206172,0.0034931853494206172,
4c7df4184d,180,51,5100,51.0,-0.5132584490093661,0.0008601302439419465,0.002201933424491383,0.002201933424491383,
4c7df4184d,180,52,5200,52.0,-0.5132593667222133,0.0012617405359175208,0.0016150278859744266,0.0016150278859744266,
4c7df4184d,180,53,5300,53.0,-0.5132602132747341,0.000954520287604481,0.0024435719362674714,0.0024435719362674714,
4c7df4184d,180,54,5400,54.0,-0.513261227066772,0.0013414455281446026,0.0017170502760250907,0.0017170502760250907,
4c7df4184d,180,55,5500,55.0,-0.5132619194222441,0.0010698675001660767,0.0027388608004251546,0.0027388608004251546,
4c7df4184d,180,56,5600,56.0,-0.5132630648249507,0.001443464584854649,0.0018476346686139514,0.0018476346686139514,
4c7df4184d,180,57,5700,57.0,-0.51326354878584,0.0012096579935167826,0.0030967244634029618,0.0030967244634029618,
4c7df4184d,180,58,5800,58.0,-0.5132648743714285,0.001572452512791099,0.0020127392163726064,0.0020127392163726064,
4c7df4184d,180,59,5900,59.0,-0.5132650756077096,0.0013778935032899141,0.003527407368422181,0.003527407368422181,
4c7df4184d,180,60,6000,60.0,-0.5132666478711942,0.0008668078797362139,0.0022190281721247078,0.0022190281721247078,
4c7df4184d,180,61,6100,61.0,-0.5132675637303913,0.0012645979058629581,0.0016186853195045861,0.0016186853195045861,
4c7df4184d,180,62,6200,62.0,-0.5132683744549417,0.0009663838005764438,0.0024739425294756966,0.0024739425294756966,
4c7df4184d,180,63,6300,63.0,-0.513269392748934,0.0013496911747521258,0.0017276047036827206,0.0017276047036827206,
4c7df4184d,180,64,6400,64.0,-0.5132700390755351,0.0010882201584609809,0.0027858436056601103,0.0027858436056601103,
4c7df4184d,180,65,6500,65.0,-0.5132711984038325,0.001458708799865613,0.001867147263827985,0.001867147263827985,
4c7df4184d,180,66,6600,66.0,-0.5132716209227401,0.001236029337713329,0.003164235104546123,0.003164235104546123,
4c7df4184d,180,67,6700,67.0,-0.5132729743345105,0.0015966103084406552,0.002043661194804038,0.002043661194804038,
4c7df4184d,180,68,6800,68.0,-0.5132730912255311,0.001414084935989952,0.003620057436134277,0.003620057436134277,
4c7df4184d,180,69,6900,69.0,-0.5132747117061625,0.0008844640669115636,0.002264228011293602,0.002264228011293602,
4c7df4184d,180,70,7000,70.0,-0.5132756376449016,0.001276902184687464,0.0016344347963999535,0.0016344347963999535,
4c7df4184d,180,71,7100,71.0,-0.5132763982653599,0.0009909191622195536,0.0025367530552820572,0.0025367530552820572,
4c7df4184d,180,72,7200,72.0,-0.5132774362686267,0.0013692796814028607,0.0017526779921956622,0.0017526779921956622,
4c7df4184d,180,73,7300,73.0,-0.5132780170287613,0.0011211479262277324,0.0028701386911429935,0.0028701386911429935,
4c7df4184d,180,74,7400,74.0,-0.513279209952736,0.0014875210710614205,0.0019040269709586178,0.0019040269709586178,
4c7df4184d,180,75,7500,75.0,-0.5132795444619815,0.001279117552842091,0.003274540935275754,0.003274540935275754,
4c7df4184d,180,76,7600,76.0,-0.5132809514517186,0.000818450531128361,0.002095233359688603,0.002095233359688603,
4c7df4184d,180,77,7700,77.0,-0.5132818079986078,0.0012192536970168164,0.0015606447321815243,0.0015606447321815243,
4c7df4184d,180,78,7800,78.0,-0.513282650697504,0.0009116471160596656,0.0023338166171127444,0.0023338166171127444,
4c7df4184d,180,79,7900,79.0,-0.5132835974013932,0.0012977263783223278,0.0016610897642525795,0.0016610897642525795,
4c7df4184d,180,80,8000,80.0,-0.5132842937072147,0.0010266344125005656,0.0026281840960014494,0.0026281840960014494,
4c7df4184d,180,81,8100,81.0,-0.5132853655600643,0.0013992986310598793,0.0017911022477566448,0.0017911022477566448,
4c7df4184d,180,82,8200,82.0,-0.5132858610637155,0.0011671255304052048,0.0029878413578373233,0.0029878413578373233,
4c7df4184d,180,83,8300,83.0,-0.5132871064851364,0.0015289916540824342,0.001957109317225516,0.001957109317225516,
4c7df4184d,180,84,8400,84.0,-0.5132873258011492,0.0013373779325935096,0.0034236875074393843,0.0034236875074393843,
4c7df4184d,180,85,8500,85.0,-0.5132888118387543,0.0008462047743051629,0.0021662842222212168,0.0021662842222212168,
4c7df4184d,180,86,8600,86.0,-0.5132896880544265,0.0012396225608588393,0.0015867168778993133,0.0015867168778993133,
4c7df4184d,180,87,8700,87.0,-0.5132904700191645,0.0009478966315139242,0.002426615376675646,0.002426615376675646,
4c7df4184d,180,88,8800,88.0,-0.5132914483532286,0.0013270227224877655,0.00169858908478434,0.00169858908478434,
4c7df4184d,180,89,8900,89.0,-0.5132920648852057,0.0010730722935507141,0.0027470650714898283,0.0027470650714898283,
4c7df4184d,180,90,9000,90.0,-0.5132931853253448,0.0014397647264632807,0.0018428988498729979,0.0018428988498729979,
4c7df4184d,180,91,9100,91.0,-0.5132935739785793,0.0012257119100389537,0.0031378224896997206,0.0031378224896997206,
4c7df4184d,180,92,9200,92.0,-0.5132948920176689,0.0015831955249939482,0.0020264902719922553,0.0020264902719922553,
4c7df4184d,180,93,9300,93.0,-0.5132949660453606,0.0014104062148597065,0.0036106399100408492,0.0036106399100408492,
4c7df4184d,180,94,9400,94.0,-0.5132965587384581,0.0008816339125536111,0.0022569828161372453,0.0022569828161372453,
4c7df4184d,180,95,9500,95.0,-0.5132974633649421,0.0012671501845825741,0.0016219522362656941,0.0016219522362656941,
4c7df4184d,180,96,9600,96.0,-0.5132981719806956,0.0009933116565337202,0.002542877840726324,0.002542877840726324,
4c7df4184d,180,97,9700,97.0,-0.5132991939202365,0.0013652609459986842,0.0017475340108783163,0.0017475340108783163,
4c7df4184d,180,98,9800,98.0,-0.5132997129195076,0.0011303762731499473,0.0028937632592638636,0.0028937632592638636,
4c7df4184d,180,99,9900,99.0,-0.5133008984389749,0.0014912512350497317,0.0019088015808636585,0.0019088015808636585,
4c7df4184d,180,100,10000,100.0,-0.5133011553144381,0.0012971141870217599,0.003320612318775705,0.003320612318775705,
4c7df4184d,180,101,10100,101.0,-0.5133025687761567,0.0008254040487816997,0.002113034364881151,0.002113034364881151,
4c7df4184d,180,102,10200,102.0,-0.5133034142806533,0.0012170643849750157,0.0015578424127680203,0.0015578424127680203,
4c7df4184d,180,103,10300,103.0,-0.5133041935626206,0.0009251299797394801,0.002368332748133068,0.002368332748133068,
4c7df4184d,180,104,10400,104.0,-0.513305136602936,0.0013025223837434927,0.0016672286511916713,0.0016672286511916713,
4c7df4184d,180,105,10500,105.0,-0.5133057569289347,0.001048348238350673,0.002683771490177722,0.002683771490177722,
4c7df4184d,180,106,10600,106.0,-0.51330683632839,0.0014132605023378418,0.0018089734429924385,0.0018089734429924385,
4c7df4184d,180,107,10700,107.0,-0.5133072367216713,0.0011990839450116745,0.0030696548992298865,0.0030696548992298865,
4c7df4184d,180,108,10800,108.0,-0.5133085065752095,0.0015547103494298583,0.0019900292472702177,0.0019900292472702177,
4c7df4184d,180,109,10900,109.0,-0.5133086020094172,0.001381977296000251,0.0035378618777606417,0.0035378618777606417,
4c7df4184d,180,110,11000,110.0,-0.5133101377236974,0.0008664594117791612,0.0022181360941546527,0.0022181360941546527,
4c7df4184d,180,111,11100,111.0,-0.5133110166538882,0.0012492928609158498,0.0015990948619722886,0.0015990948619722886,
4c7df4184d,180,112,11200,112.0,-0.5133117163277818,0.0009773143064365803,0.0025019246244776445,0.0025019246244776445,
4c7df4184d,180,113,11300,113.0,-0.5133127096126792,0.0013466715446533973,0.001723739577156349,0.001723739577156349,
4c7df4184d,180,114,11400,114.0,-0.5133132235919369,0.0011137199932923637,0.002851123182828453,0.002851123182828453,
4c7df4184d,180,115,11500,115.0,-0.5133143769475441,0.0014721068815632123,0.001884296808400912,0.001884296808400912,
4c7df4184d,180,116,11600,116.0,-0.5133146332392967,0.0012800253534497998,0.0032768649048314875,0.0032768649048314875,
4c7df4184d,180,117,11700,117.0,-0.513316010480978,0.0008156917791365761,0.002088170954589634,0.002088170954589634,
4c7df4184d,180,118,11800,118.0,-0.5133168366443951,0.0012038216657133769,0.0015408917321131227,0.0015408917321131227,
4c7df4184d,180,119,11900,119.0,-0.5133175987682883,0.0009154688426763326,0.002343600237251412,0.002343600237251412,
4c7df4184d,180,120,12000,120.0,-0.513318521339118,0.0012894859222644759,0.0016505419804985289,0.0016505419804985289,
4c7df4184d,180,121,12100,121.0,-0.5133191257920979,0.0010389897800910262,0.0026598138370330262,0.0026598138370330262,
4c7df4184d,180,122,12200,122.0,-0.5133201835949883,0.0014007373469069368,0.0017929438040408799,0.0017929438040408799,
4c7df4184d,180,123,12300,123.0,-0.5133205691332318,0.0011903499683492897,0.0030472959189741795,0.0030472959189741795,
4c7df4184d,180,124,12400,124.0,-0.5133218164312647,0.0015431081487027646,0.001975178430339539,0.001975178430339539,
4c7df4184d,180,125,12500,125.0,-0.513321897407424,0.0013742746917823631,0.0035181432109628497,0.0035181432109628497,
4c7df4184d,180,126,12600,126.0,-0.5133234100667806,0.0008613781738566301,0.0022051281250729735,0.0022051281250729735,
4c7df4184d,180,127,12700,127.0,-0.5133242739427557,0.00124011527680242,0.001587347554307096,0.001587347554307096,
4c7df4184d,180,128,12800,128.0,-0.5133249507970589,0.0009732752055076035,0.002491584526099465,0.002491584526099465,
4c7df4184d,180,129,12900,129.0,-0.51332592944379,0.0013387927499986694,0.0017136547199982956,0.0017136547199982956,
4c7df4184d,180,130,13000,130.0,-0.5133264194196934,0.0011111194914253883,0.002844465898048995,0.002844465898048995,
4c7df4184d,180,131,13100,131.0,-0.5133275591751575,0.0014660459058415953,0.0018765387594772425,0.0018765387594772425,
4c7df4184d,180,132,13200,132.0,-0.5133277890257404,0.0012793506401407063,0.0032751376387602092,0.0032751376387602092,
4c7df4184d,180,133,13300,133.0,-0.5133291547464089,0.0008138865632662677,0.002083549601961646,0.002083549601961646,
4c7df4184d,180,134,13400,134.0,-0.5133299694216166,0.0011972814703986162,0.0015325202821102298,0.0015325202821102298,
4c7df4184d,180,135,13500,135.0,-0.5133307043895237,0.0009152691251419852,0.0023430889603634816,0.0023430889603634816,
4c7df4184d,180,136,13600,136.0,-0.5133316168653757,0.001284806390266217,0.0016445521795407576,0.0016445521795407576,
4c7df4184d,180,137,13700,137.0,-0.5133321915991738,0.0010408512439873058,0.002664579184607502,0.002664579184607502,
4c7df4184d,180,138,13800,138.0,-0.5133332415987503,0.0013985293208703545,0.0017901175307140536,0.0017901175307140536,
4c7df4184d,180,139,13900,139.0,-0.513333593224003,0.0011948211950655475,0.0030587422593678026,0.0030587422593678026,
4c7df4184d,180,140,14000,140.0,-0.5133348364000384,0.001544099430782968,0.0019764472714021994,0.0019764472714021994,
4c7df4184d,180,141,14100,141.0,-0.5133348767867276,0.0013820208787089006,0.0035379734494947845,0.0035379734494947845,
4c7df4184d,180,142,14200,142.0,-0.5133363911307851,0.0008639016544273928,0.002211588235334126,0.002211588235334126,
4c7df4184d,180,143,14300,143.0,-0.5133372478256414,0.0012375759045126589,0.0015840971577762025,0.0015840971577762025,
4c7df4184d,180,144,14400,144.0,-0.5133378915582796,0.0009783298489802646,0.0025045244133894778,0.0025045244133894778,
4c7df4184d,180,145,14500,145.0,-0.5133388660652236,0.0013391839136277157,0.0017141554094434758,0.0017141554094434758,
4c7df4184d,180,146,14600,146.0,-0.5133393177014474,0.0011193011901022185,0.0028654110466616806,0.0028654110466616806,
4c7df4184d,180,147,14700,147.0,-0.5133404579384137,0.0014701736915979603,0.001881822325245389,0.001881822325245389,
4c7df4184d,180,148,14800,148.0,-0.5133406415067664,0.0012913722393339164,0.0033059129326948283,0.0033059129326948283,
4c7df4184d,180,149,14900,149.0,-0.5133420146844357,0.0008182867178763001,0.0020948139977633264,0.0020948139977633264,
4c7df4184d,180,150,15000,150.0,-0.5133428239881259,0.0011961064030765415,0.0015310161959379723,0.0015310161959379723,
4c7df4184d,180,151,15100,151.0,-0.5133435239942211,0.0009225476365994404,0.002361721949694567,0.002361721949694567,
4c7df4184d,180,152,15200,152.0,-0.5133444345479004,0.0012868653205961042,0.001647187610363013,0.001647187610363013,
4c7df4184d,180,153,15300,153.0,-0.5133449685732988,0.0010516408344102368,0.002692200536090207,0.002692200536090207,
4c7df4184d,180,154,15400,154.0,-0.5133460217633502,0.001404691084518715,0.0017980045881839542,0.0017980045881839542,
4c7df4184d,180,155,15500,155.0,-0.5133463241212777,0.0012098694986350691,0.0030972659165057785,0.0030972659165057785,
4c7df4184d,180,156,15600,156.0,-0.5133475780433682,0.0007776826371262936,0.001990867551043312,0.001990867551043312,
4c7df4184d,180,157,15700,157.0,-0.5133483467867362,0.0011595681939552524,0.0014842472882627238,0.0014842472882627238,
4c7df4184d,180,158,15800,158.0,-0.5133490927138766,0.0008726604443194488,0.0022340107374577895,0.0022340107374577895,
4c7df4184d,180,159,15900,159.0,-0.5133499487244193,0.0012406125573538062,0.0015879840734128717,0.0015879840734128717,
4c7df4184d,180,160,16000,160.0,-0.513350550766333,0.0009908762015845426,0.002536643076056428,0.002536643076056428,
4c7df4184d,180,161,16100,161.0,-0.5133515298908253,0.0013465512071589318,0.001723585545163433,0.001723585545163433,
4c7df4184d,180,162,16200,162.0,-0.5133519310970885,0.0011364080216293567,0.002909204535371152,0.002909204535371152,
4c7df4184d,180,163,16300,163.0,-0.513353083691757,0.0014829253099777106,0.0018981443967714688,0.0018981443967714688,
4c7df4184d,180,164,16400,164.0,-0.5133532040300987,0.0013139552747796683,0.0033637255034359523,0.0033637255034359523,
4c7df4184d,180,165,16500,165.0,-0.5133546008480748,0.0008279543742841335,0.0021195631981673815,0.0021195631981673815,
4c7df4184d,180,166,16600,166.0,-0.5133554100445595,0.001199612743149933,0.001535504311231915,0.001535504311231915,
4c7df4184d,180,167,16700,167.0,-0.5133560683034558,0.0009361917980717762,0.0023966510030637472,0.0023966510030637472,
4c7df4184d,180,168,16800,168.0,-0.5133569840399193,0.001294818580493724,0.0016573677830319668,0.0016573677830319668,
4c7df4184d,180,169,16900,169.0,-0.5133574676869661,0.0010700527160563288,0.002739334953104202,0.002739334953104202,
4c7df4184d,180,170,17000,170.0,-0.5133585337225297,0.0014181852056579783,0.0018152770632422115,0.0018152770632422115,
4c7df4184d,180,171,17100,171.0,-0.5133587731486395,0.0012339777012919874,0.0031589829153074885,0.0031589829153074885,
4c7df4184d,180,172,17200,172.0,-0.5133600510075236,0.0007878204778467958,0.002016820423287797,0.002016820423287797,
4c7df4184d,180,173,17300,173.0,-0.5133608197798427,0.0011631740659403572,0.001488862804403657,0.001488862804403657,
4c7df4184d,180,174,17400,174.0,-0.5133615245115112,0.0008868919086373856,0.0022704432861117073,0.0022704432861117073,
4c7df4184d,180,175,17500,175.0,-0.5133623856980669,0.0012486924327107993,0.0015983263138698235,0.0015983263138698235,
4c7df4184d,180,176,17600,176.0,-0.5133629382074165,0.0010100056698906868,0.0025856145149201577,0.0025856145149201577,
4c7df4184d,180,177,17700,177.0,-0.5133639299237822,0.0013602275672794319,0.0017410912861176723,0.0017410912861176723,
4c7df4184d,180,178,17800,178.0,-0.5133642695297727,0.0011613707264915476,0.0029731090598183628,0.0029731090598183628,
4c7df4184d,180,179,17900,179.0,-0.5133654453978952,,0.0019244422573926154,0.0019244422573926154,
ff63966be8,180,0,0,0.0,-0.513108296444765,0.07643065367259352,0.0015286130734518705,0.0015286130734518705,"ProjectedCommonDirectionsConfig(subspace_frac_grads=0.1, subspace_frac_updates=0.1, subspace_frac_random=0.1, direction_str=sd, random_proj=True, random_proj_dim_frac=1, inner_use_full_grad=True, orth_P_k=True, beta=0.001, tau=0.5, c_const=inf, N_try=200, alpha_max=100, p_const=1)"
ff63966be8,180,1,100,1.0,-0.5131609440948979,0.008754317090288701,0.01120552587556954,0.01120552587556954,
ff63966be8,180,2,200,2.0,-0.5131822479553914,0.0042410065344902275,0.010856976728294982,0.010856976728294982,
ff63966be8,180,3,300,3.0,-0.5132018926865459,0.0032201256080647616,0.004121760778322897,0.004121760778322897,
ff63966be8,180,4,400,4.0,-0.5132034132619842,0.0023888170277418298,0.006115371591019082,0.006115371591019082,
ff63966be8,180,5,500,5.0,-0.5132087239578106,0.0024752702887080574,0.003168345969546314,0.003168345969546314,
ff63966be8,180,6,600,6.0,-0.5132091504499465,0.0020155176774314947,0.005159725254224628,0.005159725254224628,
ff63966be8,180,7,700,7.0,-0.5132127273118491,0.0022306208274736204,0.002855194659166235,0.002855194659166235,
ff63966be8,180,8,800,8.0,-0.5132127667866371,0.0018972295149318394,0.004856907558225509,0.004856907558225509,
ff63966be8,180,9,900,9.0,-0.5132158029692616,0.0010760513849405846,0.002754691545447897,0.002754691545447897,
ff63966be8,180,10,1000,10.0,-0.513217222612928,0.0014859185233103277,0.0019019757098372191,0.0019019757098372191,
ff63966be8,180,11,1100,11.0,-0.5132184373014754,0.0010795939014539952,0.0027637603877222285,0.0027637603877222285,
ff63966be8,180,12,1200,12.0,-0.5132197905189373,0.0014733036253265729,0.0018858286404180135,0.0018858286404180135,
ff63966be8,180,13,1300,13.0,-0.5132208157230992,0.0011116910806770136,0.002845929166533157,0.002845929166533157,
ff63966be8,180,14,1400,14.0,-0.5132221673342141,0.0014912359102302237,0.0019087819650946867,0.0019087819650946867,
ff63966be8,180,15,1500,15.0,-0.513223021487795,0.0011669194597310104,0.002987313816911386,0.002987313816911386,
ff63966be8,180,16,1600,16.0,-0.5132244186668671,0.0015337002630028834,0.0019631363366436902,0.0019631363366436902,
ff63966be8,180,17,1700,17.0,-0.5132250936537861,0.0012436524337525218,0.003183750230406457,0.003183750230406457,
ff63966be8,180,18,1800,18.0,-0.513226579313733,0.0015990327505431313,0.0020467619206952082,0.0020467619206952082,
ff63966be8,180,19,1900,19.0,-0.5132270481162216,0.0013422292157232274,0.0034361067922514615,0.0034361067922514615,
ff63966be8,180,20,2000,20.0,-0.51322866808691,0.0016878778137447716,0.002160483601593307,0.002160483601593307,
ff63966be8,180,21,2100,21.0,-0.5132288860265167,0.0014642063367126667,0.003748368221984426,0.003748368221984426,
ff63966be8,180,22,2200,22.0,-0.5132306943308665,0.000901155946518047,0.0023069592230861996,0.0023069592230861996,
ff63966be8,180,23,2300,23.0,-0.5132317094535479,0.0013078728689389792,0.0016740772722418926,0.0016740772722418926,
ff63966be8,180,24,2400,24.0,-0.5132326609133717,0.0009727229037343981,0.00249017063356006,0.00249017063356006,
ff63966be8,180,25,2500,25.0,-0.5132337466629339,0.0013647325068584075,0.0017468576087787614,0.0017468576087787614,
ff63966be8,180,26,2600,26.0,-0.5132345654875922,0.0010606270986712927,0.00271520537259851,0.00271520537259851,
ff63966be8,180,27,2700,27.0,-0.5132357489200294,0.0014386954023617162,0.0018415301150229945,0.0018415301150229945,
ff63966be8,180,28,2800,28.0,-0.5132364007556696,0.0011672657491631944,0.002988200317857778,0.002988200317857778,
ff63966be8,180,29,2900,29.0,-0.5132377167183076,0.0015328009849351512,0.0019619852607169943,0.0019619852607169943,
ff63966be8,180,30,3000,30.0,-0.5132381540243278,0.001295465591686321,0.0033163919147169815,0.0033163919147169815,
ff63966be8,180,31,3100,31.0,-0.5132396481881064,0.0016506513025526584,0.002112833667267401,0.002112833667267401,
ff63966be8,180,32,3200,32.0,-0.5132398061313335,0.001448533896834354,0.0037082467758959466,0.0037082467758959466,
ff63966be8,180,33,3300,33.0,-0.5132415389847405,0.0008982033045373261,0.0022994004596155553,0.0022994004596155553,
ff63966be8,180,34,3400,34.0,-0.513242519327156,0.001299122015645059,0.0016628761800256751,0.0016628761800256751,
ff63966be8,180,35,3500,35.0,-0.5132433818941563,0.000987407340782244,0.002527762792402546,0.002527762792402546,
ff63966be8,180,36,3600,36.0,-0.5132444560242274,0.0013737778591207549,0.001758435659674567,0.001758435659674567,
ff63966be8,180,37,3700,37.0,-0.5132451661397848,0.0010956398642616248,0.00280483805250976,0.00280483805250976,
ff63966be8,180,38,3800,38.0,-0.5132463671791423,0.0014686573722951111,0.0018798814365377414,0.0018798814365377414,
ff63966be8,180,39,3900,39.0,-0.5132468763327275,0.001225987432504724,0.003138527827212094,0.003138527827212094,
ff63966be8,180,40,4000,40.0,-0.5132482487303328,0.0015877985890790914,0.0020323821940212367,0.0020323821940212367,
ff63966be8,180,41,4100,41.0,-0.513248490965321,0.0013819993586970988,0.0035379183582645714,0.0035379183582645714,
ff63966be8,180,42,4200,42.0,-0.5132500946068541,0.0008678818505756721,0.002221777537473721,0.002221777537473721,
ff63966be8,180,43,4300,43.0,-0.5132510301499198,0.0012709973528056094,0.0016268766115911791,0.0016268766115911791,
ff63966be8,180,44,4400,44.0,-0.5132518961077688,0.0009588408972422507,0.0024546326969401614,0.0024546326969401614,
ff63966be8,180,45,4500,45.0,-0.5132529247388521,0.0013472393375004528,0.001724466352000581,0.001724466352000581,
ff63966be8,180,46,4600,46.0,-0.5132536410200331,0.0010696664437259502,0.002738346095938433,0.002738346095938433,
ff63966be8,180,47,4700,47.0,-0.5132547963812185,0.001444538589837658,0.001849009394992202,0.001849009394992202,
ff63966be8,180,48,4800,48.0,-0.5132553123844146,0.0012036401080714376,0.003081318676662882,0.003081318676662882,
ff63966be8,180,49,4900,49.0,-0.5132566401315887,0.0015672495122337226,0.0020060793756591644,0.0020060793756591644,
ff63966be8,180,50,5000,50.0,-0.5132568867818044,0.0013645255271160742,0.0034931853494171478,0.0034931853494171478,
ff63966be8,180,51,5100,51.0,-0.5132584490093661,0.0008601302439412806,0.002201933424489678,0.002201933424489678,
ff63966be8,180,52,5200,52.0,-0.5132593667222133,0.0012617405359169821,0.0016150278859737375,0.0016150278859737375,
ff63966be8,180,53,5300,53.0,-0.5132602132747341,0.0009545202876036847,0.0024435719362654314,0.0024435719362654314,
ff63966be8,180,54,5400,54.0,-0.513261227066772,0.001341445528143819,0.0017170502760240876,0.0017170502760240876,
ff63966be8,180,55,5500,55.0,-0.5132619194222441,0.0010698675001650218,0.002738860800422456,0.002738860800422456,
ff63966be8,180,56,5600,56.0,-0.5132630648249507,0.001443464584853757,0.0018476346686128091,0.0018476346686128091,
ff63966be8,180,57,5700,57.0,-0.51326354878584,0.0012096579935155672,0.003096724463399851,0.003096724463399851,
ff63966be8,180,58,5800,58.0,-0.5132648743714285,0.0015724525127899297,0.00201273921637111,0.00201273921637111,
ff63966be8,180,59,5900,59.0,-0.5132650756077096,0.00137789350328844,0.0035274073684184075,0.0035274073684184075,
ff63966be8,180,60,6000,60.0,-0.5132666478711942,0.0008668078797354954,0.002219028172122868,0.002219028172122868,
ff63966be8,180,61,6100,61.0,-0.5132675637303913,0.0012645979058623965,0.001618685319503868,0.001618685319503868,
ff63966be8,180,62,6200,62.0,-0.5132683744549417,0.0009663838005756256,0.0024739425294735998,0.0024739425294735998,
ff63966be8,180,63,6300,63.0,-0.513269392748934,0.0013496911747513866,0.001727604703681775,0.001727604703681775,
ff63966be8,180,64,6400,64.0,-0.5132700390755351,0.0010882201584599797,0.0027858436056575485,0.0027858436056575485,
ff63966be8,180,65,6500,65.0,-0.5132711984038325,0.0014587087998647625,0.001867147263826897,0.001867147263826897,
ff63966be8,180,66,6600,66.0,-0.5132716209227401,0.0012360293377122493,0.003164235104543355,0.003164235104543355,
ff63966be8,180,67,6700,67.0,-0.5132729743345105,0.0015966103084395645,0.002043661194802643,0.002043661194802643,
ff63966be8,180,68,6800,68.0,-0.513273091225531,0.0014140849359886105,0.003620057436130841,0.003620057436130841,
ff63966be8,180,69,6900,69.0,-0.5132747117061625,0.0008844640669108738,0.002264228011291836,0.002264228011291836,
ff63966be8,180,70,7000,70.0,-0.5132756376449016,0.0012769021846867925,0.0016344347963990961,0.0016344347963990961,
ff63966be8,180,71,7100,71.0,-0.5132763982653599,0.000990919162218625,0.0025367530552796807,0.0025367530552796807,
ff63966be8,180,72,7200,72.0,-0.5132774362686267,0.0013692796814019953,0.0017526779921945544,0.0017526779921945544,
ff63966be8,180,73,7300,73.0,-0.5132780170287613,0.0011211479262264983,0.0028701386911398354,0.0028701386911398354,
ff63966be8,180,74,7400,74.0,-0.513279209952736,0.0014875210710603428,0.0019040269709572392,0.0019040269709572392,
ff63966be8,180,75,7500,75.0,-0.5132795444619815,0.0012791175528407421,0.0032745409352722987,0.0032745409352722987,
ff63966be8,180,76,7600,76.0,-0.5132809514517186,0.0008184505311276811,0.002095233359686862,0.002095233359686862,
ff63966be8,180,77,7700,77.0,-0.5132818079986078,0.0012192536970161588,0.001560644732180682,0.001560644732180682,
ff63966be8,180,78,7800,78.0,-0.513282650697504,0.0009116471160586154,0.0023338166171100556,0.0023338166171100556,
ff63966be8,180,79,7900,79.0,-0.5132835974013932,0.001297726378321483,0.0016610897642514982,0.0016610897642514982,
ff63966be8,180,80,8000,80.0,-0.5132842937072147,0.0010266344124994068,0.0026281840959984813,0.0026281840959984813,
ff63966be8,180,81,8100,81.0,-0.5132853655600643,0.0013992986310588425,0.0017911022477553186,0.0017911022477553186,
ff63966be8,180,82,8200,82.0,-0.5132858610637155,0.00116712553040383,0.0029878413578338036,0.0029878413578338036,
ff63966be8,180,83,8300,83.0,-0.5132871064851364,0.0015289916540810746,0.001957109317223775,0.001957109317223775,
ff63966be8,180,84,8400,84.0,-0.5132873258011492,0.0013373779325918137,0.00342368750743504,0.00342368750743504,
ff63966be8,180,85,8500,85.0,-0.5132888118387543,0.0008462047743043105,0.0021662842222190345,0.0021662842222190345,
ff63966be8,180,86,8600,86.0,-0.5132896880544265,0.0012396225608580758,0.0015867168778983367,0.0015867168778983367,
ff63966be8,180,87,8700,87.0,-0.5132904700191645,0.000947896631512797,0.002426615376672761,0.002426615376672761,
ff63966be8,180,88,8800,88.0,-0.5132914483532286,0.0013270227224867685,0.0016985890847830646,0.0016985890847830646,
ff63966be8,180,89,8900,89.0,-0.5132920648852057,0.0010730722935494384,0.002747065071486563,0.002747065071486563,
ff63966be8,180,90,9000,90.0,-0.5132931853253448,0.001439764726462097,0.0018428988498714837,0.0018428988498714837,
ff63966be8,180,91,9100,91.0,-0.5132935739785793,0.0012257119100374093,0.003137822489695767,0.003137822489695767,
ff63966be8,180,92,9200,92.0,-0.5132948920176689,0.0015831955249925472,0.0020264902719904607,0.0020264902719904607,
ff63966be8,180,93,9300,93.0,-0.5132949660453606,0.0014104062148579928,0.0036106399100364617,0.0036106399100364617,
ff63966be8,180,94,9400,94.0,-0.5132965587384581,0.0008816339125527148,0.0022569828161349494,0.0022569828161349494,
ff63966be8,180,95,9500,95.0,-0.5132974633649421,0.001267150184581719,0.0016219522362646013,0.0016219522362646013,
ff63966be8,180,96,9600,96.0,-0.5132981719806956,0.0009933116565325165,0.0025428778407232417,0.0025428778407232417,
ff63966be8,180,97,9700,97.0,-0.5132991939202365,0.0013652609459976033,0.0017475340108769313,0.0017475340108769313,
ff63966be8,180,98,9800,98.0,-0.5132997129195076,0.0011303762731485192,0.0028937632592602094,0.0028937632592602094,
ff63966be8,180,99,9900,99.0,-0.513300898438975,0.0014912512350484118,0.0019088015808619671,0.0019088015808619671,
ff63966be8,180,100,10000,100.0,-0.5133011553144381,0.0012971141870201392,0.003320612318771555,0.003320612318771555,
ff63966be8,180,101,10100,101.0,-0.5133025687761567,0.0008254040487809625,0.002113034364879263,0.002113034364879263,
ff63966be8,180,102,10200,102.0,-0.5133034142806533,0.001217064384974403,0.0015578424127672358,0.0015578424127672358,
ff63966be8,180,103,10300,103.0,-0.5133041935626206,0.0009251299797386419,0.0023683327481309243,0.0023683327481309243,
ff63966be8,180,104,10400,104.0,-0.513305136602936,0.001302522383742719,0.0016672286511906806,0.0016672286511906806,
ff63966be8,180,105,10500,105.0,-0.5133057569289347,0.0010483482383495544,0.0026837714901748575,0.0026837714901748575,
ff63966be8,180,106,10600,106.0,-0.51330683632839,0.00141326050233676,0.0018089734429910544,0.0018089734429910544,
ff63966be8,180,107,10700,107.0,-0.5133072367216713,0.001199083945010287,0.0030696548992263347,0.0030696548992263347,
ff63966be8,180,108,10800,108.0,-0.5133085065752095,0.0015547103494285225,0.001990029247268509,0.001990029247268509,
ff63966be8,180,109,10900,109.0,-0.5133086020094172,0.0013819772959985238,0.003537861877756221,0.003537861877756221,
ff63966be8,180,110,11000,110.0,-0.5133101377236974,0.0008664594117783709,0.0022181360941526287,0.0022181360941526287,
ff63966be8,180,111,11100,111.0,-0.5133110166538882,0.0012492928609151178,0.0015990948619713505,0.0015990948619713505,
ff63966be8,180,112,11200,112.0,-0.5133117163277818,0.0009773143064355737,0.0025019246244750684,0.0025019246244750684,
ff63966be8,180,113,11300,113.0,-0.5133127096126792,0.001346671544652476,0.0017237395771551702,0.0017237395771551702,
ff63966be8,180,114,11400,114.0,-0.5133132235919369,0.001113719993291075,0.0028511231828251514,0.0028511231828251514,
ff63966be8,180,115,11500,115.0,-0.5133143769475441,0.001472106881562054,0.0018842968083994287,0.0018842968083994287,
ff63966be8,180,116,11600,116.0,-0.5133146332392968,0.0012800253534483372,0.0032768649048277427,0.0032768649048277427,
ff63966be8,180,117,11700,117.0,-0.513316010480978,0.0008156917791358156,0.002088170954587686,0.002088170954587686,
ff63966be8,180,118,11800,118.0,-0.5133168366443951,0.0012038216657127231,0.0015408917321122866,0.0015408917321122866,
ff63966be8,180,119,11900,119.0,-0.5133175987682883,0.0009154688426753854,0.002343600237248986,0.002343600237248986,
ff63966be8,180,120,12000,120.0,-0.513318521339118,0.0012894859222636259,0.001650541980497442,0.001650541980497442,
ff63966be8,180,121,12100,121.0,-0.5133191257920979,0.0010389897800898087,0.0026598138370299115,0.0026598138370299115,
ff63966be8,180,122,12200,122.0,-0.5133201835949883,0.001400737346905775,0.0017929438040393925,0.0017929438040393925,
ff63966be8,180,123,12300,123.0,-0.5133205691332318,0.001190349968347738,0.003047295918970208,0.003047295918970208,
ff63966be8,180,124,12400,124.0,-0.5133218164312647,0.00154310814870132,0.001975178430337689,0.001975178430337689,
ff63966be8,180,125,12500,125.0,-0.513321897407424,0.0013742746917805603,0.0035181432109582327,0.0035181432109582327,
ff63966be8,180,126,12600,126.0,-0.5133234100667806,0.0008613781738557703,0.0022051281250707712,0.0022051281250707712,
ff63966be8,180,127,12700,127.0,-0.5133242739427557,0.001240115276801711,0.00158734755430619,0.00158734755430619,
ff63966be8,180,128,12800,128.0,-0.5133249507970589,0.0009732752055065885,0.002491584526096866,0.002491584526096866,
ff63966be8,180,129,12900,129.0,-0.5133259294437901,0.001338792749997834,0.001713654719997227,0.001713654719997227,
ff63966be8,180,130,13000,130.0,-0.5133264194196934,0.0011111194914243173,0.0028444658980462494,0.0028444658980462494,
ff63966be8,180,131,13100,131.0,-0.5133275591751575,0.0014660459058406425,0.0018765387594760225,0.0018765387594760225,
ff63966be8,180,132,13200,132.0,-0.5133277890257404,0.0012793506401394524,0.003275137638756997,0.003275137638756997,
ff63966be8,180,133,13300,133.0,-0.5133291547464089,0.0008138865632656322,0.0020835496019600184,0.0020835496019600184,
ff63966be8,180,134,13400,134.0,-0.5133299694216166,0.0011972814703980292,0.0015325202821094767,0.0015325202821094767,
ff63966be8,180,135,13500,135.0,-0.5133307043895237,0.000915269125141162,0.0023430889603613756,0.0023430889603613756,
ff63966be8,180,136,13600,136.0,-0.5133316168653757,0.0012848063902653885,0.0016445521795396966,0.0016445521795396966,
ff63966be8,180,137,13700,137.0,-0.5133321915991738,0.0010408512439861511,0.002664579184604547,0.002664579184604547,
ff63966be8,180,138,13800,138.0,-0.5133332415987503,0.0013985293208692697,0.0017901175307126654,0.0017901175307126654,
ff63966be8,180,139,13900,139.0,-0.513333593224003,0.00119482119506409,0.00305874225936407,0.00305874225936407,
ff63966be8,180,140,14000,140.0,-0.5133348364000384,0.0015440994307815237,0.0019764472714003506,0.0019764472714003506,
ff63966be8,180,141,14100,141.0,-0.5133348767867276,0.001382020878707165,0.0035379734494903423,0.0035379734494903423,
ff63966be8,180,142,14200,142.0,-0.5133363911307851,0.0008639016544265304,0.002211588235331918,0.002211588235331918,
ff63966be8,180,143,14300,143.0,-0.5133372478256414,0.0012375759045118592,0.0015840971577751788,0.0015840971577751788,
ff63966be8,180,144,14400,144.0,-0.5133378915582796,0.0009783298489791435,0.002504524413386608,0.002504524413386608,
ff63966be8,180,145,14500,145.0,-0.5133388660652236,0.0013391839136266724,0.0017141554094421403,0.0017141554094421403,
ff63966be8,180,146,14600,146.0,-0.5133393177014474,0.001119301190100872,0.0028654110466582315,0.0028654110466582315,
ff63966be8,180,147,14700,147.0,-0.5133404579384137,0.0014701736915966434,0.001881822325243702,0.001881822325243702,
ff63966be8,180,148,14800,148.0,-0.5133406415067664,0.0012913722393322967,0.003305912932690681,0.003305912932690681,
ff63966be8,180,149,14900,149.0,-0.5133420146844357,0.0008182867178754928,0.0020948139977612617,0.0020948139977612617,
ff63966be8,180,150,15000,150.0,-0.5133428239881259,0.0011961064030758266,0.001531016195937058,0.001531016195937058,
ff63966be8,180,151,15100,151.0,-0.5133435239942211,0.0009225476365984496,0.0023617219496920305,0.0023617219496920305,
ff63966be8,180,152,15200,152.0,-0.5133444345479004,0.0012868653205952488,0.0016471876103619175,0.0016471876103619175,
ff63966be8,180,153,15300,153.0,-0.5133449685732988,0.0010516408344090334,0.0026922005360871253,0.0026922005360871253,
ff63966be8,180,154,15400,154.0,-0.5133460217633502,0.0014046910845176284,0.0017980045881825638,0.0017980045881825638,
ff63966be8,180,155,15500,155.0,-0.5133463241212777,0.001209869498633722,0.003097265916502328,0.003097265916502328,
ff63966be8,180,156,15600,156.0,-0.5133475780433682,0.0007776826371256319,0.0019908675510416185,0.0019908675510416185,
ff63966be8,180,157,15700,157.0,-0.5133483467867362,0.001159568193954696,0.0014842472882620108,0.0014842472882620108,
ff63966be8,180,158,15800,158.0,-0.5133490927138766,0.0008726604443186909,0.0022340107374558475,0.0022340107374558475,
ff63966be8,180,159,15900,159.0,-0.5133499487244193,0.0012406125573530518,0.001587984073411907,0.001587984073411907,
ff63966be8,180,160,16000,160.0,-0.513350550766333,0.0009908762015834833,0.0025366430760537175,0.0025366430760537175,
ff63966be8,180,161,16100,161.0,-0.5133515298908253,0.0013465512071579872,0.001723585545162222,0.001723585545162222,
ff63966be8,180,162,16200,162.0,-0.5133519310970885,0.0011364080216281203,0.0029092045353679885,0.0029092045353679885,
ff63966be8,180,163,16300,163.0,-0.513353083691757,0.001482925309976583,0.001898144396770027,0.001898144396770027,
ff63966be8,180,164,16400,164.0,-0.5133532040300987,0.0013139552747782896,0.003363725503432423,0.003363725503432423,
ff63966be8,180,165,16500,165.0,-0.5133546008480748,0.0008279543742834383,0.002119563198165602,0.002119563198165602,
ff63966be8,180,166,16600,166.0,-0.5133554100445595,0.001199612743149303,0.0015355043112311093,0.0015355043112311093,
ff63966be8,180,167,16700,167.0,-0.5133560683034558,0.0009361917980709148,0.0023966510030615424,0.0023966510030615424,
ff63966be8,180,168,16800,168.0,-0.5133569840399193,0.0012948185804929724,0.0016573677830310051,0.0016573677830310051,
ff63966be8,180,169,16900,169.0,-0.5133574676869661,0.0010700527160553536,0.0027393349531017065,0.0027393349531017065,
ff63966be8,180,170,17000,170.0,-0.5133585337225297,0.001418185205656974,0.0018152770632409256,0.0018152770632409256,
ff63966be8,180,171,17100,171.0,-0.5133587731486394,0.001233977701290642,0.0031589829153040425,0.0031589829153040425,
ff63966be8,180,172,17200,172.0,-0.5133600510075236,0.0007878204778461146,0.0020168204232860537,0.0020168204232860537,
ff63966be8,180,173,17300,173.0,-0.5133608197798427,0.0011631740659398158,0.0014888628044029642,0.0014888628044029642,
ff63966be8,180,174,17400,174.0,-0.5133615245115112,0.0008868919086365354,0.0022704432861095315,0.0022704432861095315,
ff63966be8,180,175,17500,175.0,-0.5133623856980669,0.001248692432709936,0.001598326313868718,0.001598326313868718,
ff63966be8,180,176,17600,176.0,-0.5133629382074165,0.0010100056698895317,0.0025856145149172013,0.0025856145149172013,
ff63966be8,180,177,17700,177.0,-0.5133639299237822,0.001360227567278408,0.001741091286116363,0.001741091286116363,
ff63966be8,180,178,17800,178.0,-0.5133642695297727,0.0011613707264901969,0.0029731090598149033,0.0029731090598149033,
ff63966be8,180,179,17900,179.0,-0.5133654453978952,,0.0019244422573909733,0.0019244422573909733,
00e23e7ce3,180,0,0,0.0,-0.513108296444765,0.07643065367259352,0.0015286130734518705,0.0015286130734518705,"ProjectedCommonDirectionsConfig(subspace_frac_grads=0.1, subspace_frac_updates=0.1, subspace_frac_random=0.1, direction_str=sd, random_proj=True, random_proj_dim_frac=1, inner_use_full_grad=True, orth_P_k=True, beta=0.001, tau=0.5, c_const=inf, N_try=200, alpha_max=100, p_const=1)"
00e23e7ce3,180,1,100,1.0,-0.5131609440948979,0.0087543170902887,0.011205525875569528,0.011205525875569528,
00e23e7ce3,180,2,200,2.0,-0.5131822479553914,0.004241006534490232,0.010856976728294982,0.010856976728294982,
00e23e7ce3,180,3,300,3.0,-0.5132018926865459,0.0032201256080647703,0.0041217607783229065,0.0041217607783229065,
00e23e7ce3,180,4,400,4.0,-0.5132034132619842,0.002388817027741839,0.006115371591019104,0.006115371591019104,
00e23e7ce3,180,5,500,5.0,-0.5132087239578106,0.0024752702887080604,0.0031683459695463173,0.0031683459695463173,
00e23e7ce3,180,6,600,6.0,-0.5132091504499465,0.0020155176774314877,0.005159725254224609,0.005159725254224609,
00e23e7ce3,180,7,700,7.0,-0.5132127273118491,0.0022306208274736083,0.0028551946591662187,0.0028551946591662187,
00e23e7ce3,180,8,800,8.0,-0.5132127667866371,0.001897229514931816,0.004856907558225449,0.004856907558225449,
00e23e7ce3,180,9,900,9.0,-0.5132158029692616,0.0010760513849405707,0.002754691545447861,0.002754691545447861,
00e23e7ce3,180,10,1000,10.0,-0.513217222612928,0.001485918523310314,0.0019019757098372018,0.0019019757098372018,
00e23e7ce3,180,11,1100,11.0,-0.5132184373014754,0.001079593901453976,0.002763760387722178,0.002763760387722178,
00e23e7ce3,180,12,1200,12.0,-0.5132197905189373,0.0014733036253265636,0.0018858286404180018,0.0018858286404180018,
00e23e7ce3,180,13,1300,13.0,-0.5132208157230992,0.001111691080676999,0.0028459291665331172,0.0028459291665331172,
00e23e7ce3,180,14,1400,14.0,-0.5132221673342141,0.0014912359102302155,0.001908781965094676,0.001908781965094676,
00e23e7ce3,180,15,1500,15.0,-0.513223021487795,0.0011669194597310089,0.0029873138169113833,0.0029873138169113833,
00e23e7ce3,180,16,1600,16.0,-0.5132244186668671,0.0015337002630028832,0.001963136336643691,0.001963136336643691,
00e23e7ce3,180,17,1700,17.0,-0.5132250936537861,0.001243652433752513,0.003183750230406432,0.003183750230406432,
00e23e7ce3,180,18,1800,18.0,-0.513226579313733,0.0015990327505431244,0.0020467619206951996,0.0020467619206951996,
00e23e7ce3,180,19,1900,19.0,-0.5132270481162216,0.001342229215723223,0.003436106792251451,0.003436106792251451,
00e23e7ce3,180,20,2000,20.0,-0.51322866808691,0.0016878778137447564,0.0021604836015932886,0.0021604836015932886,
00e23e7ce3,180,21,2100,21.0,-0.5132288860265167,0.0014642063367126593,0.0037483682219844076,0.0037483682219844076,
00e23e7ce3,180,22,2200,22.0,-0.5132306943308665,0.0009011559465180487,0.0023069592230862044,0.0023069592230862044,
00e23e7ce3,180,23,2300,23.0,-0.5132317094535479,0.00130787286893901,0.0016740772722419323,0.0016740772722419323,
00e23e7ce3,180,24,2400,24.0,-0.5132326609133717,0.0009727229037344793,0.0024901706335602675,0.0024901706335602675,
00e23e7ce3,180,25,2500,25.0,-0.5132337466629339,0.0013647325068584628,0.0017468576087788332,0.0017468576087788332,
00e23e7ce3,180,26,2600,26.0,-0.5132345654875922,0.0010606270986714083,0.0027152053725988034,0.0027152053725988034,
00e23e7ce3,180,27,2700,27.0,-0.5132357489200294,0.001438695402361869,0.0018415301150231918,0.0018415301150231918,
00e23e7ce3,180,28,2800,28.0,-0.5132364007556696,0.0011672657491633748,0.0029882003178582396,0.0029882003178582396,
00e23e7ce3,180,29,2900,29.0,-0.5132377167183076,0.0015328009849352757,0.0019619852607171517,0.0019619852607171517,
00e23e7ce3,180,30,3000,30.0,-0.5132381540243278,0.0012954655916865062,0.0033163919147174543,0.0033163919147174543,
00e23e7ce3,180,31,3100,31.0,-0.5132396481881064,0.0016506513025528993,0.0021128336672677113,0.0021128336672677113,
00e23e7ce3,180,32,3200,32.0,-0.5132398061313335,0.0014485338968346373,0.0037082467758966712,0.0037082467758966712,
00e23e7ce3,180,33,3300,33.0,-0.5132415389847405,0.0008982033045374415,0.0022994004596158493,0.0022994004596158493,
00e23e7ce3,180,34,3400,34.0,-0.513242519327156,0.0012991220156452345,0.0016628761800258993,0.0016628761800258993,
00e23e7ce3,180,35,3500,35.0,-0.5132433818941563,0.0009874073407825468,0.002527762792403321,0.002527762792403321,
00e23e7ce3,180,36,3600,36.0,-0.5132444560242274,0.001373777859121099,0.0017584356596750065,0.0017584356596750065,
00e23e7ce3,180,37,3700,37.0,-0.5132451661397849,0.0010956398642621593,0.0028048380525111266,0.0028048380525111266,
00e23e7ce3,180,38,3800,38.0,-0.5132463671791423,0.0014686573722956235,0.0018798814365383989,0.0018798814365383989,
00e23e7ce3,180,39,3900,39.0,-0.5132468763327275,0.0012259874325054143,0.0031385278272138615,0.0031385278272138615,
00e23e7ce3,180,40,4000,40.0,-0.5132482487303328,0.0015877985890797909,0.0020323821940221327,0.0020323821940221327,
00e23e7ce3,180,41,4100,41.0,-0.513248490965321,0.001381999358697946,0.0035379183582667415,0.0035379183582667415,
00e23e7ce3,180,42,4200,42.0,-0.5132500946068541,0.0008678818505761045,0.0022217775374748275,0.0022217775374748275,
00e23e7ce3,180,43,4300,43.0,-0.5132510301499198,0.0012709973528060084,0.0016268766115916902,0.0016268766115916902,
00e23e7ce3,180,44,4400,44.0,-0.5132518961077688,0.0009588408972428556,0.0024546326969417114,0.0024546326969417114,
00e23e7ce3,180,45,4500,45.0,-0.5132529247388521,0.0013472393375009827,0.001724466352001259,0.001724466352001259,
00e23e7ce3,180,46,4600,46.0,-0.5132536410200331,0.0010696664437267096,0.002738346095940379,0.002738346095940379,
00e23e7ce3,180,47,4700,47.0,-0.5132547963812185,0.001444538589838368,0.0018490093949931118,0.0018490093949931118,
00e23e7ce3,180,48,4800,48.0,-0.5132553123844146,0.0012036401080724299,0.0030813186766654194,0.0030813186766654194,
00e23e7ce3,180,49,4900,49.0,-0.5132566401315887,0.001567249512234705,0.002006079375660422,0.002006079375660422,
00e23e7ce3,180,50,5000,50.0,-0.5132568867818044,0.0013645255271172944,0.0034931853494202724,0.0034931853494202724,
00e23e7ce3,180,51,5100,51.0,-0.5132584490093661,0.0008601302439418848,0.0022019334244912257,0.0022019334244912257,
00e23e7ce3,180,52,5200,52.0,-0.5132593667222133,0.001261740535917468,0.001615027885974359,0.001615027885974359,
00e23e7ce3,180,53,5300,53.0,-0.5132602132747341,0.0009545202876043941,0.0024435719362672485,0.0024435719362672485,
00e23e7ce3,180,54,5400,54.0,-0.513261227066772,0.0013414455281445254,0.0017170502760249927,0.0017170502760249927,
00e23e7ce3,180,55,5500,55.0,-0.5132619194222441,0.0010698675001659668,0.0027388608004248745,0.0027388608004248745,
00e23e7ce3,180,56,5600,56.0,-0.5132630648249507,0.0014434645848545547,0.0018476346686138313,0.0018476346686138313,
00e23e7ce3,180,57,5700,57.0,-0.51326354878584,0.0012096579935166635,0.0030967244634026586,0.0030967244634026586,
00e23e7ce3,180,58,5800,58.0,-0.5132648743714285,0.0015724525127910139,0.0020127392163724975,0.0020127392163724975,
00e23e7ce3,180,59,5900,59.0,-0.5132650756077096,0.0013778935032898096,0.0035274073684219134,0.0035274073684219134,
00e23e7ce3,180,60,6000,60.0,-0.5132666478711942,0.0008668078797361623,0.002219028172124575,0.002219028172124575,
00e23e7ce3,180,61,6100,61.0,-0.5132675637303913,0.0012645979058629095,0.0016186853195045245,0.0016186853195045245,
00e23e7ce3,180,62,6200,62.0,-0.5132683744549417,0.0009663838005763665,0.002473942529475498,0.002473942529475498,
00e23e7ce3,180,63,6300,63.0,-0.513269392748934,0.0013496911747520402,0.0017276047036826107,0.0017276047036826107,
00e23e7ce3,180,64,6400,64.0,-0.5132700390755351,0.0010882201584608744,0.002785843605659838,0.002785843605659838,
00e23e7ce3,180,65,6500,65.0,-0.5132711984038325,0.0014587087998654989,0.0018671472638278402,0.0018671472638278402,
00e23e7ce3,180,66,6600,66.0,-0.5132716209227401,0.0012360293377131843,0.0031642351045457506,0.0031642351045457506,
00e23e7ce3,180,67,6700,67.0,-0.5132729743345105,0.0015966103084405247,0.0020436611948038714,0.0020436611948038714,
00e23e7ce3,180,68,6800,68.0,-0.5132730912255311,0.0014140849359897901,0.003620057436133863,0.003620057436133863,
00e23e7ce3,180,69,6900,69.0,-0.5132747117061625,0.0008844640669114738,0.0022642280112933713,0.0022642280112933713,
00e23e7ce3,180,70,7000,70.0,-0.5132756376449016,0.0012769021846873814,0.0016344347963998473,0.0016344347963998473,
00e23e7ce3,180,71,7100,71.0,-0.5132763982653599,0.0009909191622194447,0.002536753055281779,0.002536753055281779,
00e23e7ce3,180,72,7200,72.0,-0.5132774362686267,0.0013692796814027668,0.0017526779921955423,0.0017526779921955423,
00e23e7ce3,180,73,7300,73.0,-0.5132780170287613,0.0011211479262275951,0.002870138691142645,0.002870138691142645,
00e23e7ce3,180,74,7400,74.0,-0.513279209952736,0.0014875210710612713,0.0019040269709584261,0.0019040269709584261,
00e23e7ce3,180,75,7500,75.0,-0.5132795444619815,0.001279117552841887,0.0032745409352752317,0.0032745409352752317,
00e23e7ce3,180,76,7600,76.0,-0.5132809514517186,0.0008184505311282736,0.002095233359688381,0.002095233359688381,
00e23e7ce3,180,77,7700,77.0,-0.5132818079986078,0.0012192536970167694,0.0015606447321814645,0.0015606447321814645,
00e23e7ce3,180,78,7800,78.0,-0.513282650697504,0.0009116471160595829,0.002333816617112533,0.002333816617112533,
00e23e7ce3,180,79,7900,79.0,-0.5132835974013932,0.0012977263783222682,0.0016610897642525021,0.0016610897642525021,
00e23e7ce3,180,80,8000,80.0,-0.5132842937072147,0.001026634412500492,0.0026281840960012594,0.0026281840960012594,
00e23e7ce3,180,81,8100,81.0,-0.5132853655600643,0.0013992986310598131,0.0017911022477565602,0.0017911022477565602,
00e23e7ce3,180,82,8200,82.0,-0.5132858610637155,0.0011671255304051067,0.002987841357837073,0.002987841357837073,
00e23e7ce3,180,83,8300,83.0,-0.5132871064851364,0.0015289916540823414,0.0019571093172253977,0.0019571093172253977,
00e23e7ce3,180,84,8400,84.0,-0.5132873258011492,0.001337377932593373,0.003423687507439035,0.003423687507439035,
00e23e7ce3,180,85,8500,85.0,-0.5132888118387543,0.0008462047743050935,0.002166284222221038,0.002166284222221038,
00e23e7ce3,180,86,8600,86.0,-0.5132896880544265,0.0012396225608587495,0.0015867168778992,0.0015867168778992,
00e23e7ce3,180,87,8700,87.0,-0.5132904700191645,0.0009478966315137887,0.0024266153766752995,0.0024266153766752995,
00e23e7ce3,180,88,8800,88.0,-0.5132914483532286,0.001327022722487649,0.0016985890847841907,0.0016985890847841907,
00e23e7ce3,180,89,8900,89.0,-0.5132920648852057,0.0010730722935505612,0.0027470650714894376,0.0027470650714894376,
00e23e7ce3,180,90,9000,90.0,-0.5132931853253448,0.0014397647264630927,0.0018428988498727583,0.0018428988498727583,
00e23e7ce3,180,91,9100,91.0,-0.5132935739785793,0.0012257119100387017,0.003137822489699075,0.003137822489699075,
00e23e7ce3,180,92,9200,92.0,-0.5132948920176689,0.0015831955249937409,0.002026490271991987,0.002026490271991987,
00e23e7ce3,180,93,9300,93.0,-0.5132949660453606,0.0014104062148594437,0.0036106399100401757,0.0036106399100401757,
00e23e7ce3,180,94,9400,94.0,-0.5132965587384581,0.0008816339125534824,0.002256982816136915,0.002256982816136915,
00e23e7ce3,180,95,9500,95.0,-0.5132974633649421,0.001267150184582446,0.001621952236265531,0.001621952236265531,
00e23e7ce3,180,96,9600,96.0,-0.5132981719806956,0.0009933116565335259,0.002542877840725825,0.002542877840725825,
00e23e7ce3,180,97,9700,97.0,-0.5132991939202365,0.0013652609459985311,0.00174753401087812,0.00174753401087812,
00e23e7ce3,180,98,9800,98.0,-0.5132997129195076,0.0011303762731497374,0.002893763259263326,0.002893763259263326,
00e23e7ce3,180,99,9900,99.0,-0.5133008984389749,0.001491251235049553,0.0019088015808634278,0.0019088015808634278,
00e23e7ce3,180,100,10000,100.0,-0.5133011553144381,0.0012971141870215498,0.0033206123187751674,0.0033206123187751674,
00e23e7ce3,180,101,10100,101.0,-0.5133025687761567,0.0008254040487816087,0.002113034364880918,0.002113034364880918,
00e23e7ce3,180,102,10200,102.0,-0.5133034142806533,0.0012170643849749327,0.0015578424127679132,0.0015578424127679132,
00e23e7ce3,180,103,10300,103.0,-0.5133041935626206,0.0009251299797393704,0.0023683327481327887,0.0023683327481327887,
00e23e7ce3,180,104,10400,104.0,-0.513305136602936,0.001302522383743413,0.0016672286511915692,0.0016672286511915692,
00e23e7ce3,180,105,10500,105.0,-0.5133057569289347,0.0010483482383505586,0.0026837714901774296,0.0026837714901774296,
00e23e7ce3,180,106,10600,106.0,-0.51330683632839,0.0014132605023377362,0.0018089734429923034,0.0018089734429923034,
00e23e7ce3,180,107,10700,107.0,-0.5133072367216713,0.001199083945011551,0.0030696548992295704,0.0030696548992295704,
00e23e7ce3,180,108,10800,108.0,-0.5133085065752095,0.0015547103494297498,0.001990029247270081,0.001990029247270081,
00e23e7ce3,180,109,10900,109.0,-0.5133086020094172,0.0013819772960000929,0.0035378618777602375,0.0035378618777602375,
00e23e7ce3,180,110,11000,110.0,-0.5133101377236974,0.0008664594117790855,0.0022181360941544606,0.0022181360941544606,
00e23e7ce3,180,111,11100,111.0,-0.5133110166538882,0.0012492928609157893,0.0015990948619722099,0.0015990948619722099,
00e23e7ce3,180,112,11200,112.0,-0.5133117163277818,0.0009773143064365018,0.0025019246244774433,0.0025019246244774433,
00e23e7ce3,180,113,11300,113.0,-0.5133127096126792,0.0013466715446533157,0.0017237395771562444,0.0017237395771562444,
00e23e7ce3,180,114,11400,114.0,-0.5133132235919369,0.0011137199932922317,0.0028511231828281134,0.0028511231828281134,
00e23e7ce3,180,115,11500,115.0,-0.5133143769475441,0.0014721068815631174,0.0018842968084007903,0.0018842968084007903,
00e23e7ce3,180,116,11600,116.0,-0.5133146332392967,0.001280025353449676,0.0032768649048311714,0.0032768649048311714,
00e23e7ce3,180,117,11700,117.0,-0.513316010480978,0.000815691779136511,0.002088170954589469,0.002088170954589469,
00e23e7ce3,180,118,11800,118.0,-0.5133168366443951,0.0012038216657132873,0.0015408917321130082,0.0015408917321130082,
00e23e7ce3,180,119,11900,119.0,-0.5133175987682883,0.0009154688426762017,0.002343600237251076,0.002343600237251076,
00e23e7ce3,180,120,12000,120.0,-0.513318521339118,0.0012894859222643744,0.0016505419804983996,0.0016505419804983996,
00e23e7ce3,180,121,12100,121.0,-0.5133191257920979,0.0010389897800908879,0.0026598138370326737,0.0026598138370326737,
00e23e7ce3,180,122,12200,122.0,-0.5133201835949883,0.0014007373469068312,0.0017929438040407452,0.0017929438040407452,
00e23e7ce3,180,123,12300,123.0,-0.5133205691332318,0.0011903499683491394,0.003047295918973796,0.003047295918973796,
00e23e7ce3,180,124,12400,124.0,-0.5133218164312647,0.00154310814870259,0.0019751784303393143,0.0019751784303393143,
00e23e7ce3,180,125,12500,125.0,-0.513321897407424,0.0013742746917821682,0.003518143210962349,0.003518143210962349,
00e23e7ce3,180,126,12600,126.0,-0.5133234100667806,0.0008613781738565284,0.0022051281250727137,0.0022051281250727137,
00e23e7ce3,180,127,12700,127.0,-0.5133242739427557,0.0012401152768023362,0.0015873475543069907,0.0015873475543069907,
00e23e7ce3,180,128,12800,128.0,-0.5133249507970589,0.0009732752055074677,0.0024915845260991168,0.0024915845260991168,
00e23e7ce3,180,129,12900,129.0,-0.51332592944379,0.0013387927499984983,0.0017136547199980768,0.0017136547199980768,
00e23e7ce3,180,130,13000,130.0,-0.5133264194196934,0.0011111194914251695,0.0028444658980484342,0.0028444658980484342,
00e23e7ce3,180,131,13100,131.0,-0.5133275591751575,0.0014660459058414078,0.0018765387594770022,0.0018765387594770022,
00e23e7ce3,180,132,13200,132.0,-0.5133277890257404,0.0012793506401404644,0.0032751376387595886,0.0032751376387595886,
00e23e7ce3,180,133,13300,133.0,-0.5133291547464089,0.0008138865632661465,0.0020835496019613346,0.0020835496019613346,
00e23e7ce3,180,134,13400,134.0,-0.5133299694216166,0.001197281470398497,0.0015325202821100767,0.0015325202821100767,
00e23e7ce3,180,135,13500,135.0,-0.5133307043895237,0.0009152691251418269,0.002343088960363077,0.002343088960363077,
00e23e7ce3,180,136,13600,136.0,-0.5133316168653757,0.00128480639026605,0.0016445521795405442,0.0016445521795405442,
00e23e7ce3,180,137,13700,137.0,-0.5133321915991738,0.0010408512439870699,0.0026645791846068973,0.0026645791846068973,
00e23e7ce3,180,138,13800,138.0,-0.5133332415987503,0.001398529320870161,0.0017901175307138068,0.0017901175307138068,
00e23e7ce3,180,139,13900,139.0,-0.513333593224003,0.0011948211950652818,0.0030587422593671225,0.0030587422593671225,
00e23e7ce3,180,140,14000,140.0,-0.5133348364000384,0.0015440994307827048,0.0019764472714018638,0.0019764472714018638,
00e23e7ce3,180,141,14100,141.0,-0.5133348767867276,0.0013820208787085862,0.0035379734494939826,0.0035379734494939826,
00e23e7ce3,180,142,14200,142.0,-0.5133363911307851,0.0008639016544272497,0.0022115882353337573,0.0022115882353337573,
00e23e7ce3,180,143,14300,143.0,-0.5133372478256414,0.001237575904512507,0.0015840971577760084,0.0015840971577760084,
00e23e7ce3,180,144,14400,144.0,-0.5133378915582796,0.0009783298489800289,0.002504524413388875,0.002504524413388875,
00e23e7ce3,180,145,14500,145.0,-0.5133388660652236,0.0013391839136274813,0.0017141554094431762,0.0017141554094431762,
00e23e7ce3,180,146,14600,146.0,-0.5133393177014474,0.001119301190101908,0.0028654110466608857,0.0028654110466608857,
00e23e7ce3,180,147,14700,147.0,-0.5133404579384137,0.0014701736915976639,0.0018818223252450117,0.0018818223252450117,
00e23e7ce3,180,148,14800,148.0,-0.5133406415067664,0.001291372239333546,0.0033059129326938786,0.0033059129326938786,
00e23e7ce3,180,149,14900,149.0,-0.5133420146844357,0.000818286717876118,0.002094813997762863,0.002094813997762863,
00e23e7ce3,180,150,15000,150.0,-0.5133428239881259,0.0011961064030763951,0.0015310161959377856,0.0015310161959377856,
00e23e7ce3,180,151,15100,151.0,-0.5133435239942211,0.0009225476365992387,0.002361721949694052,0.002361721949694052,
00e23e7ce3,180,152,15200,152.0,-0.5133444345479004,0.0012868653205959405,0.0016471876103628042,0.0016471876103628042,
00e23e7ce3,180,153,15300,153.0,-0.5133449685732988,0.0010516408344100228,0.0026922005360896597,0.0026922005360896597,
00e23e7ce3,180,154,15400,154.0,-0.5133460217633502,0.001404691084518542,0.0017980045881837332,0.0017980045881837332,
00e23e7ce3,180,155,15500,155.0,-0.5133463241212777,0.0012098694986348547,0.0030972659165052277,0.0030972659165052277,
00e23e7ce3,180,156,15600,156.0,-0.5133475780433682,0.0007776826371261933,0.0019908675510430557,0.0019908675510430557,
00e23e7ce3,180,157,15700,157.0,-0.5133483467867362,0.001159568193955203,0.0014842472882626598,0.0014842472882626598,
00e23e7ce3,180,158,15800,158.0,-0.5133490927138766,0.0008726604443193567,0.0022340107374575527,0.0022340107374575527,
00e23e7ce3,180,159,15900,159.0,-0.5133499487244193,0.001240612557353715,0.0015879840734127546,0.0015879840734127546,
00e23e7ce3,180,160,16000,160.0,-0.513350550766333,0.000990876201584392,0.0025366430760560433,0.0025366430760560433,
00e23e7ce3,180,161,16100,161.0,-0.5133515298908253,0.0013465512071587742,0.0017235855451632322,0.0017235855451632322,
00e23e7ce3,180,162,16200,162.0,-0.5133519310970885,0.001136408021629178,0.0029092045353706956,0.0029092045353706956,
00e23e7ce3,180,163,16300,163.0,-0.513353083691757,0.0014829253099775802,0.001898144396771302,0.001898144396771302,
00e23e7ce3,180,164,16400,164.0,-0.5133532040300987,0.0013139552747794847,0.0033637255034354822,0.0033637255034354822,
00e23e7ce3,180,165,16500,165.0,-0.5133546008480748,0.0008279543742840658,0.002119563198167207,0.002119563198167207,
00e23e7ce3,180,166,16600,166.0,-0.5133554100445595,0.0011996127431498516,0.00153550431123181,0.00153550431123181,
00e23e7ce3,180,167,16700,167.0,-0.5133560683034558,0.0009361917980716484,0.002396651003063421,0.002396651003063421,
00e23e7ce3,180,168,16800,168.0,-0.5133569840399193,0.0012948185804936743,0.0016573677830319029,0.0016573677830319029,
00e23e7ce3,180,169,16900,169.0,-0.5133574676869661,0.001070052716056246,0.0027393349531039898,0.0027393349531039898,
00e23e7ce3,180,170,17000,170.0,-0.5133585337225297,0.0014181852056578625,0.001815277063242064,0.001815277063242064,
00e23e7ce3,180,171,17100,171.0,-0.5133587731486395,0.001233977701291849,0.0031589829153071338,0.0031589829153071338,
00e23e7ce3,180,172,17200,172.0,-0.5133600510075236,0.0007878204778467029,0.0020168204232875577,0.0020168204232875577,
00e23e7ce3,180,173,17300,173.0,-0.5133608197798427,0.0011631740659402835,0.0014888628044035634,0.0014888628044035634,
00e23e7ce3,180,174,17400,174.0,-0.5133615245115112,0.0008868919086372678,0.0022704432861114063,0.0022704432861114063,
00e23e7ce3,180,175,17500,175.0,-0.5133623856980669,0.001248692432710664,0.0015983263138696496,0.0015983263138696496,
00e23e7ce3,180,176,17600,176.0,-0.5133629382074165,0.0010100056698904999,0.002585614514919679,0.002585614514919679,
00e23e7ce3,180,177,17700,177.0,-0.5133639299237822,0.0013602275672792506,0.0017410912861174415,0.0017410912861174415,
00e23e7ce3,180,178,17800,178.0,-0.5133642695297727,0.0011613707264912783,0.0029731090598176706,0.0029731090598176706,
00e23e7ce3,180,179,17900,179.0,-0.5133654453978952,,0.0019244422573922845,0.0019244422573922845,
f6b501da5f,180,0,0,0.0,-0.513108296444765,0.07643065367259352,0.0015286130734518705,0.0015286130734518705,"ProjectedCommonDirectionsConfig(subspace_frac_grads=0.1, subspace_frac_updates=0.1, subspace_frac_random=0.1, direction_str=sd, random_proj=True, random_proj_dim_frac=1, inner_use_full_grad=True, orth_P_k=True, beta=0.001, tau=0.5, c_const=inf, N_try=200, alpha_max=100, p_const=1)"
f6b501da5f,180,1,100,1.0,-0.5131609440948979,0.008754317090288705,0.01120552587556954,0.01120552587556954,
f6b501da5f,180,2,200,2.0,-0.5131822479553914,0.004241006534490231,0.010856976728294993,0.010856976728294993,
f6b501da5f,180,3,300,3.0,-0.5132018926865459,0.0032201256080647647,0.0041217607783228995,0.0041217607783228995,
f6b501da5f,180,4,400,4.0,-0.5132034132619842,0.002388817027741827,0.00611537159101908,0.00611537159101908,
f6b501da5f,180,5,500,5.0,-0.5132087239578106,0.002475270288708057,0.0031683459695463134,0.0031683459695463134,
f6b501da5f,180,6,600,6.0,-0.5132091504499465,0.002015517677431491,0.005159725254224621,0.005159725254224621,
f6b501da5f,180,7,700,7.0,-0.5132127273118491,0.0022306208274736243,0.00285519465916624,0.00285519465916624,
f6b501da5f,180,8,800,8.0,-0.5132127667866371,0.001897229514931843,0.004856907558225522,0.004856907558225522,
f6b501da5f,180,9,900,9.0,-0.5132158029692616,0.0010760513849405876,0.002754691545447905,0.002754691545447905,
f6b501da5f,180,10,1000,10.0,-0.513217222612928,0.001485918523310332,0.001901975709837225,0.001901975709837225,
f6b501da5f,180,11,1100,11.0,-0.5132184373014754,0.0010795939014540054,0.002763760387722254,0.002763760387722254,
f6b501da5f,180,12,1200,12.0,-0.5132197905189373,0.001473303625326592,0.0018858286404180378,0.0018858286404180378,
f6b501da5f,180,13,1300,13.0,-0.5132208157230992,0.0011116910806770405,0.0028459291665332244,0.0028459291665332244,
f6b501da5f,180,14,1400,14.0,-0.5132221673342141,0.0014912359102302424,0.0019087819650947095,0.0019087819650947095,
f6b501da5f,180,15,1500,15.0,-0.513223021487795,0.0011669194597310362,0.0029873138169114522,0.0029873138169114522,
f6b501da5f,180,16,1600,16.0,-0.5132244186668671,0.0015337002630029161,0.0019631363366437336,0.0019631363366437336,
f6b501da5f,180,17,1700,17.0,-0.5132250936537861,0.0012436524337525647,0.003183750230406565,0.003183750230406565,
f6b501da5f,180,18,1800,18.0,-0.513226579313733,0.0015990327505431734,0.0020467619206952625,0.0020467619206952625,
f6b501da5f,180,19,1900,19.0,-0.5132270481162216,0.0013422292157232786,0.0034361067922515933,0.0034361067922515933,
f6b501da5f,180,20,2000,20.0,-0.51322866808691,0.001687877813744809,0.002160483601593356,0.002160483601593356,
f6b501da5f,180,21,2100,21.0,-0.5132288860265167,0.0014642063367127053,0.0037483682219845264,0.0037483682219845264,
f6b501da5f,180,22,2200,22.0,-0.5132306943308665,0.0009011559465180656,0.0023069592230862473,0.0023069592230862473,
f6b501da5f,180,23,2300,23.0,-0.5132317094535479,0.0013078728689389805,0.0016740772722418946,0.0016740772722418946,
f6b501da5f,180,24,2400,24.0,-0.5132326609133717,0.0009727229037343966,0.0024901706335600567,0.0024901706335600567,
f6b501da5f,180,25,2500,25.0,-0.5132337466629339,0.0013647325068583923,0.0017468576087787424,0.0017468576087787424,
f6b501da5f,180,26,2600,26.0,-0.5132345654875922,0.001060627098671272,0.0027152053725984556,0.0027152053725984556,
f6b501da5f,180,27,2700,27.0,-0.5132357489200294,0.0014386954023616794,0.001841530115022949,0.001841530115022949,
f6b501da5f,180,28,2800,28.0,-0.5132364007556696,0.0011672657491631402,0.0029882003178576394,0.0029882003178576394,
f6b501da5f,180,29,2900,29.0,-0.5132377167183076,0.0015328009849350924,0.0019619852607169175,0.0019619852607169175,
f6b501da5f,180,30,3000,30.0,-0.5132381540243278,0.00129546559168625,0.0033163919147167977,0.0033163919147167977,
f6b501da5f,180,31,3100,31.0,-0.5132396481881064,0.0016506513025525606,0.002112833667267278,0.002112833667267278,
f6b501da5f,180,32,3200,32.0,-0.5132398061313335,0.0014485338968342374,0.003708246775895649,0.003708246775895649,
f6b501da5f,180,33,3300,33.0,-0.5132415389847405,0.0008982033045372706,0.002299400459615412,0.002299400459615412,
f6b501da5f,180,34,3400,34.0,-0.513242519327156,0.0012991220156449979,0.0016628761800255977,0.0016628761800255977,
f6b501da5f,180,35,3500,35.0,-0.5132433818941563,0.000987407340782143,0.002527762792402287,0.002527762792402287,
f6b501da5f,180,36,3600,36.0,-0.5132444560242274,0.0013737778591206657,0.0017584356596744536,0.0017584356596744536,
f6b501da5f,180,37,3700,37.0,-0.5132451661397848,0.001095639864261485,0.0028048380525094014,0.0028048380525094014,
f6b501da5f,180,38,3800,38.0,-0.5132463671791423,0.0014686573722949453,0.001879881436537531,0.001879881436537531,
f6b501da5f,180,39,3900,39.0,-0.5132468763327275,0.001225987432504474,0.0031385278272114537,0.0031385278272114537,
f6b501da5f,180,40,4000,40.0,-0.5132482487303328,0.0015877985890788775,0.002032382194020964,0.002032382194020964,
f6b501da5f,180,41,4100,41.0,-0.513248490965321,0.0013819993586967917,0.003537918358263786,0.003537918358263786,
f6b501da5f,180,42,4200,42.0,-0.513250094606854,0.0008678818505754902,0.0022217775374732546,0.0022217775374732546,
f6b501da5f,180,43,4300,43.0,-0.5132510301499198,0.001270997352805431,0.001626876611590952,0.001626876611590952,
f6b501da5f,180,44,4400,44.0,-0.5132518961077688,0.0009588408972419806,0.0024546326969394723,0.0024546326969394723,
f6b501da5f,180,45,4500,45.0,-0.5132529247388521,0.0013472393375002058,0.0017244663520002645,0.0017244663520002645,
f6b501da5f,180,46,4600,46.0,-0.5132536410200331,0.0010696664437255987,0.0027383460959375327,0.0027383460959375327,
f6b501da5f,180,47,4700,47.0,-0.5132547963812185,0.0014445385898372975,0.0018490093949917407,0.0018490093949917407,
f6b501da5f,180,48,4800,48.0,-0.5132553123844146,0.0012036401080709866,0.0030813186766617258,0.0030813186766617258,
f6b501da5f,180,49,4900,49.0,-0.5132566401315887,0.0015672495122332668,0.002006079375658582,0.002006079375658582,
f6b501da5f,180,50,5000,50.0,-0.5132568867818044,0.0013645255271154488,0.0034931853494155505,0.0034931853494155505,
f6b501da5f,180,51,5100,51.0,-0.5132584490093661,0.000860130243940983,0.0022019334244889168,0.0022019334244889168,
f6b501da5f,180,52,5200,52.0,-0.5132593667222133,0.0012617405359167334,0.0016150278859734194,0.0016150278859734194,
f6b501da5f,180,53,5300,53.0,-0.5132602132747341,0.0009545202876033556,0.0024435719362645887,0.0024435719362645887,
f6b501da5f,180,54,5400,54.0,-0.513261227066772,0.0013414455281435531,0.0017170502760237485,0.0017170502760237485,
f6b501da5f,180,55,5500,55.0,-0.5132619194222441,0.0010698675001646223,0.002738860800421433,0.002738860800421433,
f6b501da5f,180,56,5600,56.0,-0.5132630648249507,0.001443464584853356,0.0018476346686122954,0.0018476346686122954,
f6b501da5f,180,57,5700,57.0,-0.51326354878584,0.0012096579935150622,0.0030967244633985608,0.0030967244633985608,
f6b501da5f,180,58,5800,58.0,-0.5132648743714285,0.0015724525127894854,0.0020127392163705416,0.0020127392163705416,
f6b501da5f,180,59,5900,59.0,-0.5132650756077096,0.0013778935032878591,0.0035274073684169196,0.0035274073684169196,
f6b501da5f,180,60,6000,60.0,-0.5132666478711942,0.0008668078797352015,0.002219028172122118,0.002219028172122118,
f6b501da5f,180,61,6100,61.0,-0.5132675637303913,0.0012645979058621035,0.0016186853195034924,0.0016186853195034924,
f6b501da5f,180,62,6200,62.0,-0.5132683744549417,0.0009663838005751383,0.0024739425294723547,0.0024739425294723547,
f6b501da5f,180,63,6300,63.0,-0.513269392748934,0.0013496911747509289,0.0017276047036811893,0.0017276047036811893,
f6b501da5f,180,64,6400,64.0,-0.5132700390755351,0.0010882201584592928,0.0027858436056557886,0.0027858436056557886,
f6b501da5f,180,65,6500,65.0,-0.5132711984038325,0.001458708799864016,0.0018671472638259394,0.0018671472638259394,
f6b501da5f,180,66,6600,66.0,-0.5132716209227401,0.0012360293377112696,0.0031642351045408487,0.0031642351045408487,
f6b501da5f,180,67,6700,67.0,-0.5132729743345105,0.0015966103084386885,0.0020436611948015213,0.0020436611948015213,
f6b501da5f,180,68,6800,68.0,-0.513273091225531,0.001414084935987438,0.0036200574361278407,0.0036200574361278407,
f6b501da5f,180,69,6900,69.0,-0.5132747117061625,0.000884464066910284,0.0022642280112903277,0.0022642280112903277,
f6b501da5f,180,70,7000,70.0,-0.5132756376449016,0.001276902184686336,0.0016344347963985104,0.0016344347963985104,
f6b501da5f,180,71,7100,71.0,-0.5132763982653599,0.0009909191622179726,0.0025367530552780093,0.0025367530552780093,
f6b501da5f,180,72,7200,72.0,-0.5132774362686267,0.0013692796814014307,0.0017526779921938306,0.0017526779921938306,
f6b501da5f,180,73,7300,73.0,-0.5132780170287613,0.0011211479262256954,0.0028701386911377793,0.0028701386911377793,
f6b501da5f,180,74,7400,74.0,-0.513279209952736,0.0014875210710594648,0.0019040269709561144,0.0019040269709561144,
f6b501da5f,180,75,7500,75.0,-0.5132795444619815,0.0012791175528395916,0.003274540935269354,0.003274540935269354,
f6b501da5f,180,76,7600,76.0,-0.5132809514517186,0.0008184505311271351,0.0020952333596854656,0.0020952333596854656,
f6b501da5f,180,77,7700,77.0,-0.5132818079986078,0.0012192536970157567,0.0015606447321801684,0.0015606447321801684,
f6b501da5f,180,78,7800,78.0,-0.513282650697504,0.0009116471160580604,0.002333816617108635,0.002333816617108635,
f6b501da5f,180,79,7900,79.0,-0.5132835974013932,0.0012977263783209715,0.0016610897642508435,0.0016610897642508435,
f6b501da5f,180,80,8000,80.0,-0.5132842937072147,0.0010266344124986858,0.0026281840959966347,0.0026281840959966347,
f6b501da5f,180,81,8100,81.0,-0.5132853655600643,0.0013992986310581144,0.0017911022477543862,0.0017911022477543862,
f6b501da5f,180,82,8200,82.0,-0.5132858610637155,0.0011671255304028585,0.002987841357831318,0.002987841357831318,
f6b501da5f,180,83,8300,83.0,-0.5132871064851364,0.00152899165408018,0.0019571093172226313,0.0019571093172226313,
f6b501da5f,180,84,8400,84.0,-0.5132873258011492,0.0013373779325906335,0.003423687507432024,0.003423687507432024,
f6b501da5f,180,85,8500,85.0,-0.5132888118387543,0.0008462047743037034,0.002166284222217479,0.002166284222217479,
f6b501da5f,180,86,8600,86.0,-0.5132896880544265,0.0012396225608574598,0.0015867168778975484,0.0015867168778975484,
f6b501da5f,180,87,8700,87.0,-0.5132904700191645,0.0009478966315118973,0.0024266153766704553,0.0024266153766704553,
f6b501da5f,180,88,8800,88.0,-0.5132914483532286,0.0013270227224859196,0.0016985890847819767,0.0016985890847819767,
f6b501da5f,180,89,8900,89.0,-0.5132920648852057,0.0010730722935481723,0.0027470650714833196,0.0027470650714833196,
f6b501da5f,180,90,9000,90.0,-0.5132931853253448,0.0014397647264609336,0.0018428988498699938,0.0018428988498699938,
f6b501da5f,180,91,9100,91.0,-0.5132935739785793,0.0012257119100358507,0.0031378224896917786,0.0031378224896917786,
f6b501da5f,180,92,9200,92.0,-0.5132948920176689,0.0015831955249910163,0.002026490271988501,0.002026490271988501,
f6b501da5f,180,93,9300,93.0,-0.5132949660453606,0.0014104062148560333,0.003610639910031445,0.003610639910031445,
f6b501da5f,180,94,9400,94.0,-0.5132965587384581,0.000881633912551723,0.002256982816132411,0.002256982816132411,
f6b501da5f,180,95,9500,95.0,-0.5132974633649421,0.0012671501845808045,0.001621952236263429,0.001621952236263429,
f6b501da5f,180,96,9600,96.0,-0.5132981719806956,0.0009933116565312204,0.0025428778407199236,0.0025428778407199236,
f6b501da5f,180,97,9700,97.0,-0.5132991939202365,0.0013652609459964288,0.0017475340108754301,0.0017475340108754301,
f6b501da5f,180,98,9800,98.0,-0.5132997129195076,0.0011303762731469011,0.0028937632592560656,0.0028937632592560656,
f6b501da5f,180,99,9900,99.0,-0.5133008984389749,0.0014912512350468792,0.0019088015808600076,0.0019088015808600076,
f6b501da5f,180,100,10000,100.0,-0.5133011553144381,0.0012971141870181048,0.0033206123187663468,0.0033206123187663468,
f6b501da5f,180,101,10100,101.0,-0.5133025687761568,0.0008254040487799195,0.002113034364876594,0.002113034364876594,
f6b501da5f,180,102,10200,102.0,-0.5133034142806533,0.0012170643849735467,0.0015578424127661394,0.0015578424127661394,
f6b501da5f,180,103,10300,103.0,-0.5133041935626206,0.0009251299797373535,0.002368332748127625,0.002368332748127625,
f6b501da5f,180,104,10400,104.0,-0.513305136602936,0.0013025223837415867,0.00166722865118923,0.00166722865118923,
f6b501da5f,180,105,10500,105.0,-0.5133057569289347,0.001048348238348003,0.002683771490170888,0.002683771490170888,
f6b501da5f,180,106,10600,106.0,-0.51330683632839,0.0014132605023352868,0.0018089734429891685,0.0018089734429891685,
f6b501da5f,180,107,10700,107.0,-0.5133072367216713,0.0011990839450083284,0.00306965489922132,0.00306965489922132,
f6b501da5f,180,108,10800,108.0,-0.5133085065752095,0.0015547103494266028,0.001990029247266052,0.001990029247266052,
f6b501da5f,180,109,10900,109.0,-0.5133086020094172,0.001381977295996119,0.0035378618777500647,0.0035378618777500647,
f6b501da5f,180,110,11000,110.0,-0.5133101377236974,0.0008664594117771139,0.0022181360941494117,0.0022181360941494117,
f6b501da5f,180,111,11100,111.0,-0.5133110166538882,0.0012492928609140121,0.0015990948619699357,0.0015990948619699357,
f6b501da5f,180,112,11200,112.0,-0.5133117163277818,0.0009773143064339582,0.0025019246244709337,0.0025019246244709337,
f6b501da5f,180,113,11300,113.0,-0.5133127096126792,0.0013466715446509953,0.0017237395771532754,0.0017237395771532754,
f6b501da5f,180,114,11400,114.0,-0.5133132235919369,0.0011137199932890877,0.002851123182820064,0.002851123182820064,
f6b501da5f,180,115,11500,115.0,-0.5133143769475441,0.0014721068815601907,0.001884296808397043,0.001884296808397043,
f6b501da5f,180,116,11600,116.0,-0.5133146332392968,0.0012800253534459272,0.0032768649048215723,0.0032768649048215723,
f6b501da5f,180,117,11700,117.0,-0.513316010480978,0.0008156917791346904,0.002088170954584807,0.002088170954584807,
f6b501da5f,180,118,11800,118.0,-0.5133168366443951,0.0012038216657117738,0.0015408917321110703,0.0015408917321110703,
f6b501da5f,180,119,11900,119.0,-0.5133175987682883,0.0009154688426739887,0.0023436002372454103,0.0023436002372454103,
f6b501da5f,180,120,12000,120.0,-0.513318521339118,0.0012894859222623031,0.0016505419804957483,0.0016505419804957483,
f6b501da5f,180,121,12100,121.0,-0.5133191257920979,0.0010389897800879842,0.002659813837025239,0.002659813837025239,
f6b501da5f,180,122,12200,122.0,-0.5133201835949883,0.001400737346904059,0.001792943804037195,0.001792943804037195,
f6b501da5f,180,123,12300,123.0,-0.5133205691332318,0.0011903499683454768,0.0030472959189644187,0.0030472959189644187,
f6b501da5f,180,124,12400,124.0,-0.5133218164312647,0.0015431081486991097,0.00197517843033486,0.00197517843033486,
f6b501da5f,180,125,12500,125.0,-0.513321897407424,0.001374274691777738,0.0035181432109510098,0.0035181432109510098,
f6b501da5f,180,126,12600,126.0,-0.5133234100667806,0.0008613781738543892,0.0022051281250672354,0.0022051281250672354,
f6b501da5f,180,127,12700,127.0,-0.5133242739427557,0.001240115276800486,0.0015873475543046218,0.0015873475543046218,
f6b501da5f,180,128,12800,128.0,-0.5133249507970589,0.0009732752055048152,0.0024915845260923275,0.0024915845260923275,
f6b501da5f,180,129,12900,129.0,-0.5133259294437901,0.0013387927499961465,0.0017136547199950668,0.0017136547199950668,
f6b501da5f,180,130,13000,130.0,-0.5133264194196934,0.001111119491421997,0.002844465898040312,0.002844465898040312,
f6b501da5f,180,131,13100,131.0,-0.5133275591751575,0.0014660459058383922,0.0018765387594731433,0.0018765387594731433,
f6b501da5f,180,132,13200,132.0,-0.5133277890257404,0.0012793506401365905,0.0032751376387496704,0.0032751376387496704,
f6b501da5f,180,133,13300,133.0,-0.5133291547464089,0.0008138865632642401,0.0020835496019564544,0.0020835496019564544,
f6b501da5f,180,134,13400,134.0,-0.5133299694216166,0.001197281470396855,0.0015325202821079732,0.0015325202821079732,
f6b501da5f,180,135,13500,135.0,-0.5133307043895237,0.0009152691251394066,0.0023430889603568805,0.0023430889603568805,
f6b501da5f,180,136,13600,136.0,-0.5133316168653757,0.0012848063902638762,0.0016445521795377606,0.0016445521795377606,
f6b501da5f,180,137,13700,137.0,-0.5133321915991738,0.0010408512439840107,0.002664579184599067,0.002664579184599067,
f6b501da5f,180,138,13800,138.0,-0.5133332415987503,0.0013985293208673135,0.0017901175307101615,0.0017901175307101615,
f6b501da5f,180,139,13900,139.0,-0.513333593224003,0.0011948211950615494,0.003058742259357567,0.003058742259357567,
f6b501da5f,180,140,14000,140.0,-0.5133348364000384,0.0015440994307789923,0.0019764472713971106,0.0019764472713971106,
f6b501da5f,180,141,14100,141.0,-0.5133348767867276,0.0013820208787040154,0.00353797344948228,0.00353797344948228,
f6b501da5f,180,142,14200,142.0,-0.5133363911307851,0.0008639016544249431,0.002211588235327855,0.002211588235327855,
f6b501da5f,180,143,14300,143.0,-0.5133372478256414,0.0012375759045104573,0.0015840971577733853,0.0015840971577733853,
f6b501da5f,180,144,14400,144.0,-0.5133378915582795,0.0009783298489771006,0.0025045244133813788,0.0025045244133813788,
f6b501da5f,180,145,14500,145.0,-0.5133388660652236,0.0013391839136248289,0.0017141554094397804,0.0017141554094397804,
f6b501da5f,180,146,14600,146.0,-0.5133393177014474,0.0011193011900984,0.0028654110466519037,0.0028654110466519037,
f6b501da5f,180,147,14700,147.0,-0.5133404579384137,0.0014701736915942961,0.0018818223252407007,0.0018818223252407007,
f6b501da5f,180,148,14800,148.0,-0.5133406415067664,0.0012913722393292943,0.0033059129326829923,0.0033059129326829923,
f6b501da5f,180,149,14900,149.0,-0.5133420146844357,0.0008182867178740266,0.0020948139977575086,0.0020948139977575086,
f6b501da5f,180,150,15000,150.0,-0.5133428239881259,0.001196106403074608,0.0015310161959354988,0.0015310161959354988,
f6b501da5f,180,151,15100,151.0,-0.5133435239942211,0.0009225476365966391,0.0023617219496873962,0.0023617219496873962,
f6b501da5f,180,152,15200,152.0,-0.5133444345479004,0.0012868653205935898,0.0016471876103597947,0.0016471876103597947,
f6b501da5f,180,153,15300,153.0,-0.5133449685732988,0.0010516408344067578,0.0026922005360813005,0.0026922005360813005,
f6b501da5f,180,154,15400,154.0,-0.5133460217633502,0.001404691084515477,0.0017980045881798108,0.0017980045881798108,
f6b501da5f,180,155,15500,155.0,-0.5133463241212777,0.0012098694986308893,0.0030972659164950765,0.0030972659164950765,
f6b501da5f,180,156,15600,156.0,-0.5133475780433682,0.0007776826371242428,0.0019908675510380623,0.0019908675510380623,
f6b501da5f,180,157,15700,157.0,-0.5133483467867362,0.0011595681939535086,0.0014842472882604912,0.0014842472882604912,
f6b501da5f,180,158,15800,158.0,-0.5133490927138766,0.0008726604443168027,0.002234010737451014,0.002234010737451014,
f6b501da5f,180,159,15900,159.0,-0.5133499487244193,0.0012406125573514396,0.0015879840734098428,0.0015879840734098428,
f6b501da5f,180,160,16000,160.0,-0.513350550766333,0.0009908762015812078,0.002536643076047891,0.002536643076047891,
f6b501da5f,180,161,16100,161.0,-0.5133515298908254,0.0013465512071558256,0.0017235855451594574,0.0017235855451594574,
f6b501da5f,180,162,16200,162.0,-0.5133519310970885,0.0011364080216252762,0.0029092045353607053,0.0029092045353607053,
f6b501da5f,180,163,16300,163.0,-0.513353083691757,0.0014829253099737836,0.0018981443967664442,0.0018981443967664442,
f6b501da5f,180,164,16400,164.0,-0.5133532040300987,0.0013139552747746743,0.0033637255034231666,0.0033637255034231666,
f6b501da5f,180,165,16500,165.0,-0.5133546008480748,0.0008279543742816736,0.0021195631981610857,0.0021195631981610857,
f6b501da5f,180,166,16600,166.0,-0.5133554100445595,0.001199612743147729,0.0015355043112290937,0.0015355043112290937,
f6b501da5f,180,167,16700,167.0,-0.5133560683034558,0.0009361917980686416,0.0023966510030557237,0.0023966510030557237,
f6b501da5f,180,168,16800,168.0,-0.5133569840399193,0.0012948185804908994,0.001657367783028351,0.001657367783028351,
f6b501da5f,180,169,16900,169.0,-0.5133574676869661,0.0010700527160525583,0.0027393349530945464,0.0027393349530945464,
f6b501da5f,180,170,17000,170.0,-0.5133585337225297,0.001418185205654272,0.001815277063237467,0.001815277063237467,
f6b501da5f,180,171,17100,171.0,-0.5133587731486393,0.0012339777012871833,0.00315898291529519,0.00315898291529519,
f6b501da5f,180,172,17200,172.0,-0.5133600510075236,0.0007878204778444079,0.002016820423281684,0.002016820423281684,
f6b501da5f,180,173,17300,173.0,-0.5133608197798427,0.0011631740659383172,0.0014888628044010459,0.0014888628044010459,
f6b501da5f,180,174,17400,174.0,-0.5133615245115112,0.0008868919086343574,0.0022704432861039544,0.0022704432861039544,
f6b501da5f,180,175,17500,175.0,-0.5133623856980669,0.001248692432708065,0.0015983263138663237,0.0015983263138663237,
f6b501da5f,180,176,17600,176.0,-0.5133629382074165,0.0010100056698869196,0.002585614514910513,0.002585614514910513,
f6b501da5f,180,177,17700,177.0,-0.5133639299237822,0.0013602275672760233,0.0017410912861133107,0.0017410912861133107,
f6b501da5f,180,178,17800,178.0,-0.5133642695297727,0.0011613707264870295,0.002973109059806795,0.002973109059806795,
f6b501da5f,180,179,17900,179.0,-0.5133654453978952,,0.0019244422573870864,0.0019244422573870864,
1e9bc05b7a,180,0,0,0.0,-0.513108296444765,0.07643065367259352,0.0015286130734518705,0.0015286130734518705,"ProjectedCommonDirectionsConfig(subspace_frac_grads=0.1, subspace_frac_updates=0.1, subspace_frac_random=0.1, direction_str=sd, random_proj=True, random_proj_dim_frac=1, inner_use_full_grad=True, orth_P_k=True, beta=0.001, tau=0.5, c_const=inf, N_try=200, alpha_max=100, p_const=1)"
1e9bc05b7a,180,1,100,1.0,-0.5131609440948979,0.008754317090288692,0.011205525875569528,0.011205525875569528,
1e9bc05b7a,180,2,200,2.0,-0.5131822479553914,0.004241006534490222,0.01085697672829497,0.01085697672829497,
1e9bc05b7a,180,3,300,3.0,-0.5132018926865459,0.003220125608064754,0.004121760778322884,0.004121760778322884,
1e9bc05b7a,180,4,400,4.0,-0.5132034132619842,0.0023888170277418215,0.006115371591019059,0.006115371591019059,
1e9bc05b7a,180,5,500,5.0,-0.5132087239578106,0.0024752702887080535,0.0031683459695463078,0.0031683459695463078,
1e9bc05b7a,180,6,600,6.0,-0.5132091504499465,0.002015517677431485,0.005159725254224601,0.005159725254224601,
1e9bc05b7a,180,7,700,7.0,-0.5132127273118491,0.0022306208274736053,0.002855194659166213,0.002855194659166213,
1e9bc05b7a,180,8,800,8.0,-0.5132127667866371,0.0018972295149318123,0.004856907558225438,0.004856907558225438,
1e9bc05b7a,180,9,900,9.0,-0.5132158029692616,0.0010760513849405753,0.002754691545447871,0.002754691545447871,
1e9bc05b7a,180,10,1000,10.0,-0.513217222612928,0.0014859185233103156,0.001901975709837203,0.001901975709837203,
1e9bc05b7a,180,11,1100,11.0,-0.5132184373014754,0.001079593901453977,0.002763760387722182,0.002763760387722182,
1e9bc05b7a,180,12,1200,12.0,-0.5132197905189373,0.0014733036253265512,0.0018858286404179864,0.0018858286404179864,
1e9bc05b7a,180,13,1300,13.0,-0.5132208157230992,0.0011116910806769768,0.0028459291665330604,0.0028459291665330604,
1e9bc05b7a,180,14,1400,14.0,-0.5132221673342141,0.0014912359102301905,0.0019087819650946438,0.0019087819650946438,
1e9bc05b7a,180,15,1500,15.0,-0.513223021487795,0.001166919459730972,0.0029873138169112887,0.0029873138169112887,
1e9bc05b7a,180,16,1600,16.0,-0.5132244186668671,0.0015337002630028602,0.0019631363366436607,0.0019631363366436607,
1e9bc05b7a,180,17,1700,17.0,-0.5132250936537861,0.0012436524337524854,0.0031837502304063628,0.0031837502304063628,
1e9bc05b7a,180,18,1800,18.0,-0.513226579313733,0.0015990327505430995,0.0020467619206951683,0.0020467619206951683,
1e9bc05b7a,180,19,1900,19.0,-0.5132270481162216,0.0013422292157231972,0.0034361067922513856,0.0034361067922513856,
1e9bc05b7a,180,20,2000,20.0,-0.51322866808691,0.0016878778137447393,0.0021604836015932665,0.0021604836015932665,
1e9bc05b7a,180,21,2100,21.0,-0.5132288860265167,0.001464206336712643,0.003748368221984367,0.003748368221984367,
1e9bc05b7a,180,22,2200,22.0,-0.5132306943308665,0.0009011559465180447,0.0023069592230861944,0.0023069592230861944,
1e9bc05b7a,180,23,2300,23.0,-0.5132317094535479,0.0013078728689390074,0.0016740772722419308,0.0016740772722419308,
1e9bc05b7a,180,24,2400,24.0,-0.5132326609133717,0.0009727229037344754,0.002490170633560258,0.002490170633560258,
1e9bc05b7a,180,25,2500,25.0,-0.5132337466629339,0.0013647325068584573,0.0017468576087788252,0.0017468576087788252,
1e9bc05b7a,180,26,2600,26.0,-0.5132345654875922,0.0010606270986713985,0.00271520537259878,0.00271520537259878,
1e9bc05b7a,180,27,2700,27.0,-0.5132357489200294,0.001438695402361846,0.001841530115023163,0.001841530115023163,
1e9bc05b7a,180,28,2800,28.0,-0.5132364007556696,0.0011672657491633512,0.002988200317858179,0.002988200317858179,
1e9bc05b7a,180,29,2900,29.0,-0.5132377167183076,0.001532800984935263,0.001961985260717137,0.001961985260717137,
1e9bc05b7a,180,30,3000,30.0,-0.5132381540243278,0.0012954655916864858,0.003316391914717402,0.003316391914717402,
1e9bc05b7a,180,31,3100,31.0,-0.5132396481881064,0.001650651302552864,0.002112833667267665,0.002112833667267665,
1e9bc05b7a,180,32,3200,32.0,-0.5132398061313335,0.0014485338968346058,0.003708246775896591,0.003708246775896591,
1e9bc05b7a,180,33,3300,33.0,-0.5132415389847405,0.0008982033045374273,0.002299400459615814,0.002299400459615814,
1e9bc05b7a,180,34,3400,34.0,-0.513242519327156,0.0012991220156452223,0.001662876180025884,0.001662876180025884,
1e9bc05b7a,180,35,3500,35.0,-0.5132433818941563,0.0009874073407825333,0.0025277627924032856,0.0025277627924032856,
1e9bc05b7a,180,36,3600,36.0,-0.5132444560242274,0.0013737778591210855,0.0017584356596749902,0.0017584356596749902,
1e9bc05b7a,180,37,3700,37.0,-0.5132451661397849,0.0010956398642621417,0.002804838052511082,0.002804838052511082,
1e9bc05b7a,180,38,3800,38.0,-0.5132463671791423,0.001468657372295603,0.0018798814365383735,0.0018798814365383735,
1e9bc05b7a,180,39,3900,39.0,-0.5132468763327275,0.0012259874325053852,0.0031385278272137856,0.0031385278272137856,
1e9bc05b7a,180,40,4000,40.0,-0.5132482487303328,0.001587798589079757,0.0020323821940220893,0.0020323821940220893,
1e9bc05b7a,180,41,4100,41.0,-0.513248490965321,0.0013819993586979115,0.0035379183582666513,0.0035379183582666513,
1e9bc05b7a,180,42,4200,42.0,-0.5132500946068541,0.0008678818505760818,0.00222177753747477,0.00222177753747477,
1e9bc05b7a,180,43,4300,43.0,-0.5132510301499198,0.0012709973528059883,0.001626876611591664,0.001626876611591664,
1e9bc05b7a,180,44,4400,44.0,-0.5132518961077688,0.0009588408972428236,0.002454632696941629,0.002454632696941629,
1e9bc05b7a,180,45,4500,45.0,-0.5132529247388521,0.0013472393375009556,0.0017244663520012235,0.0017244663520012235,
1e9bc05b7a,180,46,4600,46.0,-0.5132536410200331,0.0010696664437266834,0.002738346095940309,0.002738346095940309,
1e9bc05b7a,180,47,4700,47.0,-0.5132547963812185,0.00144453858983835,0.001849009394993089,0.001849009394993089,
1e9bc05b7a,180,48,4800,48.0,-0.5132553123844146,0.001203640108072416,0.003081318676665386,0.003081318676665386,
1e9bc05b7a,180,49,4900,49.0,-0.5132566401315887,0.0015672495122346906,0.0020060793756604043,0.0020060793756604043,
1e9bc05b7a,180,50,5000,50.0,-0.5132568867818044,0.0013645255271172824,0.003493185349420243,0.003493185349420243,
1e9bc05b7a,180,51,5100,51.0,-0.5132584490093661,0.0008601302439418701,0.002201933424491189,0.002201933424491189,
1e9bc05b7a,180,52,5200,52.0,-0.5132593667222133,0.0012617405359174583,0.0016150278859743464,0.0016150278859743464,
1e9bc05b7a,180,53,5300,53.0,-0.5132602132747341,0.0009545202876043824,0.0024435719362672203,0.0024435719362672203,
1e9bc05b7a,180,54,5400,54.0,-0.513261227066772,0.0013414455281445276,0.0017170502760249947,0.0017170502760249947,
1e9bc05b7a,180,55,5500,55.0,-0.5132619194222441,0.0010698675001659592,0.002738860800424854,0.002738860800424854,
1e9bc05b7a,180,56,5600,56.0,-0.5132630648249507,0.0014434645848545372,0.001847634668613809,0.001847634668613809,
1e9bc05b7a,180,57,5700,57.0,-0.51326354878584,0.0012096579935166353,0.003096724463402589,0.003096724463402589,
1e9bc05b7a,180,58,5800,58.0,-0.5132648743714285,0.0015724525127909928,0.0020127392163724715,0.0020127392163724715,
1e9bc05b7a,180,59,5900,59.0,-0.5132650756077096,0.0013778935032897695,0.003527407368421813,0.003527407368421813,
1e9bc05b7a,180,60,6000,60.0,-0.5132666478711942,0.0008668078797361585,0.002219028172124566,0.002219028172124566,
1e9bc05b7a,180,61,6100,61.0,-0.5132675637303913,0.00126459790586293,0.0016186853195045512,0.0016186853195045512,
1e9bc05b7a,180,62,6200,62.0,-0.5132683744549417,0.0009663838005763925,0.002473942529475566,0.002473942529475566,
1e9bc05b7a,180,63,6300,63.0,-0.513269392748934,0.0013496911747520287,0.0017276047036825955,0.0017276047036825955,
1e9bc05b7a,180,64,6400,64.0,-0.5132700390755351,0.0010882201584608475,0.002785843605659769,0.002785843605659769,
1e9bc05b7a,180,65,6500,65.0,-0.5132711984038325,0.0014587087998655039,0.001867147263827845,0.001867147263827845,
1e9bc05b7a,180,66,6600,66.0,-0.5132716209227401,0.0012360293377132018,0.0031642351045457974,0.0031642351045457974,
1e9bc05b7a,180,67,6700,67.0,-0.5132729743345105,0.001596610308440505,0.002043661194803847,0.002043661194803847,
1e9bc05b7a,180,68,6800,68.0,-0.5132730912255311,0.001414084935989791,0.003620057436133866,0.003620057436133866,
1e9bc05b7a,180,69,6900,69.0,-0.5132747117061625,0.0008844640669114788,0.002264228011293385,0.002264228011293385,
1e9bc05b7a,180,70,7000,70.0,-0.5132756376449016,0.0012769021846873606,0.0016344347963998219,0.0016344347963998219,
1e9bc05b7a,180,71,7100,71.0,-0.5132763982653599,0.0009909191622194335,0.0025367530552817498,0.0025367530552817498,
1e9bc05b7a,180,72,7200,72.0,-0.5132774362686267,0.001369279681402773,0.0017526779921955488,0.0017526779921955488,
1e9bc05b7a,180,73,7300,73.0,-0.5132780170287613,0.0011211479262275914,0.0028701386911426335,0.0028701386911426335,
1e9bc05b7a,180,74,7400,74.0,-0.513279209952736,0.0014875210710612577,0.0019040269709584097,0.0019040269709584097,
1e9bc05b7a,180,75,7500,75.0,-0.5132795444619815,0.0012791175528418827,0.00327454093527522,0.00327454093527522,
1e9bc05b7a,180,76,7600,76.0,-0.5132809514517186,0.0008184505311282542,0.002095233359688332,0.002095233359688332,
1e9bc05b7a,180,77,7700,77.0,-0.5132818079986078,0.001219253697016738,0.001560644732181424,0.001560644732181424,
1e9bc05b7a,180,78,7800,78.0,-0.513282650697504,0.0009116471160595781,0.0023338166171125185,0.0023338166171125185,
1e9bc05b7a,180,79,7900,79.0,-0.5132835974013932,0.001297726378322229,0.0016610897642524527,0.0016610897642524527,
1e9bc05b7a,180,80,8000,80.0,-0.5132842937072147,0.001026634412500425,0.0026281840960010877,0.0026281840960010877,
1e9bc05b7a,180,81,8100,81.0,-0.5132853655600643,0.0013992986310597392,0.001791102247756465,0.001791102247756465,
1e9bc05b7a,180,82,8200,82.0,-0.5132858610637155,0.0011671255304050296,0.0029878413578368753,0.0029878413578368753,
1e9bc05b7a,180,83,8300,83.0,-0.5132871064851364,0.0015289916540822636,0.0019571093172252962,0.0019571093172252962,
1e9bc05b7a,180,84,8400,84.0,-0.5132873258011492,0.0013373779325933162,0.0034236875074388903,0.0034236875074388903,
1e9bc05b7a,180,85,8500,85.0,-0.5132888118387543,0.0008462047743050545,0.00216628422222094,0.00216628422222094,
1e9bc05b7a,180,86,8600,86.0,-0.5132896880544265,0.0012396225608586667,0.0015867168778990936,0.0015867168778990936,
1e9bc05b7a,180,87,8700,87.0,-0.5132904700191645,0.0009478966315136589,0.002426615376674967,0.002426615376674967,
1e9bc05b7a,180,88,8800,88.0,-0.5132914483532286,0.0013270227224875214,0.001698589084784027,0.001698589084784027,
1e9bc05b7a,180,89,8900,89.0,-0.5132920648852057,0.0010730722935504192,0.0027470650714890746,0.0027470650714890746,
1e9bc05b7a,180,90,9000,90.0,-0.5132931853253448,0.0014397647264629625,0.0018428988498725922,0.0018428988498725922,
1e9bc05b7a,180,91,9100,91.0,-0.5132935739785793,0.0012257119100385074,0.0031378224896985783,0.0031378224896985783,
1e9bc05b7a,180,92,9200,92.0,-0.5132948920176689,0.0015831955249935579,0.002026490271991754,0.002026490271991754,
1e9bc05b7a,180,93,9300,93.0,-0.5132949660453606,0.0014104062148592462,0.0036106399100396696,0.0036106399100396696,
1e9bc05b7a,180,94,9400,94.0,-0.5132965587384581,0.0008816339125533901,0.002256982816136679,0.002256982816136679,
1e9bc05b7a,180,95,9500,95.0,-0.5132974633649421,0.0012671501845823146,0.0016219522362653637,0.0016219522362653637,
1e9bc05b7a,180,96,9600,96.0,-0.5132981719806956,0.0009933116565333405,0.0025428778407253524,0.0025428778407253524,
1e9bc05b7a,180,97,9700,97.0,-0.5132991939202365,0.0013652609459983895,0.0017475340108779377,0.0017475340108779377,
1e9bc05b7a,180,98,9800,98.0,-0.5132997129195076,0.001130376273149605,0.002893763259262987,0.002893763259262987,
1e9bc05b7a,180,99,9900,99.0,-0.5133008984389749,0.001491251235049465,0.0019088015808633148,0.0019088015808633148,
1e9bc05b7a,180,100,10000,100.0,-0.5133011553144381,0.001297114187021482,0.0033206123187749952,0.0033206123187749952,
1e9bc05b7a,180,101,10100,101.0,-0.5133025687761567,0.000825404048781599,0.0021130343648808935,0.0021130343648808935,
1e9bc05b7a,180,102,10200,102.0,-0.5133034142806533,0.0012170643849749496,0.0015578424127679353,0.0015578424127679353,
1e9bc05b7a,180,103,10300,103.0,-0.5133041935626206,0.0009251299797393672,0.00236833274813278,0.00236833274813278,
1e9bc05b7a,180,104,10400,104.0,-0.513305136602936,0.001302522383743348,0.001667228651191485,0.001667228651191485,
1e9bc05b7a,180,105,10500,105.0,-0.5133057569289347,0.0010483482383504435,0.0026837714901771347,0.0026837714901771347,
1e9bc05b7a,180,106,10600,106.0,-0.51330683632839,0.00141326050233763,0.0018089734429921674,0.0018089734429921674,
1e9bc05b7a,180,107,10700,107.0,-0.5133072367216713,0.0011990839450114442,0.0030696548992292963,0.0030696548992292963,
1e9bc05b7a,180,108,10800,108.0,-0.5133085065752095,0.001554710349429625,0.00199002924726992,0.00199002924726992,
1e9bc05b7a,180,109,10900,109.0,-0.5133086020094172,0.0013819772959999027,0.003537861877759752,0.003537861877759752,
1e9bc05b7a,180,110,11000,110.0,-0.5133101377236974,0.000866459411779029,0.002218136094154314,0.002218136094154314,
1e9bc05b7a,180,111,11100,111.0,-0.5133110166538882,0.0012492928609157375,0.0015990948619721446,0.0015990948619721446,
1e9bc05b7a,180,112,11200,112.0,-0.5133117163277818,0.000977314306436404,0.002501924624477193,0.002501924624477193,
1e9bc05b7a,180,113,11300,113.0,-0.5133127096126792,0.0013466715446531967,0.001723739577156091,0.001723739577156091,
1e9bc05b7a,180,114,11400,114.0,-0.5133132235919369,0.0011137199932920532,0.002851123182827656,0.002851123182827656,
1e9bc05b7a,180,115,11500,115.0,-0.5133143769475441,0.0014721068815629855,0.0018842968084006224,0.0018842968084006224,
1e9bc05b7a,180,116,11600,116.0,-0.5133146332392967,0.0012800253534495313,0.003276864904830802,0.003276864904830802,
1e9bc05b7a,180,117,11700,117.0,-0.513316010480978,0.0008156917791363931,0.0020881709545891667,0.0020881709545891667,
1e9bc05b7a,180,118,11800,118.0,-0.5133168366443951,0.0012038216657131854,0.0015408917321128768,0.0015408917321128768,
1e9bc05b7a,180,119,11900,119.0,-0.5133175987682883,0.0009154688426760734,0.0023436002372507476,0.0023436002372507476,
1e9bc05b7a,180,120,12000,120.0,-0.513318521339118,0.0012894859222642135,0.001650541980498194,0.001650541980498194,
1e9bc05b7a,180,121,12100,121.0,-0.5133191257920979,0.0010389897800906415,0.0026598138370320422,0.0026598138370320422,
1e9bc05b7a,180,122,12200,122.0,-0.5133201835949883,0.001400737346906646,0.0017929438040405062,0.0017929438040405062,
1e9bc05b7a,180,123,12300,123.0,-0.5133205691332318,0.0011903499683489029,0.003047295918973192,0.003047295918973192,
1e9bc05b7a,180,124,12400,124.0,-0.5133218164312647,0.0015431081487023942,0.0019751784303390645,0.0019751784303390645,
1e9bc05b7a,180,125,12500,125.0,-0.513321897407424,0.0013742746917818963,0.003518143210961653,0.003518143210961653,
1e9bc05b7a,180,126,12600,126.0,-0.5133234100667806,0.0008613781738564285,0.0022051281250724565,0.0022051281250724565,
1e9bc05b7a,180,127,12700,127.0,-0.5133242739427557,0.0012401152768022397,0.0015873475543068678,0.0015873475543068678,
1e9bc05b7a,180,128,12800,128.0,-0.5133249507970589,0.0009732752055073455,0.002491584526098806,0.002491584526098806,
1e9bc05b7a,180,129,12900,129.0,-0.51332592944379,0.0013387927499984387,0.0017136547199980018,0.0017136547199980018,
1e9bc05b7a,180,130,13000,130.0,-0.5133264194196934,0.0011111194914251161,0.002844465898048297,0.002844465898048297,
1e9bc05b7a,180,131,13100,131.0,-0.5133275591751575,0.001466045905841385,0.0018765387594769731,0.0018765387594769731,
1e9bc05b7a,180,132,13200,132.0,-0.5133277890257404,0.00127935064014038,0.0032751376387593735,0.0032751376387593735,
1e9bc05b7a,180,133,13300,133.0,-0.5133291547464089,0.0008138865632661119,0.002083549601961245,0.002083549601961245,
1e9bc05b7a,180,134,13400,134.0,-0.5133299694216166,0.0011972814703984506,0.0015325202821100169,0.0015325202821100169,
1e9bc05b7a,180,135,13500,135.0,-0.5133307043895237,0.0009152691251417629,0.0023430889603629126,0.0023430889603629126,
1e9bc05b7a,180,136,13600,136.0,-0.5133316168653757,0.0012848063902659906,0.0016445521795404676,0.0016445521795404676,
1e9bc05b7a,180,137,13700,137.0,-0.5133321915991738,0.0010408512439869738,0.002664579184606652,0.002664579184606652,
1e9bc05b7a,180,138,13800,138.0,-0.5133332415987503,0.0013985293208700798,0.001790117530713701,0.001790117530713701,
1e9bc05b7a,180,139,13900,139.0,-0.513333593224003,0.0011948211950651936,0.0030587422593668957,0.0030587422593668957,
1e9bc05b7a,180,140,14000,140.0,-0.5133348364000384,0.0015440994307825396,0.0019764472714016513,0.0019764472714016513,
1e9bc05b7a,180,141,14100,141.0,-0.5133348767867276,0.0013820208787084741,0.0035379734494936947,0.0035379734494936947,
1e9bc05b7a,180,142,14200,142.0,-0.5133363911307851,0.0008639016544272118,0.002211588235333663,0.002211588235333663,
1e9bc05b7a,180,143,14300,143.0,-0.5133372478256414,0.0012375759045124537,0.0015840971577759401,0.0015840971577759401,
1e9bc05b7a,180,144,14400,144.0,-0.5133378915582796,0.0009783298489799246,0.002504524413388608,0.002504524413388608,
1e9bc05b7a,180,145,14500,145.0,-0.5133388660652236,0.0013391839136273763,0.0017141554094430417,0.0017141554094430417,
1e9bc05b7a,180,146,14600,146.0,-0.5133393177014474,0.0011193011901017833,0.0028654110466605647,0.0028654110466605647,
1e9bc05b7a,180,147,14700,147.0,-0.5133404579384137,0.0014701736915975188,0.0018818223252448237,0.0018818223252448237,
1e9bc05b7a,180,148,14800,148.0,-0.5133406415067664,0.0012913722393333815,0.0033059129326934557,0.0033059129326934557,
1e9bc05b7a,180,149,14900,149.0,-0.5133420146844357,0.0008182867178760014,0.002094813997762563,0.002094813997762563,
1e9bc05b7a,180,150,15000,150.0,-0.5133428239881259,0.001196106403076318,0.0015310161959376867,0.0015310161959376867,
1e9bc05b7a,180,151,15100,151.0,-0.5133435239942211,0.0009225476365990954,0.002361721949693683,0.002361721949693683,
1e9bc05b7a,180,152,15200,152.0,-0.5133444345479004,0.0012868653205958278,0.0016471876103626593,0.0016471876103626593,
1e9bc05b7a,180,153,15300,153.0,-0.5133449685732988,0.0010516408344098374,0.002692200536089184,0.002692200536089184,
1e9bc05b7a,180,154,15400,154.0,-0.5133460217633502,0.001404691084518385,0.001798004588183533,0.001798004588183533,
1e9bc05b7a,180,155,15500,155.0,-0.5133463241212777,0.0012098694986346424,0.0030972659165046847,0.0030972659165046847,
1e9bc05b7a,180,156,15600,156.0,-0.5133475780433682,0.0007776826371261232,0.001990867551042875,0.001990867551042875,
1e9bc05b7a,180,157,15700,157.0,-0.5133483467867362,0.0011595681939551503,0.0014842472882625932,0.0014842472882625932,
1e9bc05b7a,180,158,15800,158.0,-0.5133490927138766,0.0008726604443192583,0.002234010737457301,0.002234010737457301,
1e9bc05b7a,180,159,15900,159.0,-0.5133499487244193,0.0012406125573536117,0.0015879840734126232,0.0015879840734126232,
1e9bc05b7a,180,160,16000,160.0,-0.513350550766333,0.000990876201584221,0.0025366430760556053,0.0025366430760556053,
1e9bc05b7a,180,161,16100,161.0,-0.5133515298908253,0.0013465512071586657,0.0017235855451630934,0.0017235855451630934,
1e9bc05b7a,180,162,16200,162.0,-0.5133519310970885,0.0011364080216290581,0.0029092045353703885,0.0029092045353703885,
1e9bc05b7a,180,163,16300,163.0,-0.513353083691757,0.0014829253099773946,0.001898144396771065,0.001898144396771065,
1e9bc05b7a,180,164,16400,164.0,-0.5133532040300987,0.0013139552747792908,0.0033637255034349857,0.0033637255034349857,
1e9bc05b7a,180,165,16500,165.0,-0.5133546008480748,0.000827954374283989,0.0021195631981670124,0.0021195631981670124,
1e9bc05b7a,180,166,16600,166.0,-0.5133554100445595,0.0011996127431497961,0.0015355043112317392,0.0015355043112317392,
1e9bc05b7a,180,167,16700,167.0,-0.5133560683034558,0.0009361917980716145,0.002396651003063333,0.002396651003063333,
1e9bc05b7a,180,168,16800,168.0,-0.5133569840399193,0.0012948185804936552,0.0016573677830318794,0.0016573677830318794,
1e9bc05b7a,180,169,16900,169.0,-0.5133574676869661,0.0010700527160562357,0.0027393349531039638,0.0027393349531039638,
1e9bc05b7a,180,170,17000,170.0,-0.5133585337225297,0.0014181852056578403,0.0018152770632420365,0.0018152770632420365,
1e9bc05b7a,180,171,17100,171.0,-0.5133587731486395,0.0012339777012918074,0.0031589829153070266,0.0031589829153070266,
1e9bc05b7a,180,172,17200,172.0,-0.5133600510075236,0.000787820477846683,0.002016820423287508,0.002016820423287508,
1e9bc05b7a,180,173,17300,173.0,-0.5133608197798427,0.0011631740659402451,0.001488862804403514,0.001488862804403514,
1e9bc05b7a,180,174,17400,174.0,-0.5133615245115112,0.000886891908637211,0.0022704432861112606,0.0022704432861112606,
1e9bc05b7a,180,175,17500,175.0,-0.5133623856980669,0.0012486924327105812,0.0015983263138695432,0.0015983263138695432,
1e9bc05b7a,180,176,17600,176.0,-0.5133629382074165,0.0010100056698903676,0.00258561451491934,0.00258561451491934,
1e9bc05b7a,180,177,17700,177.0,-0.5133639299237822,0.0013602275672791786,0.001741091286117348,0.001741091286117348,
1e9bc05b7a,180,178,17800,178.0,-0.5133642695297727,0.0011613707264911614,0.002973109059817374,0.002973109059817374,
1e9bc05b7a,180,179,17900,179.0,-0.5133654453978952,,0.0019244422573921297,0.0019244422573921297,
8b8827bfff,180,0,0,0.0,-0.513108296444765,0.07643065367259352,0.0015286130734518705,0.0015286130734518705,"ProjectedCommonDirectionsConfig(subspace_frac_grads=0.1, subspace_frac_updates=0.1, subspace_frac_random=0.1, direction_str=sd, random_proj=True, random_proj_dim_frac=1, inner_use_full_grad=True, orth_P_k=True, beta=0.001, tau=0.5, c_const=inf, N_try=200, alpha_max=100, p_const=1)"
8b8827bfff,180,1,100,1.0,-0.5131609440948979,0.008754317090288692,0.01120552587556953,0.01120552587556953,
8b8827bfff,180,2,200,2.0,-0.5131822479553914,0.004241006534490224,0.010856976728294974,0.010856976728294974,
8b8827bfff,180,3,300,3.0,-0.5132018926865459,0.003220125608064761,0.004121760778322894,0.004121760778322894,
8b8827bfff,180,4,400,4.0,-0.5132034132619842,0.0023888170277418306,0.006115371591019086,0.006115371591019086,
8b8827bfff,180,5,500,5.0,-0.5132087239578106,0.002475270288708065,0.0031683459695463225,0.0031683459695463225,
8b8827bfff,180,6,600,6.0,-0.5132091504499465,0.0020155176774315,0.005159725254224639,0.005159725254224639,
8b8827bfff,180,7,700,7.0,-0.5132127273118491,0.0022306208274736347,0.0028551946591662512,0.0028551946591662512,
8b8827bfff,180,8,800,8.0,-0.5132127667866371,0.001897229514931856,0.004856907558225551,0.004856907558225551,
8b8827bfff,180,9,900,9.0,-0.5132158029692616,0.0010760513849405972,0.002754691545447927,0.002754691545447927,
8b8827bfff,180,10,1000,10.0,-0.513217222612928,0.0014859185233103373,0.0019019757098372317,0.0019019757098372317,
8b8827bfff,180,11,1100,11.0,-0.5132184373014754,0.0010795939014540124,0.0027637603877222715,0.0027637603877222715,
8b8827bfff,180,12,1200,12.0,-0.5132197905189373,0.0014733036253265957,0.0018858286404180424,0.0018858286404180424,
8b8827bfff,180,13,1300,13.0,-0.5132208157230992,0.0011116910806770433,0.0028459291665332317,0.0028459291665332317,
8b8827bfff,180,14,1400,14.0,-0.5132221673342141,0.0014912359102302512,0.001908781965094722,0.001908781965094722,
8b8827bfff,180,15,1500,15.0,-0.513223021487795,0.0011669194597310536,0.0029873138169114973,0.0029873138169114973,
8b8827bfff,180,16,1600,16.0,-0.5132244186668671,0.0015337002630029224,0.0019631363366437414,0.0019631363366437414,
8b8827bfff,180,17,1700,17.0,-0.5132250936537861,0.0012436524337525617,0.003183750230406556,0.003183750230406556,
8b8827bfff,180,18,1800,18.0,-0.513226579313733,0.0015990327505431708,0.0020467619206952573,0.0020467619206952573,
8b8827bfff,180,19,1900,19.0,-0.5132270481162216,0.0013422292157232816,0.0034361067922516015,0.0034361067922516015,
8b8827bfff,180,20,2000,20.0,-0.51322866808691,0.0016878778137448096,0.0021604836015933562,0.0021604836015933562,
8b8827bfff,180,21,2100,21.0,-0.5132288860265167,0.0014642063367127241,0.003748368221984574,0.003748368221984574,
8b8827bfff,180,22,2200,22.0,-0.5132306943308665,0.0009011559465180751,0.0023069592230862716,0.0023069592230862716,
8b8827bfff,180,23,2300,23.0,-0.5132317094535479,0.0013078728689390365,0.001674077272241966,0.001674077272241966,
8b8827bfff,180,24,2400,24.0,-0.5132326609133717,0.0009727229037345162,0.0024901706335603616,0.0024901706335603616,
8b8827bfff,180,25,2500,25.0,-0.5132337466629339,0.0013647325068585016,0.001746857608778882,0.001746857608778882,
8b8827bfff,180,26,2600,26.0,-0.5132345654875922,0.0010606270986714547,0.0027152053725989257,0.0027152053725989257,
8b8827bfff,180,27,2700,27.0,-0.5132357489200294,0.0014386954023618919,0.0018415301150232221,0.0018415301150232221,
8b8827bfff,180,28,2800,28.0,-0.5132364007556696,0.0011672657491634166,0.0029882003178583463,0.0029882003178583463,
8b8827bfff,180,29,2900,29.0,-0.5132377167183076,0.0015328009849353305,0.001961985260717222,0.001961985260717222,
8b8827bfff,180,30,3000,30.0,-0.5132381540243278,0.001295465591686586,0.003316391914717659,0.003316391914717659,
8b8827bfff,180,31,3100,31.0,-0.5132396481881064,0.0016506513025529635,0.0021128336672677924,0.0021128336672677924,
8b8827bfff,180,32,3200,32.0,-0.5132398061313335,0.001448533896834724,0.0037082467758968955,0.0037082467758968955,
8b8827bfff,180,33,3300,33.0,-0.5132415389847405,0.0008982033045374767,0.0022994004596159404,0.0022994004596159404,
8b8827bfff,180,34,3400,34.0,-0.513242519327156,0.0012991220156452778,0.001662876180025955,0.001662876180025955,
8b8827bfff,180,35,3500,35.0,-0.5132433818941563,0.0009874073407826192,0.0025277627924035046,0.0025277627924035046,
8b8827bfff,180,36,3600,36.0,-0.5132444560242274,0.0013737778591211807,0.001758435659675112,0.001758435659675112,
8b8827bfff,180,37,3700,37.0,-0.5132451661397849,0.0010956398642622813,0.0028048380525114397,0.0028048380525114397,
8b8827bfff,180,38,3800,38.0,-0.5132463671791423,0.0014686573722957333,0.0018798814365385394,0.0018798814365385394,
8b8827bfff,180,39,3900,39.0,-0.5132468763327275,0.0012259874325055698,0.003138527827214257,0.003138527827214257,
8b8827bfff,180,40,4000,40.0,-0.5132482487303328,0.0015877985890799516,0.0020323821940223382,0.0020323821940223382,
8b8827bfff,180,41,4100,41.0,-0.513248490965321,0.0013819993586981617,0.003537918358267294,0.003537918358267294,
8b8827bfff,180,42,4200,42.0,-0.5132500946068541,0.0008678818505762114,0.002221777537475102,0.002221777537475102,
8b8827bfff,180,43,4300,43.0,-0.5132510301499198,0.001270997352806098,0.0016268766115918039,0.0016268766115918039,
8b8827bfff,180,44,4400,44.0,-0.5132518961077688,0.0009588408972429811,0.002454632696942031,0.002454632696942031,
8b8827bfff,180,45,4500,45.0,-0.5132529247388521,0.0013472393375010899,0.0017244663520013946,0.0017244663520013946,
8b8827bfff,180,46,4600,46.0,-0.5132536410200331,0.001069666443726864,0.002738346095940775,0.002738346095940775,
8b8827bfff,180,47,4700,47.0,-0.5132547963812185,0.0014445385898385129,0.001849009394993297,0.001849009394993297,
8b8827bfff,180,48,4800,48.0,-0.5132553123844146,0.0012036401080726118,0.003081318676665887,0.003081318676665887,
8b8827bfff,180,49,4900,49.0,-0.5132566401315887,0.0015672495122348578,0.0020060793756606164,0.0020060793756606164,
8b8827bfff,180,50,5000,50.0,-0.5132568867818044,0.0013645255271175095,0.0034931853494208245,0.0034931853494208245,
8b8827bfff,180,51,5100,51.0,-0.5132584490093661,0.000860130243941984,0.002201933424491478,0.002201933424491478,
8b8827bfff,180,52,5200,52.0,-0.5132593667222133,0.0012617405359175446,0.001615027885974458,0.001615027885974458,
8b8827bfff,180,53,5300,53.0,-0.5132602132747341,0.0009545202876045066,0.002443571936267537,0.002443571936267537,
8b8827bfff,180,54,5400,54.0,-0.513261227066772,0.0013414455281446278,0.0017170502760251228,0.0017170502760251228,
8b8827bfff,180,55,5500,55.0,-0.5132619194222441,0.0010698675001660969,0.002738860800425208,0.002738860800425208,
8b8827bfff,180,56,5600,56.0,-0.5132630648249507,0.0014434645848546608,0.001847634668613968,0.001847634668613968,
8b8827bfff,180,57,5700,57.0,-0.51326354878584,0.0012096579935167897,0.0030967244634029817,0.0030967244634029817,
8b8827bfff,180,58,5800,58.0,-0.5132648743714285,0.0015724525127911299,0.0020127392163726467,0.0020127392163726467,
8b8827bfff,180,59,5900,59.0,-0.5132650756077096,0.0013778935032899384,0.0035274073684222417,0.0035274073684222417,
8b8827bfff,180,60,6000,60.0,-0.5132666478711942,0.0008668078797362184,0.002219028172124721,0.002219028172124721,
8b8827bfff,180,61,6100,61.0,-0.5132675637303913,0.0012645979058629555,0.0016186853195045829,0.0016186853195045829,
8b8827bfff,180,62,6200,62.0,-0.5132683744549417,0.0009663838005764382,0.0024739425294756806,0.0024739425294756806,
8b8827bfff,180,63,6300,63.0,-0.513269392748934,0.0013496911747521167,0.0017276047036827102,0.0017276047036827102,
8b8827bfff,180,64,6400,64.0,-0.5132700390755351,0.0010882201584609794,0.0027858436056601046,0.0027858436056601046,
8b8827bfff,180,65,6500,65.0,-0.5132711984038325,0.0014587087998656058,0.0018671472638279766,0.0018671472638279766,
8b8827bfff,180,66,6600,66.0,-0.5132716209227401,0.0012360293377133064,0.0031642351045460646,0.0031642351045460646,
8b8827bfff,180,67,6700,67.0,-0.5132729743345105,0.0015966103084406368,0.0020436611948040154,0.0020436611948040154,
8b8827bfff,180,68,6800,68.0,-0.5132730912255311,0.001414084935989925,0.0036200574361342076,0.0036200574361342076,
8b8827bfff,180,69,6900,69.0,-0.5132747117061625,0.0008844640669115431,0.0022642280112935504,0.0022642280112935504,
8b8827bfff,180,70,7000,70.0,-0.5132756376449016,0.001276902184687449,0.0016344347963999362,0.0016344347963999362,
8b8827bfff,180,71,7100,71.0,-0.5132763982653599,0.0009909191622195417,0.002536753055282026,0.002536753055282026,
8b8827bfff,180,72,7200,72.0,-0.5132774362686267,0.001369279681402839,0.0017526779921956319,0.0017526779921956319,
8b8827bfff,180,73,7300,73.0,-0.5132780170287613,0.0011211479262276836,0.002870138691142869,0.002870138691142869,
8b8827bfff,180,74,7400,74.0,-0.513279209952736,0.0014875210710613791,0.001904026970958565,0.001904026970958565,
8b8827bfff,180,75,7500,75.0,-0.5132795444619815,0.0012791175528420293,0.0032745409352755946,0.0032745409352755946,
8b8827bfff,180,76,7600,76.0,-0.5132809514517186,0.0008184505311283406,0.002095233359688552,0.002095233359688552,
8b8827bfff,180,77,7700,77.0,-0.5132818079986078,0.0012192536970167995,0.0015606447321815033,0.0015606447321815033,
8b8827bfff,180,78,7800,78.0,-0.513282650697504,0.0009116471160596397,0.0023338166171126785,0.0023338166171126785,
8b8827bfff,180,79,7900,79.0,-0.5132835974013932,0.0012977263783222862,0.0016610897642525273,0.0016610897642525273,
8b8827bfff,180,80,8000,80.0,-0.5132842937072147,0.0010266344125005086,0.002628184096001301,0.002628184096001301,
8b8827bfff,180,81,8100,81.0,-0.5132853655600643,0.001399298631059819,0.0017911022477565676,0.0017911022477565676,
8b8827bfff,180,82,8200,82.0,-0.5132858610637155,0.0011671255304051302,0.002987841357837133,0.002987841357837133,
8b8827bfff,180,83,8300,83.0,-0.5132871064851364,0.001528991654082355,0.0019571093172254146,0.0019571093172254146,
8b8827bfff,180,84,8400,84.0,-0.5132873258011492,0.0013373779325933884,0.003423687507439073,0.003423687507439073,
8b8827bfff,180,85,8500,85.0,-0.5132888118387543,0.0008462047743050896,0.0021662842222210303,0.0021662842222210303,
8b8827bfff,180,86,8600,86.0,-0.5132896880544265,0.0012396225608587658,0.0015867168778992196,0.0015867168778992196,
8b8827bfff,180,87,8700,87.0,-0.5132904700191645,0.000947896631513834,0.002426615376675415,0.002426615376675415,
8b8827bfff,180,88,8800,88.0,-0.5132914483532286,0.0013270227224876875,0.001698589084784239,0.001698589084784239,
8b8827bfff,180,89,8900,89.0,-0.5132920648852057,0.0010730722935506397,0.002747065071489638,0.002747065071489638,
8b8827bfff,180,90,9000,90.0,-0.5132931853253448,0.0014397647264632065,0.0018428988498729042,0.0018428988498729042,
8b8827bfff,180,91,9100,91.0,-0.5132935739785793,0.0012257119100388717,0.003137822489699513,0.003137822489699513,
8b8827bfff,180,92,9200,92.0,-0.5132948920176689,0.0015831955249939376,0.0020264902719922396,0.0020264902719922396,
8b8827bfff,180,93,9300,93.0,-0.5132949660453606,0.0014104062148597018,0.003610639910040836,0.003610639910040836,
8b8827bfff,180,94,9400,94.0,-0.5132965587384581,0.0008816339125535691,0.0022569828161371364,0.0022569828161371364,
8b8827bfff,180,95,9500,95.0,-0.5132974633649421,0.0012671501845824414,0.001621952236265525,0.001621952236265525,
8b8827bfff,180,96,9600,96.0,-0.5132981719806956,0.0009933116565335402,0.002542877840725863,0.002542877840725863,
8b8827bfff,180,97,9700,97.0,-0.5132991939202365,0.0013652609459985149,0.0017475340108780992,0.0017475340108780992,
8b8827bfff,180,98,9800,98.0,-0.5132997129195076,0.0011303762731497205,0.002893763259263284,0.002893763259263284,
8b8827bfff,180,99,9900,99.0,-0.5133008984389749,0.0014912512350495428,0.0019088015808634165,0.0019088015808634165,
8b8827bfff,180,100,10000,100.0,-0.5133011553144381,0.0012971141870215446,0.0033206123187751522,0.0033206123187751522,
8b8827bfff,180,101,10100,101.0,-0.5133025687761567,0.0008254040487816149,0.002113034364880934,0.002113034364880934,
8b8827bfff,180,102,10200,102.0,-0.5133034142806533,0.0012170643849749333,0.0015578424127679143,0.0015578424127679143,
8b8827bfff,180,103,10300,103.0,-0.5133041935626206,0.0009251299797393526,0.0023683327481327423,0.0023683327481327423,
8b8827bfff,180,104,10400,104.0,-0.513305136602936,0.0013025223837433752,0.00166722865119152,0.00166722865119152,
8b8827bfff,180,105,10500,105.0,-0.5133057569289347,0.0010483482383505129,0.0026837714901773125,0.0026837714901773125,
8b8827bfff,180,106,10600,106.0,-0.51330683632839,0.0014132605023376905,0.0018089734429922446,0.0018089734429922446,
8b8827bfff,180,107,10700,107.0,-0.5133072367216713,0.0011990839450114986,0.0030696548992294364,0.0030696548992294364,
8b8827bfff,180,108,10800,108.0,-0.5133085065752095,0.0015547103494296627,0.0019900292472699666,0.0019900292472699666,
8b8827bfff,180,109,10900,109.0,-0.5133086020094172,0.001381977295999991,0.003537861877759978,0.003537861877759978,
8b8827bfff,180,110,11000,110.0,-0.5133101377236974,0.0008664594117790432,0.0022181360941543496,0.0022181360941543496,
8b8827bfff,180,111,11100,111.0,-0.5133110166538882,0.0012492928609157499,0.0015990948619721607,0.0015990948619721607,
8b8827bfff,180,112,11200,112.0,-0.5133117163277818,0.0009773143064364571,0.002501924624477329,0.002501924624477329,
8b8827bfff,180,113,11300,113.0,-0.5133127096126792,0.0013466715446532657,0.0017237395771561809,0.0017237395771561809,
8b8827bfff,180,114,11400,114.0,-0.5133132235919369,0.0011137199932921443,0.00285112318282789,0.00285112318282789,
8b8827bfff,180,115,11500,115.0,-0.5133143769475441,0.0014721068815630267,0.0018842968084006753,0.0018842968084006753,
8b8827bfff,180,116,11600,116.0,-0.5133146332392967,0.0012800253534495664,0.0032768649048308908,0.0032768649048308908,
8b8827bfff,180,117,11700,117.0,-0.513316010480978,0.0008156917791364685,0.0020881709545893597,0.0020881709545893597,
8b8827bfff,180,118,11800,118.0,-0.5133168366443951,0.0012038216657132685,0.001540891732112983,0.001540891732112983,
8b8827bfff,180,119,11900,119.0,-0.5133175987682883,0.0009154688426761826,0.0023436002372510274,0.0023436002372510274,
8b8827bfff,180,120,12000,120.0,-0.513318521339118,0.0012894859222643332,0.0016505419804983463,0.0016505419804983463,
8b8827bfff,180,121,12100,121.0,-0.5133191257920979,0.001038989780090834,0.0026598138370325353,0.0026598138370325353,
8b8827bfff,180,122,12200,122.0,-0.5133201835949883,0.0014007373469068483,0.0017929438040407658,0.0017929438040407658,
8b8827bfff,180,123,12300,123.0,-0.5133205691332318,0.001190349968349155,0.003047295918973837,0.003047295918973837,
8b8827bfff,180,124,12400,124.0,-0.5133218164312647,0.0015431081487026804,0.001975178430339432,0.001975178430339432,
8b8827bfff,180,125,12500,125.0,-0.513321897407424,0.001374274691782255,0.003518143210962572,0.003518143210962572,
8b8827bfff,180,126,12600,126.0,-0.5133234100667806,0.0008613781738565875,0.0022051281250728624,0.0022051281250728624,
8b8827bfff,180,127,12700,127.0,-0.5133242739427557,0.0012401152768023846,0.0015873475543070525,0.0015873475543070525,
8b8827bfff,180,128,12800,128.0,-0.5133249507970589,0.0009732752055075428,0.00249158452609931,0.00249158452609931,
8b8827bfff,180,129,12900,129.0,-0.51332592944379,0.0013387927499985805,0.0017136547199981828,0.0017136547199981828,
8b8827bfff,180,130,13000,130.0,-0.5133264194196934,0.001111119491425257,0.0028444658980486576,0.0028444658980486576,
8b8827bfff,180,131,13100,131.0,-0.5133275591751575,0.0014660459058414561,0.0018765387594770627,0.0018765387594770627,
8b8827bfff,180,132,13200,132.0,-0.5133277890257404,0.0012793506401404802,0.0032751376387596294,0.0032751376387596294,
8b8827bfff,180,133,13300,133.0,-0.5133291547464089,0.0008138865632661514,0.002083549601961348,0.002083549601961348,
8b8827bfff,180,134,13400,134.0,-0.5133299694216166,0.0011972814703984833,0.0015325202821100585,0.0015325202821100585,
8b8827bfff,180,135,13500,135.0,-0.5133307043895237,0.0009152691251418313,0.0023430889603630873,0.0023430889603630873,
8b8827bfff,180,136,13600,136.0,-0.5133316168653757,0.001284806390266089,0.0016445521795405938,0.0016445521795405938,
8b8827bfff,180,137,13700,137.0,-0.5133321915991738,0.001040851243987114,0.0026645791846070122,0.0026645791846070122,
8b8827bfff,180,138,13800,138.0,-0.5133332415987503,0.001398529320870172,0.0017901175307138194,0.0017901175307138194,
8b8827bfff,180,139,13900,139.0,-0.5133335932240031,0.0011948211950653087,0.003058742259367191,0.003058742259367191,
8b8827bfff,180,140,14000,140.0,-0.5133348364000384,0.0015440994307826575,0.001976447271401802,0.001976447271401802,
8b8827bfff,180,141,14100,141.0,-0.5133348767867276,0.0013820208787085468,0.0035379734494938803,0.0035379734494938803,
8b8827bfff,180,142,14200,142.0,-0.5133363911307851,0.0008639016544272673,0.0022115882353338054,0.0022115882353338054,
8b8827bfff,180,143,14300,143.0,-0.5133372478256414,0.0012375759045125927,0.0015840971577761164,0.0015840971577761164,
8b8827bfff,180,144,14400,144.0,-0.5133378915582796,0.000978329848980153,0.002504524413389193,0.002504524413389193,
8b8827bfff,180,145,14500,145.0,-0.5133388660652236,0.001339183913627641,0.0017141554094433817,0.0017141554094433817,
8b8827bfff,180,146,14600,146.0,-0.5133393177014474,0.001119301190102165,0.0028654110466615423,0.0028654110466615423,
8b8827bfff,180,147,14700,147.0,-0.5133404579384137,0.0014701736915978623,0.0018818223252452626,0.0018818223252452626,
8b8827bfff,180,148,14800,148.0,-0.5133406415067664,0.0012913722393338052,0.00330591293269454,0.00330591293269454,
8b8827bfff,180,149,14900,149.0,-0.5133420146844357,0.0008182867178762351,0.002094813997763161,0.002094813997763161,
8b8827bfff,180,150,15000,150.0,-0.5133428239881259,0.0011961064030765608,0.0015310161959379977,0.0015310161959379977,
8b8827bfff,180,151,15100,151.0,-0.5133435239942211,0.0009225476365994559,0.0023617219496946066,0.0023617219496946066,
8b8827bfff,180,152,15200,152.0,-0.5133444345479004,0.0012868653205962057,0.0016471876103631433,0.0016471876103631433,
8b8827bfff,180,153,15300,153.0,-0.5133449685732988,0.0010516408344103524,0.0026922005360905023,0.0026922005360905023,
8b8827bfff,180,154,15400,154.0,-0.5133460217633502,0.001404691084518798,0.001798004588184061,0.001798004588184061,
8b8827bfff,180,155,15500,155.0,-0.5133463241212777,0.0012098694986352233,0.0030972659165061705,0.0030972659165061705,
8b8827bfff,180,156,15600,156.0,-0.5133475780433682,0.0007776826371263413,0.001990867551043433,0.001990867551043433,
8b8827bfff,180,157,15700,157.0,-0.5133483467867362,0.0011595681939553088,0.001484247288262795,0.001484247288262795,
8b8827bfff,180,158,15800,158.0,-0.5133490927138766,0.0008726604443195283,0.002234010737457992,0.002234010737457992,
8b8827bfff,180,159,15900,159.0,-0.5133499487244193,0.0012406125573538064,0.0015879840734128712,0.0015879840734128712,
8b8827bfff,180,160,16000,160.0,-0.513350550766333,0.0009908762015845372,0.002536643076056415,0.002536643076056415,
8b8827bfff,180,161,16100,161.0,-0.5133515298908253,0.001346551207158966,0.0017235855451634779,0.0017235855451634779,
8b8827bfff,180,162,16200,162.0,-0.5133519310970885,0.0011364080216294547,0.0029092045353714038,0.0029092045353714038,
8b8827bfff,180,163,16300,163.0,-0.513353083691757,0.0014829253099778437,0.0018981443967716412,0.0018981443967716412,
8b8827bfff,180,164,16400,164.0,-0.5133532040300987,0.0013139552747798596,0.0033637255034364394,0.0033637255034364394,
8b8827bfff,180,165,16500,165.0,-0.5133546008480748,0.0008279543742842525,0.0021195631981676855,0.0021195631981676855,
8b8827bfff,180,166,16600,166.0,-0.5133554100445595,0.0011996127431500646,0.001535504311232083,0.001535504311232083,
8b8827bfff,180,167,16700,167.0,-0.5133560683034558,0.0009361917980720309,0.0023966510030643995,0.0023966510030643995,
8b8827bfff,180,168,16800,168.0,-0.5133569840399193,0.001294818580494032,0.0016573677830323615,0.0016573677830323615,
8b8827bfff,180,169,16900,169.0,-0.5133574676869661,0.0010700527160567859,0.0027393349531053732,0.0027393349531053732,
8b8827bfff,180,170,17000,170.0,-0.5133585337225297,0.0014181852056583397,0.0018152770632426762,0.0018152770632426762,
8b8827bfff,180,171,17100,171.0,-0.5133587731486395,0.0012339777012924501,0.003158982915308673,0.003158982915308673,
8b8827bfff,180,172,17200,172.0,-0.5133600510075236,0.0007878204778469951,0.0020168204232883084,0.0020168204232883084,
8b8827bfff,180,173,17300,173.0,-0.5133608197798427,0.001163174065940534,0.0014888628044038834,0.0014888628044038834,
8b8827bfff,180,174,17400,174.0,-0.5133615245115112,0.0008868919086376207,0.002270443286112309,0.002270443286112309,
8b8827bfff,180,175,17500,175.0,-0.5133623856980669,0.0012486924327110125,0.0015983263138700959,0.0015983263138700959,
8b8827bfff,180,176,17600,176.0,-0.5133629382074165,0.0010100056698909938,0.0025856145149209453,0.0025856145149209453,
8b8827bfff,180,177,17700,177.0,-0.5133639299237822,0.001360227567279772,0.001741091286118108,0.001741091286118108,
8b8827bfff,180,178,17800,178.0,-0.5133642695297727,0.001161370726491972,0.0029731090598194474,0.0029731090598194474,
8b8827bfff,180,179,17900,179.0,-0.5133654453978952,,0.0019244422573932087,0.0019244422573932087,
c1c7d5f1be,180,0,0,0.0,-0.513108296444765,0.07643065367259354,0.0015286130734518705,0.0015286130734518705,"ProjectedCommonDirectionsConfig(subspace_frac_grads=0.1, subspace_frac_updates=0.1, subspace_frac_random=0.1, direction_str=sd, random_proj=True, random_proj_dim_frac=1, inner_use_full_grad=True, orth_P_k=True, beta=0.001, tau=0.5, c_const=inf, N_try=200, alpha_max=100, p_const=1)"
c1c7d5f1be,180,1,100,1.0,-0.5131609440948979,0.00875431709028869,0.011205525875569531,0.011205525875569531,
c1c7d5f1be,180,2,200,2.0,-0.5131822479553914,0.0042410065344902275,0.010856976728294988,0.010856976728294988,
c1c7d5f1be,180,3,300,3.0,-0.5132018926865459,0.003220125608064766,0.0041217607783228995,0.0041217607783228995,
c1c7d5f1be,180,4,400,4.0,-0.5132034132619842,0.002388817027741834,0.0061153715910190936,0.0061153715910190936,
c1c7d5f1be,180,5,500,5.0,-0.5132087239578106,0.002475270288708055,0.0031683459695463095,0.0031683459695463095,
c1c7d5f1be,180,6,600,6.0,-0.5132091504499465,0.0020155176774314873,0.005159725254224607,0.005159725254224607,
c1c7d5f1be,180,7,700,7.0,-0.5132127273118491,0.002230620827473614,0.0028551946591662248,0.0028551946591662248,
c1c7d5f1be,180,8,800,8.0,-0.5132127667866371,0.001897229514931822,0.004856907558225463,0.004856907558225463,
c1c7d5f1be,180,9,900,9.0,-0.5132158029692616,0.0010760513849405755,0.0027546915454478714,0.0027546915454478714,
c1c7d5f1be,180,10,1000,10.0,-0.513217222612928,0.001485918523310316,0.001901975709837205,0.001901975709837205,
c1c7d5f1be,180,11,1100,11.0,-0.5132184373014754,0.001079593901453981,0.002763760387722191,0.002763760387722191,
c1c7d5f1be,180,12,1200,12.0,-0.5132197905189373,0.0014733036253265696,0.0018858286404180094,0.0018858286404180094,
c1c7d5f1be,180,13,1300,13.0,-0.5132208157230992,0.0011116910806770086,0.002845929166533143,0.002845929166533143,
c1c7d5f1be,180,14,1400,14.0,-0.5132221673342141,0.001491235910230213,0.0019087819650946724,0.0019087819650946724,
c1c7d5f1be,180,15,1500,15.0,-0.513223021487795,0.0011669194597309983,0.0029873138169113564,0.0029873138169113564,
c1c7d5f1be,180,16,1600,16.0,-0.5132244186668671,0.0015337002630028923,0.001963136336643702,0.001963136336643702,
c1c7d5f1be,180,17,1700,17.0,-0.5132250936537861,0.0012436524337525227,0.0031837502304064586,0.0031837502304064586,
c1c7d5f1be,180,18,1800,18.0,-0.513226579313733,0.0015990327505431424,0.0020467619206952226,0.0020467619206952226,
c1c7d5f1be,180,19,1900,19.0,-0.5132270481162216,0.0013422292157232465,0.003436106792251513,0.003436106792251513,
c1c7d5f1be,180,20,2000,20.0,-0.51322866808691,0.0016878778137447775,0.0021604836015933155,0.0021604836015933155,
c1c7d5f1be,180,21,2100,21.0,-0.5132288860265167,0.0014642063367126877,0.0037483682219844805,0.0037483682219844805,
c1c7d5f1be,180,22,2200,22.0,-0.5132306943308665,0.0009011559465180701,0.002306959223086258,0.002306959223086258,
c1c7d5f1be,180,23,2300,23.0,-0.5132317094535479,0.0013078728689390332,0.001674077272241963,0.001674077272241963,
c1c7d5f1be,180,24,2400,24.0,-0.5132326609133717,0.0009727229037345121,0.0024901706335603503,0.0024901706335603503,
c1c7d5f1be,180,25,2500,25.0,-0.5132337466629339,0.0013647325068584912,0.0017468576087788686,0.0017468576087788686,
c1c7d5f1be,180,26,2600,26.0,-0.5132345654875922,0.0010606270986714484,0.0027152053725989075,0.0027152053725989075,
c1c7d5f1be,180,27,2700,27.0,-0.5132357489200294,0.0014386954023618862,0.0018415301150232159,0.0018415301150232159,
c1c7d5f1be,180,28,2800,28.0,-0.5132364007556696,0.001167265749163409,0.0029882003178583277,0.0029882003178583277,
c1c7d5f1be,180,29,2900,29.0,-0.5132377167183076,0.0015328009849353182,0.0019619852607172072,0.0019619852607172072,
c1c7d5f1be,180,30,3000,30.0,-0.5132381540243278,0.0012954655916865671,0.0033163919147176134,0.0033163919147176134,
c1c7d5f1be,180,31,3100,31.0,-0.5132396481881064,0.0016506513025529494,0.002112833667267775,0.002112833667267775,
c1c7d5f1be,180,32,3200,32.0,-0.5132398061313335,0.0014485338968347028,0.0037082467758968417,0.0037082467758968417,
c1c7d5f1be,180,33,3300,33.0,-0.5132415389847405,0.000898203304537466,0.0022994004596159114,0.0022994004596159114,
c1c7d5f1be,180,34,3400,34.0,-0.513242519327156,0.0012991220156452672,0.0016628761800259414,0.0016628761800259414,
c1c7d5f1be,180,35,3500,35.0,-0.5132433818941563,0.0009874073407825997,0.0025277627924034565,0.0025277627924034565,
c1c7d5f1be,180,36,3600,36.0,-0.5132444560242274,0.0013737778591211577,0.001758435659675082,0.001758435659675082,
c1c7d5f1be,180,37,3700,37.0,-0.5132451661397849,0.001095639864262241,0.0028048380525113378,0.0028048380525113378,
c1c7d5f1be,180,38,3800,38.0,-0.5132463671791423,0.001468657372295686,0.0018798814365384793,0.0018798814365384793,
c1c7d5f1be,180,39,3900,39.0,-0.5132468763327275,0.0012259874325054902,0.0031385278272140537,0.0031385278272140537,
c1c7d5f1be,180,40,4000,40.0,-0.5132482487303328,0.0015877985890798535,0.002032382194022213,0.002032382194022213,
c1c7d5f1be,180,41,4100,41.0,-0.513248490965321,0.0013819993586980223,0.0035379183582669367,0.0035379183582669367,
c1c7d5f1be,180,42,4200,42.0,-0.5132500946068541,0.0008678818505761412,0.0022217775374749216,0.0022217775374749216,
c1c7d5f1be,180,43,4300,43.0,-0.5132510301499198,0.0012709973528060383,0.0016268766115917284,0.0016268766115917284,
c1c7d5f1be,180,44,4400,44.0,-0.5132518961077688,0.0009588408972429021,0.0024546326969418293,0.0024546326969418293,
c1c7d5f1be,180,45,4500,45.0,-0.5132529247388521,0.0013472393375010357,0.0017244663520013268,0.0017244663520013268,
c1c7d5f1be,180,46,4600,46.0,-0.5132536410200331,0.001069666443726799,0.002738346095940606,0.002738346095940606,
c1c7d5f1be,180,47,4700,47.0,-0.5132547963812185,0.0014445385898384574,0.0018490093949932258,0.0018490093949932258,
c1c7d5f1be,180,48,4800,48.0,-0.5132553123844146,0.0012036401080725543,0.0030813186766657395,0.0030813186766657395,
c1c7d5f1be,180,49,4900,49.0,-0.5132566401315887,0.001567249512234797,0.0020060793756605396,0.0020060793756605396,
c1c7d5f1be,180,50,5000,50.0,-0.5132568867818044,0.0013645255271174284,0.003493185349420618,0.003493185349420618,
c1c7d5f1be,180,51,5100,51.0,-0.5132584490093661,0.000860130243941946,0.0022019334244913823,0.0022019334244913823,
c1c7d5f1be,180,52,5200,52.0,-0.5132593667222133,0.0012617405359175201,0.0016150278859744266,0.0016150278859744266,
c1c7d5f1be,180,53,5300,53.0,-0.5132602132747341,0.0009545202876044797,0.0024435719362674684,0.0024435719362674684,
c1c7d5f1be,180,54,5400,54.0,-0.513261227066772,0.001341445528144602,0.0017170502760250903,0.0017170502760250903,
c1c7d5f1be,180,55,5500,55.0,-0.5132619194222441,0.001069867500166075,0.00273886080042515,0.00273886080042515,
c1c7d5f1be,180,56,5600,56.0,-0.5132630648249507,0.0014434645848546493,0.0018476346686139506,0.0018476346686139506,
c1c7d5f1be,180,57,5700,57.0,-0.51326354878584,0.0012096579935167817,0.0030967244634029618,0.0030967244634029618,
c1c7d5f1be,180,58,5800,58.0,-0.5132648743714285,0.0015724525127910989,0.0020127392163726055,0.0020127392163726055,
c1c7d5f1be,180,59,5900,59.0,-0.5132650756077096,0.0013778935032899146,0.003527407368422182,0.003527407368422182,
c1c7d5f1be,180,60,6000,60.0,-0.5132666478711942,0.000866807879736214,0.0022190281721247086,0.0022190281721247086,
c1c7d5f1be,180,61,6100,61.0,-0.5132675637303913,0.0012645979058629572,0.0016186853195045852,0.0016186853195045852,
c1c7d5f1be,180,62,6200,62.0,-0.5132683744549417,0.0009663838005764425,0.002473942529475693,0.002473942529475693,
c1c7d5f1be,180,63,6300,63.0,-0.513269392748934,0.0013496911747521221,0.001727604703682717,0.001727604703682717,
c1c7d5f1be,180,64,6400,64.0,-0.5132700390755351,0.0010882201584609763,0.002785843605660098,0.002785843605660098,
c1c7d5f1be,180,65,6500,65.0,-0.5132711984038325,0.0014587087998656084,0.0018671472638279803,0.0018671472638279803,
c1c7d5f1be,180,66,6600,66.0,-0.5132716209227401,0.0012360293377133244,0.0031642351045461105,0.0031642351045461105,
c1c7d5f1be,180,67,6700,67.0,-0.5132729743345105,0.0015966103084406452,0.0020436611948040266,0.0020436611948040266,
c1c7d5f1be,180,68,6800,68.0,-0.5132730912255311,0.0014140849359899402,0.003620057436134247,0.003620057436134247,
c1c7d5f1be,180,69,6900,69.0,-0.5132747117061625,0.0008844640669115574,0.002264228011293586,0.002264228011293586,
c1c7d5f1be,180,70,7000,70.0,-0.5132756376449016,0.001276902184687459,0.0016344347963999455,0.0016344347963999455,
c1c7d5f1be,180,71,7100,71.0,-0.5132763982653599,0.0009909191622195519,0.002536753055282052,0.002536753055282052,
c1c7d5f1be,180,72,7200,72.0,-0.5132774362686267,0.0013692796814028692,0.0017526779921956718,0.0017526779921956718,
c1c7d5f1be,180,73,7300,73.0,-0.5132780170287613,0.0011211479262277406,0.0028701386911430156,0.0028701386911430156,
c1c7d5f1be,180,74,7400,74.0,-0.513279209952736,0.0014875210710614106,0.0019040269709586079,0.0019040269709586079,
c1c7d5f1be,180,75,7500,75.0,-0.5132795444619815,0.0012791175528420993,0.003274540935275776,0.003274540935275776,
c1c7d5f1be,180,76,7600,76.0,-0.5132809514517186,0.0008184505311283597,0.002095233359688601,0.002095233359688601,
c1c7d5f1be,180,77,7700,77.0,-0.5132818079986078,0.001219253697016811,0.0015606447321815185,0.0015606447321815185,
c1c7d5f1be,180,78,7800,78.0,-0.513282650697504,0.000911647116059638,0.0023338166171126733,0.0023338166171126733,
c1c7d5f1be,180,79,7900,79.0,-0.5132835974013932,0.0012977263783223207,0.0016610897642525715,0.0016610897642525715,
c1c7d5f1be,180,80,8000,80.0,-0.5132842937072147,0.00102663441250056,0.0026281840960014355,0.0026281840960014355,
c1c7d5f1be,180,81,8100,81.0,-0.5132853655600643,0.00139929863105988,0.0017911022477566452,0.0017911022477566452,
c1c7d5f1be,180,82,8200,82.0,-0.5132858610637155,0.0011671255304051998,0.0029878413578373108,0.0029878413578373108,
c1c7d5f1be,180,83,8300,83.0,-0.5132871064851364,0.0015289916540824375,0.00195710931722552,0.00195710931722552,
c1c7d5f1be,180,84,8400,84.0,-0.5132873258011492,0.0013373779325935125,0.003423687507439392,0.003423687507439392,
c1c7d5f1be,180,85,8500,85.0,-0.5132888118387543,0.0008462047743051662,0.0021662842222212255,0.0021662842222212255,
c1c7d5f1be,180,86,8600,86.0,-0.5132896880544265,0.0012396225608588252,0.001586716877899296,0.001586716877899296,
c1c7d5f1be,180,87,8700,87.0,-0.5132904700191645,0.0009478966315139083,0.002426615376675605,0.002426615376675605,
c1c7d5f1be,180,88,8800,88.0,-0.5132914483532286,0.001327022722487753,0.0016985890847843242,0.0016985890847843242,
c1c7d5f1be,180,89,8900,89.0,-0.5132920648852057,0.0010730722935506994,0.002747065071489791,0.002747065071489791,
c1c7d5f1be,180,90,9000,90.0,-0.5132931853253448,0.0014397647264632494,0.0018428988498729601,0.0018428988498729601,
c1c7d5f1be,180,91,9100,91.0,-0.5132935739785793,0.0012257119100389235,0.003137822489699645,0.003137822489699645,
c1c7d5f1be,180,92,9200,92.0,-0.5132948920176689,0.0015831955249939536,0.0020264902719922605,0.0020264902719922605,
c1c7d5f1be,180,93,9300,93.0,-0.5132949660453606,0.001410406214859723,0.00361063991004089,0.00361063991004089,
c1c7d5f1be,180,94,9400,94.0,-0.5132965587384581,0.0008816339125536181,0.0022569828161372635,0.0022569828161372635,
c1c7d5f1be,180,95,9500,95.0,-0.5132974633649421,0.0012671501845825613,0.0016219522362656796,0.0016219522362656796,
c1c7d5f1be,180,96,9600,96.0,-0.5132981719806956,0.0009933116565336826,0.002542877840726229,0.002542877840726229,
c1c7d5f1be,180,97,9700,97.0,-0.5132991939202365,0.0013652609459986434,0.001747534010878263,0.001747534010878263,
c1c7d5f1be,180,98,9800,98.0,-0.5132997129195076,0.001130376273149904,0.002893763259263754,0.002893763259263754,
c1c7d5f1be,180,99,9900,99.0,-0.5133008984389749,0.001491251235049703,0.00190880158086362,0.00190880158086362,
c1c7d5f1be,180,100,10000,100.0,-0.5133011553144381,0.0012971141870217473,0.003320612318775672,0.003320612318775672,
c1c7d5f1be,180,101,10100,101.0,-0.5133025687761567,0.0008254040487816995,0.002113034364881152,0.002113034364881152,
c1c7d5f1be,180,102,10200,102.0,-0.5133034142806533,0.0012170643849750012,0.0015578424127680017,0.0015578424127680017,
c1c7d5f1be,180,103,10300,103.0,-0.5133041935626206,0.0009251299797394735,0.0023683327481330506,0.0023683327481330506,
c1c7d5f1be,180,104,10400,104.0,-0.513305136602936,0.001302522383743493,0.0016672286511916704,0.0016672286511916704,
c1c7d5f1be,180,105,10500,105.0,-0.5133057569289347,0.001048348238350683,0.002683771490177748,0.002683771490177748,
c1c7d5f1be,180,106,10600,106.0,-0.51330683632839,0.001413260502337834,0.0018089734429924274,0.0018089734429924274,
c1c7d5f1be,180,107,10700,107.0,-0.5133072367216713,0.0011990839450116912,0.003069654899229928,0.003069654899229928,
c1c7d5f1be,180,108,10800,108.0,-0.5133085065752095,0.0015547103494298522,0.0019900292472702107,0.0019900292472702107,
c1c7d5f1be,180,109,10900,109.0,-0.5133086020094172,0.0013819772960002256,0.0035378618777605767,0.0035378618777605767,
c1c7d5f1be,180,110,11000,110.0,-0.5133101377236974,0.0008664594117791538,0.0022181360941546345,0.0022181360941546345,
c1c7d5f1be,180,111,11100,111.0,-0.5133110166538882,0.0012492928609158039,0.0015990948619722287,0.0015990948619722287,
c1c7d5f1be,180,112,11200,112.0,-0.5133117163277818,0.000977314306436533,0.002501924624477525,0.002501924624477525,
c1c7d5f1be,180,113,11300,113.0,-0.5133127096126792,0.0013466715446533643,0.0017237395771563066,0.0017237395771563066,
c1c7d5f1be,180,114,11400,114.0,-0.5133132235919369,0.0011137199932922941,0.0028511231828282748,0.0028511231828282748,
c1c7d5f1be,180,115,11500,115.0,-0.5133143769475441,0.0014721068815631813,0.0018842968084008733,0.0018842968084008733,
c1c7d5f1be,180,116,11600,116.0,-0.5133146332392967,0.0012800253534497633,0.0032768649048313943,0.0032768649048313943,
c1c7d5f1be,180,117,11700,117.0,-0.513316010480978,0.0008156917791365434,0.00208817095458955,0.00208817095458955,
c1c7d5f1be,180,118,11800,118.0,-0.5133168366443951,0.001203821665713348,0.0015408917321130852,0.0015408917321130852,
c1c7d5f1be,180,119,11900,119.0,-0.5133175987682883,0.0009154688426762878,0.002343600237251297,0.002343600237251297,
c1c7d5f1be,180,120,12000,120.0,-0.513318521339118,0.0012894859222644715,0.0016505419804985232,0.0016505419804985232,
c1c7d5f1be,180,121,12100,121.0,-0.5133191257920979,0.0010389897800910208,0.002659813837033014,0.002659813837033014,
c1c7d5f1be,180,122,12200,122.0,-0.5133201835949883,0.0014007373469069493,0.0017929438040408955,0.0017929438040408955,
c1c7d5f1be,180,123,12300,123.0,-0.5133205691332318,0.0011903499683493027,0.0030472959189742133,0.0030472959189742133,
c1c7d5f1be,180,124,12400,124.0,-0.5133218164312647,0.0015431081487028346,0.00197517843033963,0.00197517843033963,
c1c7d5f1be,180,125,12500,125.0,-0.513321897407424,0.0013742746917824618,0.003518143210963102,0.003518143210963102,
c1c7d5f1be,180,126,12600,126.0,-0.5133234100667806,0.0008613781738566801,0.0022051281250731005,0.0022051281250731005,
c1c7d5f1be,180,127,12700,127.0,-0.5133242739427557,0.0012401152768024527,0.0015873475543071395,0.0015873475543071395,
c1c7d5f1be,180,128,12800,128.0,-0.5133249507970589,0.0009732752055076452,0.002491584526099572,0.002491584526099572,
c1c7d5f1be,180,129,12900,129.0,-0.51332592944379,0.0013387927499986583,0.0017136547199982832,0.0017136547199982832,
c1c7d5f1be,180,130,13000,130.0,-0.5133264194196934,0.001111119491425377,0.002844465898048967,0.002844465898048967,
c1c7d5f1be,180,131,13100,131.0,-0.5133275591751575,0.0014660459058416086,0.00187653875947726,0.00187653875947726,
c1c7d5f1be,180,132,13200,132.0,-0.5133277890257404,0.0012793506401407224,0.0032751376387602496,0.0032751376387602496,
c1c7d5f1be,180,133,13300,133.0,-0.5133291547464089,0.0008138865632662784,0.0020835496019616724,0.0020835496019616724,
c1c7d5f1be,180,134,13400,134.0,-0.5133299694216166,0.001197281470398624,0.0015325202821102387,0.0015325202821102387,
c1c7d5f1be,180,135,13500,135.0,-0.5133307043895237,0.000915269125141996,0.0023430889603635093,0.0023430889603635093,
c1c7d5f1be,180,136,13600,136.0,-0.5133316168653757,0.0012848063902661877,0.0016445521795407211,0.0016445521795407211,
c1c7d5f1be,180,137,13700,137.0,-0.5133321915991738,0.0010408512439872702,0.002664579184607411,0.002664579184607411,
c1c7d5f1be,180,138,13800,138.0,-0.5133332415987503,0.0013985293208703096,0.0017901175307139963,0.0017901175307139963,
c1c7d5f1be,180,139,13900,139.0,-0.513333593224003,0.001194821195065494,0.003058742259367664,0.003058742259367664,
c1c7d5f1be,180,140,14000,140.0,-0.5133348364000384,0.0015440994307828779,0.0019764472714020823,0.0019764472714020823,
c1c7d5f1be,180,141,14100,141.0,-0.5133348767867276,0.001382020878708804,0.003537973449494538,0.003537973449494538,
c1c7d5f1be,180,142,14200,142.0,-0.5133363911307851,0.0008639016544273457,0.002211588235334005,0.002211588235334005,
c1c7d5f1be,180,143,14300,143.0,-0.5133372478256414,0.0012375759045125537,0.0015840971577760691,0.0015840971577760691,
c1c7d5f1be,180,144,14400,144.0,-0.5133378915582796,0.00097832984898011,0.002504524413389083,0.002504524413389083,
c1c7d5f1be,180,145,14500,145.0,-0.5133388660652236,0.0013391839136275244,0.0017141554094432312,0.0017141554094432312,
c1c7d5f1be,180,146,14600,146.0,-0.5133393177014474,0.0011193011901019304,0.0028654110466609425,0.0028654110466609425,
c1c7d5f1be,180,147,14700,147.0,-0.5133404579384137,0.0014701736915977478,0.001881822325245117,0.001881822325245117,
c1c7d5f1be,180,148,14800,148.0,-0.5133406415067664,0.0012913722393336883,0.003305912932694241,0.003305912932694241,
c1c7d5f1be,180,149,14900,149.0,-0.5133420146844357,0.0008182867178762015,0.0020948139977630753,0.0020948139977630753,
c1c7d5f1be,180,150,15000,150.0,-0.5133428239881259,0.001196106403076469,0.0015310161959378806,0.0015310161959378806,
c1c7d5f1be,180,151,15100,151.0,-0.5133435239942211,0.000922547636599387,0.0023617219496944314,0.0023617219496944314,
c1c7d5f1be,180,152,15200,152.0,-0.5133444345479004,0.0012868653205961316,0.0016471876103630477,0.0016471876103630477,
c1c7d5f1be,180,153,15300,153.0,-0.5133449685732988,0.0010516408344102216,0.0026922005360901662,0.0026922005360901662,
c1c7d5f1be,180,154,15400,154.0,-0.5133460217633502,0.001404691084518773,0.0017980045881840288,0.0017980045881840288,
c1c7d5f1be,180,155,15500,155.0,-0.5133463241212777,0.0012098694986351715,0.00309726591650604,0.00309726591650604,
c1c7d5f1be,180,156,15600,156.0,-0.5133475780433682,0.0007776826371263604,0.001990867551043483,0.001990867551043483,
c1c7d5f1be,180,157,15700,157.0,-0.5133483467867362,0.0011595681939553328,0.0014842472882628274,0.0014842472882628274,
c1c7d5f1be,180,158,15800,158.0,-0.5133490927138766,0.0008726604443195915,0.0022340107374581543,0.0022340107374581543,
c1c7d5f1be,180,159,15900,159.0,-0.5133499487244193,0.0012406125573539424,0.0015879840734130464,0.0015879840734130464,
c1c7d5f1be,180,160,16000,160.0,-0.513350550766333,0.0009908762015847384,0.0025366430760569293,0.0025366430760569293,
c1c7d5f1be,180,161,16100,161.0,-0.5133515298908253,0.0013465512071590688,0.0017235855451636084,0.0017235855451636084,
c1c7d5f1be,180,162,16200,162.0,-0.5133519310970885,0.0011364080216295653,0.0029092045353716865,0.0029092045353716865,
c1c7d5f1be,180,163,16300,163.0,-0.513353083691757,0.0014829253099778868,0.001898144396771696,0.001898144396771696,
c1c7d5f1be,180,164,16400,164.0,-0.5133532040300987,0.001313955274779874,0.003363725503436478,0.003363725503436478,
c1c7d5f1be,180,165,16500,165.0,-0.5133546008480748,0.0008279543742842456,0.00211956319816767,0.00211956319816767,
c1c7d5f1be,180,166,16600,166.0,-0.5133554100445595,0.001199612743150032,0.0015355043112320404,0.0015355043112320404,
c1c7d5f1be,180,167,16700,167.0,-0.5133560683034558,0.0009361917980720026,0.002396651003064327,0.002396651003064327,
c1c7d5f1be,180,168,16800,168.0,-0.5133569840399193,0.0012948185804939364,0.001657367783032237,0.001657367783032237,
c1c7d5f1be,180,169,16900,169.0,-0.5133574676869661,0.001070052716056642,0.0027393349531050033,0.0027393349531050033,
c1c7d5f1be,180,170,17000,170.0,-0.5133585337225297,0.001418185205658219,0.001815277063242521,0.001815277063242521,
c1c7d5f1be,180,171,17100,171.0,-0.5133587731486395,0.0012339777012922897,0.0031589829153082613,0.0031589829153082613,
c1c7d5f1be,180,172,17200,172.0,-0.5133600510075236,0.0007878204778469127,0.0020168204232880967,0.0020168204232880967,
c1c7d5f1be,180,173,17300,173.0,-0.5133608197798427,0.0011631740659405264,0.0014888628044038726,0.0014888628044038726,
c1c7d5f1be,180,174,17400,174.0,-0.5133615245115112,0.0008868919086376377,0.0022704432861123526,0.0022704432861123526,
c1c7d5f1be,180,175,17500,175.0,-0.5133623856980669,0.0012486924327109897,0.001598326313870067,0.001598326313870067,
c1c7d5f1be,180,176,17600,176.0,-0.5133629382074165,0.0010100056698910153,0.002585614514920998,0.002585614514920998,
c1c7d5f1be,180,177,17700,177.0,-0.5133639299237822,0.0013602275672797619,0.001741091286118095,0.001741091286118095,
c1c7d5f1be,180,178,17800,178.0,-0.5133642695297727,0.001161370726491972,0.0029731090598194487,0.0029731090598194487,
c1c7d5f1be,180,179,17900,179.0,-0.5133654453978952,,0.0019244422573932122,0.0019244422573932122,
209fb9eb71,180,0,0,0.0,-0.513108296444765,0.07643065367259352,0.0015286130734518705,0.0015286130734518705,"ProjectedCommonDirectionsConfig(subspace_frac_grads=0.1, subspace_frac_updates=0.1, subspace_frac_random=0.1, direction_str=sd, random_proj=True, random_proj_dim_frac=1, inner_use_full_grad=True, orth_P_k=True, beta=0.001, tau=0.5, c_const=inf, N_try=200, alpha_max=100, p_const=1)"
209fb9eb71,180,1,100,1.0,-0.5131609440948979,0.008754317090288701,0.011205525875569528,0.011205525875569528,
209fb9eb71,180,2,200,2.0,-0.5131822479553914,0.0042410065344902345,0.010856976728294995,0.010856976728294995,
209fb9eb71,180,3,300,3.0,-0.5132018926865459,0.0032201256080647673,0.004121760778322903,0.004121760778322903,
209fb9eb71,180,4,400,4.0,-0.5132034132619842,0.0023888170277418332,0.006115371591019094,0.006115371591019094,
209fb9eb71,180,5,500,5.0,-0.5132087239578106,0.002475270288708055,0.003168345969546311,0.003168345969546311,
209fb9eb71,180,6,600,6.0,-0.5132091504499465,0.002015517677431484,0.0051597252542246,0.0051597252542246,
209fb9eb71,180,7,700,7.0,-0.5132127273118491,0.0022306208274736087,0.0028551946591662183,0.0028551946591662183,
209fb9eb71,180,8,800,8.0,-0.5132127667866371,0.0018972295149318166,0.004856907558225452,0.004856907558225452,
209fb9eb71,180,9,900,9.0,-0.5132158029692616,0.001076051384940572,0.002754691545447864,0.002754691545447864,
209fb9eb71,180,10,1000,10.0,-0.513217222612928,0.0014859185233103143,0.0019019757098372024,0.0019019757098372024,
209fb9eb71,180,11,1100,11.0,-0.5132184373014754,0.0010795939014539764,0.0027637603877221795,0.0027637603877221795,
209fb9eb71,180,12,1200,12.0,-0.5132197905189373,0.001473303625326566,0.0018858286404180046,0.0018858286404180046,
209fb9eb71,180,13,1300,13.0,-0.5132208157230992,0.001111691080677002,0.0028459291665331268,0.0028459291665331268,
209fb9eb71,180,14,1400,14.0,-0.5132221673342141,0.0014912359102302155,0.001908781965094677,0.001908781965094677,
209fb9eb71,180,15,1500,15.0,-0.513223021487795,0.0011669194597310033,0.002987313816911368,0.002987313816911368,
209fb9eb71,180,16,1600,16.0,-0.5132244186668671,0.0015337002630028975,0.0019631363366437093,0.0019631363366437093,
209fb9eb71,180,17,1700,17.0,-0.5132250936537861,0.0012436524337525257,0.0031837502304064656,0.0031837502304064656,
209fb9eb71,180,18,1800,18.0,-0.513226579313733,0.0015990327505431413,0.0020467619206952204,0.0020467619206952204,
209fb9eb71,180,19,1900,19.0,-0.5132270481162216,0.0013422292157232467,0.003436106792251512,0.003436106792251512,
209fb9eb71,180,20,2000,20.0,-0.51322866808691,0.0016878778137447775,0.0021604836015933155,0.0021604836015933155,
209fb9eb71,180,21,2100,21.0,-0.5132288860265167,0.0014642063367126868,0.00374836822198448,0.00374836822198448,
209fb9eb71,180,22,2200,22.0,-0.5132306943308665,0.0009011559465180698,0.0023069592230862586,0.0023069592230862586,
209fb9eb71,180,23,2300,23.0,-0.5132317094535479,0.0013078728689390334,0.001674077272241963,0.001674077272241963,
209fb9eb71,180,24,2400,24.0,-0.5132326609133717,0.0009727229037345127,0.002490170633560353,0.002490170633560353,
209fb9eb71,180,25,2500,25.0,-0.5132337466629339,0.0013647325068584914,0.0017468576087788686,0.0017468576087788686,
209fb9eb71,180,26,2600,26.0,-0.5132345654875922,0.0010606270986714484,0.0027152053725989075,0.0027152053725989075,
209fb9eb71,180,27,2700,27.0,-0.5132357489200294,0.0014386954023618882,0.0018415301150232178,0.0018415301150232178,
209fb9eb71,180,28,2800,28.0,-0.5132364007556696,0.00116726574916341,0.0029882003178583285,0.0029882003178583285,
209fb9eb71,180,29,2900,29.0,-0.5132377167183076,0.001532800984935319,0.001961985260717209,0.001961985260717209,
209fb9eb71,180,30,3000,30.0,-0.5132381540243278,0.0012954655916865673,0.0033163919147176147,0.0033163919147176147,
209fb9eb71,180,31,3100,31.0,-0.5132396481881064,0.0016506513025529492,0.002112833667267774,0.002112833667267774,
209fb9eb71,180,32,3200,32.0,-0.5132398061313335,0.001448533896834704,0.003708246775896841,0.003708246775896841,
209fb9eb71,180,33,3300,33.0,-0.5132415389847405,0.0008982033045374656,0.0022994004596159114,0.0022994004596159114,
209fb9eb71,180,34,3400,34.0,-0.513242519327156,0.0012991220156452676,0.0016628761800259414,0.0016628761800259414,
209fb9eb71,180,35,3500,35.0,-0.5132433818941563,0.0009874073407826003,0.0025277627924034565,0.0025277627924034565,
209fb9eb71,180,36,3600,36.0,-0.5132444560242274,0.0013737778591211577,0.001758435659675082,0.001758435659675082,
209fb9eb71,180,37,3700,37.0,-0.5132451661397849,0.0010956398642622408,0.002804838052511336,0.002804838052511336,
209fb9eb71,180,38,3800,38.0,-0.5132463671791423,0.0014686573722956882,0.0018798814365384804,0.0018798814365384804,
209fb9eb71,180,39,3900,39.0,-0.5132468763327275,0.001225987432505493,0.0031385278272140615,0.0031385278272140615,
209fb9eb71,180,40,4000,40.0,-0.5132482487303328,0.0015877985890798588,0.00203238219402222,0.00203238219402222,
209fb9eb71,180,41,4100,41.0,-0.513248490965321,0.0013819993586980269,0.0035379183582669497,0.0035379183582669497,
209fb9eb71,180,42,4200,42.0,-0.5132500946068541,0.0008678818505761399,0.0022217775374749173,0.0022217775374749173,
209fb9eb71,180,43,4300,43.0,-0.5132510301499198,0.0012709973528060403,0.0016268766115917314,0.0016268766115917314,
209fb9eb71,180,44,4400,44.0,-0.5132518961077688,0.0009588408972429032,0.0024546326969418315,0.0024546326969418315,
209fb9eb71,180,45,4500,45.0,-0.5132529247388521,0.0013472393375010348,0.0017244663520013244,0.0017244663520013244,
209fb9eb71,180,46,4600,46.0,-0.5132536410200331,0.0010696664437267985,0.0027383460959406044,0.0027383460959406044,
209fb9eb71,180,47,4700,47.0,-0.5132547963812185,0.001444538589838455,0.0018490093949932243,0.0018490093949932243,
209fb9eb71,180,48,4800,48.0,-0.5132553123844146,0.001203640108072554,0.0030813186766657373,0.0030813186766657373,
209fb9eb71,180,49,4900,49.0,-0.5132566401315887,0.0015672495122347968,0.0020060793756605396,0.0020060793756605396,
209fb9eb71,180,50,5000,50.0,-0.5132568867818044,0.0013645255271174286,0.0034931853494206172,0.0034931853494206172,
209fb9eb71,180,51,5100,51.0,-0.5132584490093661,0.0008601302439419467,0.002201933424491383,0.002201933424491383,
209fb9eb71,180,52,5200,52.0,-0.5132593667222133,0.0012617405359175208,0.0016150278859744266,0.0016150278859744266,
209fb9eb71,180,53,5300,53.0,-0.5132602132747341,0.0009545202876044811,0.0024435719362674714,0.0024435719362674714,
209fb9eb71,180,54,5400,54.0,-0.513261227066772,0.0013414455281446028,0.0017170502760250907,0.0017170502760250907,
209fb9eb71,180,55,5500,55.0,-0.5132619194222441,0.0010698675001660767,0.0027388608004251546,0.0027388608004251546,
209fb9eb71,180,56,5600,56.0,-0.5132630648249507,0.001443464584854649,0.0018476346686139514,0.0018476346686139514,
209fb9eb71,180,57,5700,57.0,-0.51326354878584,0.0012096579935167821,0.0030967244634029618,0.0030967244634029618,
209fb9eb71,180,58,5800,58.0,-0.5132648743714285,0.0015724525127910982,0.0020127392163726055,0.0020127392163726055,
209fb9eb71,180,59,5900,59.0,-0.5132650756077096,0.001377893503289914,0.0035274073684221805,0.0035274073684221805,
209fb9eb71,180,60,6000,60.0,-0.5132666478711942,0.0008668078797362141,0.002219028172124708,0.002219028172124708,
209fb9eb71,180,61,6100,61.0,-0.5132675637303913,0.0012645979058629581,0.0016186853195045861,0.0016186853195045861,
209fb9eb71,180,62,6200,62.0,-0.5132683744549417,0.0009663838005764437,0.0024739425294756966,0.0024739425294756966,
209fb9eb71,180,63,6300,63.0,-0.513269392748934,0.0013496911747521258,0.0017276047036827206,0.0017276047036827206,
209fb9eb71,180,64,6400,64.0,-0.5132700390755351,0.0010882201584609809,0.0027858436056601103,0.0027858436056601103,
209fb9eb71,180,65,6500,65.0,-0.5132711984038325,0.001458708799865613,0.001867147263827985,0.001867147263827985,
209fb9eb71,180,66,6600,66.0,-0.5132716209227401,0.0012360293377133296,0.003164235104546123,0.003164235104546123,
209fb9eb71,180,67,6700,67.0,-0.5132729743345105,0.0015966103084406554,0.002043661194804039,0.002043661194804039,
209fb9eb71,180,68,6800,68.0,-0.5132730912255311,0.0014140849359899523,0.0036200574361342813,0.0036200574361342813,
209fb9eb71,180,69,6900,69.0,-0.5132747117061625,0.0008844640669115626,0.0022642280112936002,0.0022642280112936002,
209fb9eb71,180,70,7000,70.0,-0.5132756376449016,0.0012769021846874636,0.0016344347963999529,0.0016344347963999529,
209fb9eb71,180,71,7100,71.0,-0.5132763982653599,0.0009909191622195523,0.0025367530552820533,0.0025367530552820533,
209fb9eb71,180,72,7200,72.0,-0.5132774362686267,0.0013692796814028603,0.0017526779921956614,0.0017526779921956614,
209fb9eb71,180,73,7300,73.0,-0.5132780170287613,0.0011211479262277315,0.0028701386911429917,0.0028701386911429917,
209fb9eb71,180,74,7400,74.0,-0.513279209952736,0.0014875210710614205,0.0019040269709586178,0.0019040269709586178,
209fb9eb71,180,75,7500,75.0,-0.5132795444619815,0.0012791175528420915,0.003274540935275754,0.003274540935275754,
209fb9eb71,180,76,7600,76.0,-0.5132809514517186,0.0008184505311283601,0.002095233359688603,0.002095233359688603,
209fb9eb71,180,77,7700,77.0,-0.5132818079986078,0.0012192536970168162,0.0015606447321815243,0.0015606447321815243,
209fb9eb71,180,78,7800,78.0,-0.513282650697504,0.0009116471160596658,0.0023338166171127444,0.0023338166171127444,
209fb9eb71,180,79,7900,79.0,-0.5132835974013932,0.0012977263783223282,0.0016610897642525795,0.0016610897642525795,
209fb9eb71,180,80,8000,80.0,-0.5132842937072147,0.0010266344125005656,0.0026281840960014494,0.0026281840960014494,
209fb9eb71,180,81,8100,81.0,-0.5132853655600643,0.001399298631059879,0.0017911022477566448,0.0017911022477566448,
209fb9eb71,180,82,8200,82.0,-0.5132858610637155,0.001167125530405195,0.0029878413578372995,0.0029878413578372995,
209fb9eb71,180,83,8300,83.0,-0.5132871064851364,0.0015289916540824258,0.0019571093172255053,0.0019571093172255053,
209fb9eb71,180,84,8400,84.0,-0.5132873258011492,0.0013373779325934897,0.003423687507439333,0.003423687507439333,
209fb9eb71,180,85,8500,85.0,-0.5132888118387543,0.0008462047743051503,0.002166284222221185,0.002166284222221185,
209fb9eb71,180,86,8600,86.0,-0.5132896880544265,0.0012396225608588098,0.0015867168778992758,0.0015867168778992758,
209fb9eb71,180,87,8700,87.0,-0.5132904700191645,0.0009478966315138819,0.0024266153766755376,0.0024266153766755376,
209fb9eb71,180,88,8800,88.0,-0.5132914483532286,0.0013270227224877309,0.0016985890847842956,0.0016985890847842956,
209fb9eb71,180,89,8900,89.0,-0.5132920648852057,0.0010730722935506606,0.0027470650714896913,0.0027470650714896913,
209fb9eb71,180,90,9000,90.0,-0.5132931853253448,0.0014397647264632219,0.001842898849872924,0.001842898849872924,
209fb9eb71,180,91,9100,91.0,-0.5132935739785793,0.001225711910038883,0.0031378224896995398,0.0031378224896995398,
209fb9eb71,180,92,9200,92.0,-0.5132948920176689,0.0015831955249938929,0.002026490271992183,0.002026490271992183,
209fb9eb71,180,93,9300,93.0,-0.5132949660453606,0.0014104062148596257,0.0036106399100406415,0.0036106399100406415,
209fb9eb71,180,94,9400,94.0,-0.5132965587384581,0.0008816339125535626,0.00225698281613712,0.00225698281613712,
209fb9eb71,180,95,9500,95.0,-0.5132974633649421,0.00126715018458251,0.001621952236265612,0.001621952236265612,
209fb9eb71,180,96,9600,96.0,-0.5132981719806956,0.0009933116565336094,0.002542877840726039,0.002542877840726039,
209fb9eb71,180,97,9700,97.0,-0.5132991939202365,0.001365260945998577,0.0017475340108781786,0.0017475340108781786,
209fb9eb71,180,98,9800,98.0,-0.5132997129195076,0.0011303762731497986,0.002893763259263483,0.002893763259263483,
209fb9eb71,180,99,9900,99.0,-0.5133008984389749,0.0014912512350495882,0.0019088015808634716,0.0019088015808634716,
209fb9eb71,180,100,10000,100.0,-0.5133011553144381,0.0012971141870215769,0.0033206123187752372,0.0033206123187752372,
209fb9eb71,180,101,10100,101.0,-0.5133025687761567,0.0008254040487816115,0.0021130343648809247,0.0021130343648809247,
209fb9eb71,180,102,10200,102.0,-0.5133034142806533,0.001217064384974943,0.0015578424127679275,0.0015578424127679275,
209fb9eb71,180,103,10300,103.0,-0.5133041935626206,0.0009251299797393618,0.002368332748132767,0.002368332748132767,
209fb9eb71,180,104,10400,104.0,-0.513305136602936,0.0013025223837433988,0.00166722865119155,0.00166722865119155,
209fb9eb71,180,105,10500,105.0,-0.5133057569289347,0.0010483482383505686,0.0026837714901774548,0.0026837714901774548,
209fb9eb71,180,106,10600,106.0,-0.51330683632839,0.0014132605023377083,0.0018089734429922641,0.0018089734429922641,
209fb9eb71,180,107,10700,107.0,-0.5133072367216713,0.0011990839450115337,0.0030696548992295257,0.0030696548992295257,
209fb9eb71,180,108,10800,108.0,-0.5133085065752095,0.0015547103494296716,0.00199002924726998,0.00199002924726998,
209fb9eb71,180,109,10900,109.0,-0.5133086020094172,0.0013819772959999985,0.0035378618777599977,0.0035378618777599977,
209fb9eb71,180,110,11000,110.0,-0.5133101377236974,0.000866459411779042,0.002218136094154348,0.002218136094154348,
209fb9eb71,180,111,11100,111.0,-0.5133110166538882,0.0012492928609157223,0.0015990948619721247,0.0015990948619721247,
209fb9eb71,180,112,11200,112.0,-0.5133117163277818,0.0009773143064364012,0.0025019246244771874,0.0025019246244771874,
209fb9eb71,180,113,11300,113.0,-0.5133127096126792,0.0013466715446532294,0.0017237395771561332,0.0017237395771561332,
209fb9eb71,180,114,11400,114.0,-0.5133132235919369,0.0011137199932921117,0.002851123182827805,0.002851123182827805,
209fb9eb71,180,115,11500,115.0,-0.5133143769475441,0.0014721068815629927,0.001884296808400631,0.001884296808400631,
209fb9eb71,180,116,11600,116.0,-0.5133146332392967,0.0012800253534495118,0.0032768649048307494,0.0032768649048307494,
209fb9eb71,180,117,11700,117.0,-0.513316010480978,0.0008156917791364074,0.0020881709545892036,0.0020881709545892036,
209fb9eb71,180,118,11800,118.0,-0.5133168366443951,0.001203821665713238,0.0015408917321129449,0.0015408917321129449,
209fb9eb71,180,119,11900,119.0,-0.5133175987682883,0.0009154688426761306,0.0023436002372508938,0.0023436002372508938,
209fb9eb71,180,120,12000,120.0,-0.513318521339118,0.001289485922264317,0.0016505419804983266,0.0016505419804983266,
209fb9eb71,180,121,12100,121.0,-0.5133191257920979,0.001038989780090782,0.0026598138370324017,0.0026598138370324017,
209fb9eb71,180,122,12200,122.0,-0.5133201835949883,0.0014007373469067093,0.0017929438040405886,0.0017929438040405886,
209fb9eb71,180,123,12300,123.0,-0.5133205691332318,0.0011903499683489746,0.0030472959189733737,0.0030472959189733737,
209fb9eb71,180,124,12400,124.0,-0.5133218164312647,0.0015431081487025328,0.0019751784303392405,0.0019751784303392405,
209fb9eb71,180,125,12500,125.0,-0.513321897407424,0.0013742746917820854,0.0035181432109621384,0.0035181432109621384,
209fb9eb71,180,126,12600,126.0,-0.5133234100667806,0.0008613781738564865,0.0022051281250726066,0.0022051281250726066,
209fb9eb71,180,127,12700,127.0,-0.5133242739427557,0.001240115276802303,0.0015873475543069478,0.0015873475543069478,
209fb9eb71,180,128,12800,128.0,-0.5133249507970589,0.0009732752055074348,0.0024915845260990326,0.0024915845260990326,
209fb9eb71,180,129,12900,129.0,-0.5133259294437901,0.0013387927499984905,0.0017136547199980672,0.0017136547199980672,
209fb9eb71,180,130,13000,130.0,-0.5133264194196934,0.0011111194914251536,0.0028444658980483943,0.0028444658980483943,
209fb9eb71,180,131,13100,131.0,-0.5133275591751575,0.001466045905841426,0.0018765387594770245,0.0018765387594770245,
209fb9eb71,180,132,13200,132.0,-0.5133277890257404,0.001279350640140487,0.0032751376387596485,0.0032751376387596485,
209fb9eb71,180,133,13300,133.0,-0.5133291547464089,0.0008138865632661583,0.0020835496019613645,0.0020835496019613645,
209fb9eb71,180,134,13400,134.0,-0.5133299694216166,0.0011972814703985052,0.001532520282110087,0.001532520282110087,
209fb9eb71,180,135,13500,135.0,-0.5133307043895237,0.0009152691251418371,0.0023430889603631043,0.0023430889603631043,
209fb9eb71,180,136,13600,136.0,-0.5133316168653757,0.0012848063902660628,0.0016445521795405609,0.0016445521795405609,
209fb9eb71,180,137,13700,137.0,-0.5133321915991738,0.0010408512439870738,0.0026645791846069103,0.0026645791846069103,
209fb9eb71,180,138,13800,138.0,-0.5133332415987503,0.001398529320870139,0.0017901175307137795,0.0017901175307137795,
209fb9eb71,180,139,13900,139.0,-0.513333593224003,0.001194821195065242,0.00305874225936702,0.00305874225936702,
209fb9eb71,180,140,14000,140.0,-0.5133348364000384,0.0015440994307826604,0.001976447271401804,0.001976447271401804,
209fb9eb71,180,141,14100,141.0,-0.5133348767867276,0.0013820208787085153,0.0035379734494937983,0.0035379734494937983,
209fb9eb71,180,142,14200,142.0,-0.5133363911307851,0.000863901654427195,0.0022115882353336194,0.0022115882353336194,
209fb9eb71,180,143,14300,143.0,-0.5133372478256414,0.0012375759045124494,0.001584097157775934,0.001584097157775934,
209fb9eb71,180,144,14400,144.0,-0.5133378915582796,0.000978329848979958,0.0025045244133886937,0.0025045244133886937,
209fb9eb71,180,145,14500,145.0,-0.5133388660652236,0.0013391839136274028,0.0017141554094430736,0.0017141554094430736,
209fb9eb71,180,146,14600,146.0,-0.5133393177014474,0.001119301190101788,0.0028654110466605786,0.0028654110466605786,
209fb9eb71,180,147,14700,147.0,-0.5133404579384137,0.0014701736915976066,0.0018818223252449362,0.0018818223252449362,
209fb9eb71,180,148,14800,148.0,-0.5133406415067664,0.0012913722393335077,0.0033059129326937814,0.0033059129326937814,
209fb9eb71,180,149,14900,149.0,-0.5133420146844357,0.0008182867178760898,0.0020948139977627913,0.0020948139977627913,
209fb9eb71,180,150,15000,150.0,-0.5133428239881259,0.0011961064030763472,0.0015310161959377242,0.0015310161959377242,
209fb9eb71,180,151,15100,151.0,-0.5133435239942211,0.0009225476365991848,0.0023617219496939127,0.0023617219496939127,
209fb9eb71,180,152,15200,152.0,-0.5133444345479004,0.001286865320595934,0.001647187610362796,0.001647187610362796,
209fb9eb71,180,153,15300,153.0,-0.5133449685732988,0.001051640834409949,0.00269220053608947,0.00269220053608947,
209fb9eb71,180,154,15400,154.0,-0.5133460217633502,0.001404691084518526,0.001798004588183713,0.001798004588183713,
209fb9eb71,180,155,15500,155.0,-0.5133463241212777,0.0012098694986348555,0.0030972659165052294,0.0030972659165052294,
209fb9eb71,180,156,15600,156.0,-0.5133475780433682,0.0007776826371261979,0.0019908675510430665,0.0019908675510430665,
209fb9eb71,180,157,15700,157.0,-0.5133483467867362,0.001159568193955188,0.0014842472882626407,0.0014842472882626407,
209fb9eb71,180,158,15800,158.0,-0.5133490927138766,0.000872660444319364,0.002234010737457571,0.002234010737457571,
209fb9eb71,180,159,15900,159.0,-0.5133499487244193,0.0012406125573537602,0.001587984073412812,0.001587984073412812,
209fb9eb71,180,160,16000,160.0,-0.513350550766333,0.00099087620158447,0.0025366430760562445,0.0025366430760562445,
209fb9eb71,180,161,16100,161.0,-0.5133515298908253,0.0013465512071587885,0.0017235855451632482,0.0017235855451632482,
209fb9eb71,180,162,16200,162.0,-0.5133519310970885,0.0011364080216291594,0.002909204535370648,0.002909204535370648,
209fb9eb71,180,163,16300,163.0,-0.513353083691757,0.001482925309977459,0.0018981443967711485,0.0018981443967711485,
209fb9eb71,180,164,16400,164.0,-0.5133532040300987,0.0013139552747793444,0.0033637255034351223,0.0033637255034351223,
209fb9eb71,180,165,16500,165.0,-0.5133546008480748,0.000827954374283979,0.002119563198166987,0.002119563198166987,
209fb9eb71,180,166,16600,166.0,-0.5133554100445595,0.001199612743149818,0.0015355043112317674,0.0015355043112317674,
209fb9eb71,180,167,16700,167.0,-0.5133560683034558,0.0009361917980716788,0.002396651003063499,0.002396651003063499,
209fb9eb71,180,168,16800,168.0,-0.5133569840399193,0.0012948185804936478,0.0016573677830318682,0.0016573677830318682,
209fb9eb71,180,169,16900,169.0,-0.5133574676869661,0.0010700527160562457,0.002739334953103988,0.002739334953103988,
209fb9eb71,180,170,17000,170.0,-0.5133585337225297,0.0014181852056578581,0.0018152770632420586,0.0018152770632420586,
209fb9eb71,180,171,17100,171.0,-0.5133587731486395,0.0012339777012918243,0.00315898291530707,0.00315898291530707,
209fb9eb71,180,172,17200,172.0,-0.5133600510075236,0.0007878204778466876,0.002016820423287519,0.002016820423287519,
209fb9eb71,180,173,17300,173.0,-0.5133608197798427,0.0011631740659403058,0.0014888628044035907,0.0014888628044035907,
209fb9eb71,180,174,17400,174.0,-0.5133615245115112,0.000886891908637297,0.002270443286111479,0.002270443286111479,
209fb9eb71,180,175,17500,175.0,-0.5133623856980669,0.0012486924327106464,0.0015983263138696282,0.0015983263138696282,
209fb9eb71,180,176,17600,176.0,-0.5133629382074165,0.0010100056698905372,0.0025856145149197748,0.0025856145149197748,
209fb9eb71,180,177,17700,177.0,-0.5133639299237822,0.0013602275672793321,0.0017410912861175445,0.0017410912861175445,
209fb9eb71,180,178,17800,178.0,-0.5133642695297727,0.0011613707264914088,0.0029731090598180054,0.0029731090598180054,
209fb9eb71,180,179,17900,179.0,-0.5133654453978952,,0.001924442257392533,0.001924442257392533,
6391040b31,180,0,0,0.0,-0.513108296444765,0.07643065367259352,0.0015286130734518705,0.0015286130734518705,"ProjectedCommonDirectionsConfig(subspace_frac_grads=0.1, subspace_frac_updates=0.1, subspace_frac_random=0.1, direction_str=sd, random_proj=True, random_proj_dim_frac=1, inner_use_full_grad=True, orth_P_k=True, beta=0.001, tau=0.5, c_const=inf, N_try=200, alpha_max=100, p_const=1)"
6391040b31,180,1,100,1.0,-0.5131609440948979,0.008754317090288706,0.01120552587556954,0.01120552587556954,
6391040b31,180,2,200,2.0,-0.5131822479553914,0.0042410065344902275,0.01085697672829498,0.01085697672829498,
6391040b31,180,3,300,3.0,-0.5132018926865459,0.0032201256080647655,0.004121760778322899,0.004121760778322899,
6391040b31,180,4,400,4.0,-0.5132034132619842,0.002388817027741835,0.006115371591019096,0.006115371591019096,
6391040b31,180,5,500,5.0,-0.5132087239578106,0.0024752702887080734,0.0031683459695463333,0.0031683459695463333,
6391040b31,180,6,600,6.0,-0.5132091504499465,0.002015517677431511,0.0051597252542246695,0.0051597252542246695,
6391040b31,180,7,700,7.0,-0.5132127273118491,0.002230620827473629,0.002855194659166246,0.002855194659166246,
6391040b31,180,8,800,8.0,-0.5132127667866371,0.0018972295149318403,0.004856907558225512,0.004856907558225512,
6391040b31,180,9,900,9.0,-0.5132158029692616,0.001076051384940585,0.0027546915454478974,0.0027546915454478974,
6391040b31,180,10,1000,10.0,-0.513217222612928,0.0014859185233103273,0.0019019757098372191,0.0019019757098372191,
6391040b31,180,11,1100,11.0,-0.5132184373014754,0.0010795939014539944,0.0027637603877222255,0.0027637603877222255,
6391040b31,180,12,1200,12.0,-0.5132197905189373,0.0014733036253265878,0.0018858286404180326,0.0018858286404180326,
6391040b31,180,13,1300,13.0,-0.5132208157230992,0.001111691080677015,0.0028459291665331584,0.0028459291665331584,
6391040b31,180,14,1400,14.0,-0.5132221673342141,0.0014912359102302265,0.00190878196509469,0.00190878196509469,
6391040b31,180,15,1500,15.0,-0.513223021487795,0.0011669194597310093,0.002987313816911384,0.002987313816911384,
6391040b31,180,16,1600,16.0,-0.5132244186668671,0.0015337002630028556,0.001963136336643655,0.001963136336643655,
6391040b31,180,17,1700,17.0,-0.5132250936537861,0.0012436524337525233,0.003183750230406461,0.003183750230406461,
6391040b31,180,18,1800,18.0,-0.513226579313733,0.001599032750543142,0.002046761920695221,0.002046761920695221,
6391040b31,180,19,1900,19.0,-0.5132270481162216,0.001342229215723254,0.0034361067922515282,0.0034361067922515282,
6391040b31,180,20,2000,20.0,-0.51322866808691,0.0016878778137447246,0.002160483601593248,0.002160483601593248,
6391040b31,180,21,2100,21.0,-0.5132288860265167,0.0014642063367126157,0.0037483682219842966,0.0037483682219842966,
6391040b31,180,22,2200,22.0,-0.5132306943308665,0.000901155946518011,0.0023069592230861085,0.0023069592230861085,
6391040b31,180,23,2300,23.0,-0.5132317094535479,0.0013078728689389775,0.0016740772722418898,0.0016740772722418898,
6391040b31,180,24,2400,24.0,-0.5132326609133717,0.0009727229037344143,0.0024901706335601,0.0024901706335601,
6391040b31,180,25,2500,25.0,-0.5132337466629339,0.0013647325068584255,0.001746857608778785,0.001746857608778785,
6391040b31,180,26,2600,26.0,-0.5132345654875922,0.001060627098671334,0.0027152053725986148,0.0027152053725986148,
6391040b31,180,27,2700,27.0,-0.5132357489200294,0.0014386954023617934,0.0018415301150230955,0.0018415301150230955,
6391040b31,180,28,2800,28.0,-0.5132364007556696,0.0011672657491632618,0.0029882003178579503,0.0029882003178579503,
6391040b31,180,29,2900,29.0,-0.5132377167183076,0.001532800984935172,0.0019619852607170194,0.0019619852607170194,
6391040b31,180,30,3000,30.0,-0.5132381540243278,0.0012954655916863585,0.0033163919147170765,0.0033163919147170765,
6391040b31,180,31,3100,31.0,-0.5132396481881064,0.0016506513025527074,0.002112833667267466,0.002112833667267466,
6391040b31,180,32,3200,32.0,-0.5132398061313335,0.0014485338968344148,0.003708246775896101,0.003708246775896101,
6391040b31,180,33,3300,33.0,-0.5132415389847405,0.0008982033045373577,0.002299400459615635,0.002299400459615635,
6391040b31,180,34,3400,34.0,-0.513242519327156,0.0012991220156450942,0.0016628761800257198,0.0016628761800257198,
6391040b31,180,35,3500,35.0,-0.5132433818941563,0.0009874073407823095,0.0025277627924027127,0.0025277627924027127,
6391040b31,180,36,3600,36.0,-0.5132444560242274,0.0013737778591208412,0.0017584356596746762,0.0017584356596746762,
6391040b31,180,37,3700,37.0,-0.5132451661397848,0.0010956398642617427,0.0028048380525100623,0.0028048380525100623,
6391040b31,180,38,3800,38.0,-0.5132463671791423,0.0014686573722952148,0.0018798814365378752,0.0018798814365378752,
6391040b31,180,39,3900,39.0,-0.5132468763327275,0.001225987432504879,0.0031385278272124894,0.0031385278272124894,
6391040b31,180,40,4000,40.0,-0.5132482487303328,0.0015877985890792837,0.002032382194021482,0.002032382194021482,
6391040b31,180,41,4100,41.0,-0.513248490965321,0.0013819993586973002,0.0035379183582650887,0.0035379183582650887,
6391040b31,180,42,4200,42.0,-0.5132500946068541,0.0008678818505757694,0.00222177753747397,0.00222177753747397,
6391040b31,180,43,4300,43.0,-0.5132510301499198,0.001270997352805708,0.0016268766115913051,0.0016268766115913051,
6391040b31,180,44,4400,44.0,-0.5132518961077688,0.0009588408972423945,0.00245463269694053,0.00245463269694053,
6391040b31,180,45,4500,45.0,-0.5132529247388521,0.0013472393375005966,0.0017244663520007636,0.0017244663520007636,
6391040b31,180,46,4600,46.0,-0.5132536410200331,0.0010696664437261656,0.002738346095938984,0.002738346095938984,
6391040b31,180,47,4700,47.0,-0.5132547963812185,0.001444538589837958,0.001849009394992587,0.001849009394992587,
6391040b31,180,48,4800,48.0,-0.5132553123844146,0.0012036401080718552,0.003081318676663951,0.003081318676663951,
6391040b31,180,49,4900,49.0,-0.5132566401315887,0.0015672495122341604,0.0020060793756597247,0.0020060793756597247,
6391040b31,180,50,5000,50.0,-0.5132568867818044,0.0013645255271165786,0.003493185349418442,0.003493185349418442,
6391040b31,180,51,5100,51.0,-0.5132584490093661,0.0008601302439415606,0.0022019334244903956,0.0022019334244903956,
6391040b31,180,52,5200,52.0,-0.5132593667222133,0.0012617405359171983,0.0016150278859740144,0.0016150278859740144,
6391040b31,180,53,5300,53.0,-0.5132602132747341,0.0009545202876040257,0.002443571936266307,0.002443571936266307,
6391040b31,180,54,5400,54.0,-0.513261227066772,0.0013414455281442399,0.001717050276024627,0.001717050276024627,
6391040b31,180,55,5500,55.0,-0.5132619194222441,0.0010698675001655968,0.002738860800423927,0.002738860800423927,
6391040b31,180,56,5600,56.0,-0.5132630648249507,0.001443464584854289,0.00184763466861349,0.00184763466861349,
6391040b31,180,57,5700,57.0,-0.51326354878584,0.0012096579935163608,0.0030967244634018845,0.0030967244634018845,
6391040b31,180,58,5800,58.0,-0.5132648743714285,0.0015724525127907495,0.0020127392163721593,0.0020127392163721593,
6391040b31,180,59,5900,59.0,-0.5132650756077096,0.0013778935032894835,0.003527407368421078,0.003527407368421078,
6391040b31,180,60,6000,60.0,-0.5132666478711942,0.0008668078797360186,0.002219028172124208,0.002219028172124208,
6391040b31,180,61,6100,61.0,-0.5132675637303913,0.0012645979058627593,0.001618685319504332,0.001618685319504332,
6391040b31,180,62,6200,62.0,-0.5132683744549417,0.0009663838005761047,0.002473942529474827,0.002473942529474827,
6391040b31,180,63,6300,63.0,-0.513269392748934,0.0013496911747518205,0.0017276047036823292,0.0017276047036823292,
6391040b31,180,64,6400,64.0,-0.5132700390755351,0.0010882201584605676,0.002785843605659052,0.002785843605659052,
6391040b31,180,65,6500,65.0,-0.5132711984038325,0.0014587087998652343,0.001867147263827501,0.001867147263827501,
6391040b31,180,66,6600,66.0,-0.5132716209227401,0.001236029337712815,0.003164235104544807,0.003164235104544807,
6391040b31,180,67,6700,67.0,-0.5132729743345105,0.0015966103084400986,0.0020436611948033262,0.0020436611948033262,
6391040b31,180,68,6800,68.0,-0.513273091225531,0.0014140849359892548,0.003620057436132492,0.003620057436132492,
6391040b31,180,69,6900,69.0,-0.5132747117061625,0.0008844640669112169,0.002264228011292716,0.002264228011292716,
6391040b31,180,70,7000,70.0,-0.5132756376449016,0.0012769021846871416,0.0016344347963995417,0.0016344347963995417,
6391040b31,180,71,7100,71.0,-0.5132763982653599,0.0009909191622191366,0.00253675305528099,0.00253675305528099,
6391040b31,180,72,7200,72.0,-0.5132774362686267,0.001369279681402492,0.0017526779921951904,0.0017526779921951904,
6391040b31,180,73,7300,73.0,-0.5132780170287613,0.0011211479262271775,0.002870138691141573,0.002870138691141573,
6391040b31,180,74,7400,74.0,-0.513279209952736,0.0014875210710608416,0.001904026970957876,0.001904026970957876,
6391040b31,180,75,7500,75.0,-0.5132795444619815,0.0012791175528413996,0.0032745409352739827,0.0032745409352739827,
6391040b31,180,76,7600,76.0,-0.5132809514517186,0.0008184505311280391,0.0020952333596877806,0.0020952333596877806,
6391040b31,180,77,7700,77.0,-0.5132818079986078,0.0012192536970165094,0.001560644732181132,0.001560644732181132,
6391040b31,180,78,7800,78.0,-0.513282650697504,0.0009116471160591717,0.0023338166171114802,0.0023338166171114802,
6391040b31,180,79,7900,79.0,-0.5132835974013932,0.0012977263783219412,0.0016610897642520826,0.0016610897642520826,
6391040b31,180,80,8000,80.0,-0.5132842937072147,0.001026634412500012,0.0026281840960000317,0.0026281840960000317,
6391040b31,180,81,8100,81.0,-0.5132853655600643,0.0013992986310593831,0.00179110224775601,0.00179110224775601,
6391040b31,180,82,8200,82.0,-0.5132858610637155,0.0011671255304045555,0.002987841357835661,0.002987841357835661,
6391040b31,180,83,8300,83.0,-0.5132871064851364,0.0015289916540818385,0.0019571093172247537,0.0019571093172247537,
6391040b31,180,84,8400,84.0,-0.5132873258011492,0.001337377932592762,0.0034236875074374717,0.0034236875074374717,
6391040b31,180,85,8500,85.0,-0.5132888118387543,0.0008462047743047699,0.0021662842222202106,0.0021662842222202106,
6391040b31,180,86,8600,86.0,-0.5132896880544265,0.0012396225608584123,0.0015867168778987677,0.0015867168778987677,
6391040b31,180,87,8700,87.0,-0.5132904700191645,0.0009478966315133011,0.0024266153766740505,0.0024266153766740505,
6391040b31,180,88,8800,88.0,-0.5132914483532286,0.0013270227224871588,0.0016985890847835631,0.0016985890847835631,
6391040b31,180,89,8900,89.0,-0.5132920648852057,0.001073072293549927,0.0027470650714878113,0.0027470650714878113,
6391040b31,180,90,9000,90.0,-0.5132931853253448,0.0014397647264626173,0.0018428988498721498,0.0018428988498721498,
6391040b31,180,91,9100,91.0,-0.5132935739785793,0.0012257119100380618,0.003137822489697438,0.003137822489697438,
6391040b31,180,92,9200,92.0,-0.5132948920176689,0.001583195524993176,0.002026490271991264,0.002026490271991264,
6391040b31,180,93,9300,93.0,-0.5132949660453606,0.0014104062148587511,0.003610639910038401,0.003610639910038401,
6391040b31,180,94,9400,94.0,-0.5132965587384581,0.0008816339125531016,0.0022569828161359403,0.0022569828161359403,
6391040b31,180,95,9500,95.0,-0.5132974633649421,0.0012671501845820795,0.001621952236265063,0.001621952236265063,
6391040b31,180,96,9600,96.0,-0.5132981719806956,0.000993311656533019,0.0025428778407245267,0.0025428778407245267,
6391040b31,180,97,9700,97.0,-0.5132991939202365,0.0013652609459980417,0.0017475340108774936,0.0017475340108774936,
6391040b31,180,98,9800,98.0,-0.5132997129195076,0.0011303762731491177,0.0028937632592617407,0.0028937632592617407,
6391040b31,180,99,9900,99.0,-0.5133008984389749,0.0014912512350490053,0.0019088015808627263,0.0019088015808627263,
6391040b31,180,100,10000,100.0,-0.5133011553144381,0.0012971141870208487,0.003320612318773373,0.003320612318773373,
6391040b31,180,101,10100,101.0,-0.5133025687761567,0.0008254040487812788,0.0021130343648800734,0.0021130343648800734,
6391040b31,180,102,10200,102.0,-0.5133034142806533,0.001217064384974716,0.0015578424127676376,0.0015578424127676376,
6391040b31,180,103,10300,103.0,-0.5133041935626206,0.0009251299797390343,0.002368332748131929,0.002368332748131929,
6391040b31,180,104,10400,104.0,-0.513305136602936,0.0013025223837431056,0.001667228651191176,0.001667228651191176,
6391040b31,180,105,10500,105.0,-0.5133057569289347,0.001048348238350151,0.0026837714901763875,0.0026837714901763875,
6391040b31,180,106,10600,106.0,-0.51330683632839,0.0014132605023372872,0.0018089734429917262,0.0018089734429917262,
6391040b31,180,107,10700,107.0,-0.5133072367216713,0.0011990839450109854,0.003069654899228122,0.003069654899228122,
6391040b31,180,108,10800,108.0,-0.5133085065752095,0.0015547103494291828,0.001990029247269355,0.001990029247269355,
6391040b31,180,109,10900,109.0,-0.5133086020094172,0.0013819772959993276,0.0035378618777582795,0.0035378618777582795,
6391040b31,180,110,11000,110.0,-0.5133101377236974,0.0008664594117787713,0.0022181360941536535,0.0022181360941536535,
6391040b31,180,111,11100,111.0,-0.5133110166538882,0.0012492928609154552,0.001599094861971783,0.001599094861971783,
6391040b31,180,112,11200,112.0,-0.5133117163277818,0.0009773143064360158,0.002501924624476201,0.002501924624476201,
6391040b31,180,113,11300,113.0,-0.5133127096126792,0.0013466715446528899,0.0017237395771556986,0.0017237395771556986,
6391040b31,180,114,11400,114.0,-0.5133132235919369,0.0011137199932916588,0.0028511231828266467,0.0028511231828266467,
6391040b31,180,115,11500,115.0,-0.5133143769475441,0.0014721068815625744,0.001884296808400095,0.001884296808400095,
6391040b31,180,116,11600,116.0,-0.5133146332392967,0.0012800253534490083,0.0032768649048294618,0.0032768649048294618,
6391040b31,180,117,11700,117.0,-0.513316010480978,0.0008156917791361958,0.00208817095458866,0.00208817095458866,
6391040b31,180,118,11800,118.0,-0.5133168366443951,0.001203821665713006,0.001540891732112647,0.001540891732112647,
6391040b31,180,119,11900,119.0,-0.5133175987682883,0.0009154688426757605,0.002343600237249948,0.002343600237249948,
6391040b31,180,120,12000,120.0,-0.513318521339118,0.0012894859222638694,0.0016505419804977535,0.0016505419804977535,
6391040b31,180,121,12100,121.0,-0.5133191257920979,0.001038989780090189,0.0026598138370308843,0.0026598138370308843,
6391040b31,180,122,12200,122.0,-0.5133201835949883,0.0014007373469061767,0.0017929438040399052,0.0017929438040399052,
6391040b31,180,123,12300,123.0,-0.5133205691332318,0.0011903499683482992,0.003047295918971645,0.003047295918971645,
6391040b31,180,124,12400,124.0,-0.5133218164312647,0.0015431081487019187,0.001975178430338456,0.001975178430338456,
6391040b31,180,125,12500,125.0,-0.513321897407424,0.001374274691781303,0.0035181432109601353,0.0035181432109601353,
6391040b31,180,126,12600,126.0,-0.5133234100667806,0.000861378173856143,0.002205128125071724,0.002205128125071724,
6391040b31,180,127,12700,127.0,-0.5133242739427557,0.001240115276801992,0.0015873475543065497,0.0015873475543065497,
6391040b31,180,128,12800,128.0,-0.5133249507970589,0.0009732752055070294,0.0024915845260979957,0.0024915845260979957,
6391040b31,180,129,12900,129.0,-0.5133259294437901,0.0013387927499981871,0.0017136547199976808,0.0017136547199976808,
6391040b31,180,130,13000,130.0,-0.5133264194196934,0.0011111194914247785,0.002844465898047434,0.002844465898047434,
6391040b31,180,131,13100,131.0,-0.5133275591751575,0.0014660459058410244,0.0018765387594765121,0.0018765387594765121,
6391040b31,180,132,13200,132.0,-0.5133277890257404,0.0012793506401399418,0.003275137638758251,0.003275137638758251,
6391040b31,180,133,13300,133.0,-0.5133291547464089,0.0008138865632659083,0.0020835496019607253,0.0020835496019607253,
6391040b31,180,134,13400,134.0,-0.5133299694216166,0.0011972814703982905,0.001532520282109812,0.001532520282109812,
6391040b31,180,135,13500,135.0,-0.5133307043895237,0.0009152691251415368,0.0023430889603623327,0.0023430889603623327,
6391040b31,180,136,13600,136.0,-0.5133316168653757,0.0012848063902657762,0.0016445521795401931,0.0016445521795401931,
6391040b31,180,137,13700,137.0,-0.5133321915991738,0.0010408512439867084,0.0026645791846059744,0.0026645791846059744,
6391040b31,180,138,13800,138.0,-0.5133332415987503,0.0013985293208697545,0.0017901175307132864,0.0017901175307132864,
6391040b31,180,139,13900,139.0,-0.5133335932240031,0.0011948211950647204,0.003058742259365686,0.003058742259365686,
6391040b31,180,140,14000,140.0,-0.5133348364000384,0.001544099430782169,0.001976447271401176,0.001976447271401176,
6391040b31,180,141,14100,141.0,-0.5133348767867276,0.0013820208787079327,0.0035379734494923086,0.0035379734494923086,
6391040b31,180,142,14200,142.0,-0.5133363911307851,0.0008639016544269247,0.0022115882353329276,0.0022115882353329276,
6391040b31,180,143,14300,143.0,-0.5133372478256414,0.0012375759045122252,0.0015840971577756463,0.0015840971577756463,
6391040b31,180,144,14400,144.0,-0.5133378915582796,0.0009783298489796381,0.002504524413387874,0.002504524413387874,
6391040b31,180,145,14500,145.0,-0.5133388660652236,0.0013391839136271276,0.001714155409442722,0.001714155409442722,
6391040b31,180,146,14600,146.0,-0.5133393177014474,0.0011193011901014709,0.0028654110466597655,0.0028654110466597655,
6391040b31,180,147,14700,147.0,-0.5133404579384137,0.0014701736915972573,0.001881822325244489,0.001881822325244489,
6391040b31,180,148,14800,148.0,-0.5133406415067664,0.001291372239333043,0.0033059129326925897,0.0033059129326925897,
6391040b31,180,149,14900,149.0,-0.5133420146844357,0.0008182867178758739,0.0020948139977622375,0.0020948139977622375,
6391040b31,180,150,15000,150.0,-0.5133428239881259,0.001196106403076164,0.0015310161959374894,0.0015310161959374894,
6391040b31,180,151,15100,151.0,-0.5133435239942211,0.0009225476365989254,0.0023617219496932483,0.0023617219496932483,
6391040b31,180,152,15200,152.0,-0.5133444345479004,0.0012868653205956673,0.0016471876103624555,0.0016471876103624555,
6391040b31,180,153,15300,153.0,-0.5133449685732988,0.0010516408344096115,0.002692200536088605,0.002692200536088605,
6391040b31,180,154,15400,154.0,-0.5133460217633502,0.0014046910845181694,0.0017980045881832588,0.0017980045881832588,
6391040b31,180,155,15500,155.0,-0.5133463241212777,0.0012098694986344412,0.0030972659165041682,0.0030972659165041682,
6391040b31,180,156,15600,156.0,-0.5133475780433682,0.0007776826371259718,0.0019908675510424876,0.0019908675510424876,
6391040b31,180,157,15700,157.0,-0.5133483467867362,0.0011595681939549425,0.0014842472882623278,0.0014842472882623278,
6391040b31,180,158,15800,158.0,-0.5133490927138766,0.000872660444318972,0.0022340107374565683,0.0022340107374565683,
6391040b31,180,159,15900,159.0,-0.5133499487244193,0.0012406125573532966,0.0015879840734122194,0.0015879840734122194,
6391040b31,180,160,16000,160.0,-0.513350550766333,0.0009908762015837923,0.0025366430760545076,0.0025366430760545076,
6391040b31,180,161,16100,161.0,-0.5133515298908253,0.0013465512071582117,0.0017235855451625118,0.0017235855451625118,
6391040b31,180,162,16200,162.0,-0.5133519310970885,0.0011364080216284562,0.0029092045353688463,0.0029092045353688463,
6391040b31,180,163,16300,163.0,-0.513353083691757,0.001482925309976913,0.0018981443967704488,0.0018981443967704488,
6391040b31,180,164,16400,164.0,-0.5133532040300987,0.0013139552747786735,0.003363725503433405,0.003363725503433405,
6391040b31,180,165,16500,165.0,-0.5133546008480748,0.0008279543742836496,0.002119563198166143,0.002119563198166143,
6391040b31,180,166,16600,166.0,-0.5133554100445595,0.0011996127431495483,0.0015355043112314217,0.0015355043112314217,
6391040b31,180,167,16700,167.0,-0.5133560683034558,0.0009361917980712806,0.0023966510030624783,0.0023966510030624783,
6391040b31,180,168,16800,168.0,-0.5133569840399193,0.0012948185804932595,0.0016573677830313716,0.0016573677830313716,
6391040b31,180,169,16900,169.0,-0.5133574676869661,0.001070052716055703,0.0027393349531025985,0.0027393349531025985,
6391040b31,180,170,17000,170.0,-0.5133585337225297,0.0014181852056572913,0.0018152770632413324,0.0018152770632413324,
6391040b31,180,171,17100,171.0,-0.5133587731486394,0.00123397770129105,0.003158982915305089,0.003158982915305089,
6391040b31,180,172,17200,172.0,-0.5133600510075236,0.0007878204778463078,0.002016820423286549,0.002016820423286549,
6391040b31,180,173,17300,173.0,-0.5133608197798427,0.001163174065939994,0.0014888628044031913,0.0014888628044031913,
6391040b31,180,174,17400,174.0,-0.5133615245115112,0.0008868919086368309,0.0022704432861102887,0.0022704432861102887,
6391040b31,180,175,17500,175.0,-0.5133623856980669,0.0012486924327101965,0.0015983263138690511,0.0015983263138690511,
6391040b31,180,176,17600,176.0,-0.5133629382074165,0.0010100056698898914,0.002585614514918121,0.002585614514918121,
6391040b31,180,177,17700,177.0,-0.5133639299237822,0.0013602275672787425,0.0017410912861167914,0.0017410912861167914,
6391040b31,180,178,17800,178.0,-0.5133642695297727,0.0011613707264906338,0.0029731090598160226,0.0029731090598160226,
6391040b31,180,179,17900,179.0,-0.5133654453978952,,0.0019244422573915173,0.0019244422573915173,
