run_id,equiv_grad_budget,row,deriv_evals,equiv_grad_evals,f_vals,update_norms,full_grad_norms,proj_grad_norms,config_str
7fbde01e8a,180,0,0,0.0,516651013610901.0,26.20121061770159,119640441474639.08,61203603242666.836,"ProjectedCommonDirectionsConfig(subspace_frac_grads=0.09, subspace_frac_updates=0, subspace_frac_random=0.09, direction_str=sd, random_proj=True, random_proj_dim_frac=0.2, ensemble=haar, inner_use_full_grad=True, orth_P_k=True, beta=0.001, tau=0.5, c_const=inf, N_try=200, alpha_max=100, p_const=1)"
7fbde01e8a,180,1,37,0.37,391105876722447.75,12.253500677135131,104094200727417.95,47208225134434.55,
7fbde01e8a,180,2,74,0.74,2540897165839.8706,1.1382516197274348,8390211496006.594,4576612779969.645,
7fbde01e8a,180,3,111,1.11,481366507721.7024,0.5274747026207911,3651886732462.311,2120521454794.1494,
7fbde01e8a,180,4,148,1.48,189193098166.3794,0.35120774409550004,2289454455637.0264,1157010476356.4463,
7fbde01e8a,180,5,185,1.85,131945673561.04807,0.2949176776346803,1911951806681.7185,835037407437.7354,
7fbde01e8a,180,6,222,2.22,96554244644.11198,0.2541646662471611,1635554608676.924,716645520493.2197,
7fbde01e8a,180,7,259,2.59,75318109899.18388,0.22873150017402313,1444538330342.9797,492258173708.70404,
7fbde01e8a,180,8,296,2.96,68721517216.21451,0.21852094981613976,1379830477334.221,618682938645.5138,
7fbde01e8a,180,9,333,3.33,62785981086.69022,0.2067543764902429,1318896470740.5242,662595579732.6859,
7fbde01e8a,180,10,370,3.7,52727160680.34424,0.09699358145475166,1208638867951.766,605281961669.817,
7fbde01e8a,180,11,407,4.07,1036724.343137549,0.0008393641903123673,5359074936.526411,1975574895.8141596,
7fbde01e8a,180,12,444,4.44,864237.8281349653,0.0007399908224821932,4892947880.972285,1890316629.8658667,
7fbde01e8a,180,13,481,4.81,530775.8569833871,0.0005662880148688196,3834366030.2387114,1997444282.9045763,
7fbde01e8a,180,14,518,5.18,260822.21567016508,0.0003983032926053307,2687617410.2194886,1405136731.3758264,
7fbde01e8a,180,15,555,5.55,132546.9701935191,0.00028859775859255105,1915572231.5324857,894720645.3127126,
7fbde01e8a,180,16,592,5.92,78639.98481329082,0.0002238509957122539,1475100664.9761453,693173912.7443557,
7fbde01e8a,180,17,629,6.29,49847.50651416854,0.00017651593554916562,1173978409.948301,533979753.9675378,
7fbde01e8a,180,18,666,6.66,29060.023538911486,0.00013327608201841977,895716099.322395,386179415.67926854,
7fbde01e8a,180,19,703,7.03,15384.962890331748,9.743065814131316e-05,650722118.0724057,224237408.4752841,
7fbde01e8a,180,20,740,7.4,8657.761273259415,7.15264278531928e-05,486890036.86732835,199042931.52457544,
7fbde01e8a,180,21,777,7.77,4092.054302210799,4.9652340246332145e-05,332518915.71669096,126340800.98812588,
7fbde01e8a,180,22,814,8.14,2279.3726070897396,3.6135929612800345e-05,245659147.23548082,127576143.81288971,
7fbde01e8a,180,23,851,8.51,1130.3073420897767,2.573197167286857e-05,168859472.37134027,78333026.66481856,
7fbde01e8a,180,24,888,8.88,777.8683768844852,2.0683914651087394e-05,136927670.6252452,65927949.99659676,
7fbde01e8a,180,25,925,9.25,512.2571053641425,1.6009247715438387e-05,106725896.5140393,35812300.90274264,
7fbde01e8a,180,26,962,9.62,335.2892341863391,1.2501297528353272e-05,80545115.5598494,40310961.24244124,
7fbde01e8a,180,27,999,9.99,281.8781901951246,1.069642028254659e-05,70765533.36526413,24367032.60308513,
7fbde01e8a,180,28,1036,10.36,211.57216081174647,8.262951163221378e-06,55316630.37354955,24551554.066468306,
7fbde01e8a,180,29,1073,10.73,161.61145465576192,6.17639113434151e-06,40936125.901445724,19239014.62175969,
7fbde01e8a,180,30,1110,11.1,137.47642885086748,4.760091182765578e-06,31734911.86005951,10535558.270766964,
7fbde01e8a,180,31,1147,11.47,121.81923308500004,3.604389868658652e-06,23944131.832460303,10860863.943650559,
7fbde01e8a,180,32,1184,11.84,113.30290988066751,2.721148083830441e-06,18367808.884757966,7534987.844676823,
7fbde01e8a,180,33,1221,12.21,107.29085240697471,1.957703681962212e-06,13069511.503195316,6516215.031804632,
7fbde01e8a,180,34,1258,12.58,104.59110135770156,1.492918834247544e-06,9798746.313406583,4313757.9230380645,
7fbde01e8a,180,35,1295,12.95,103.40047174909105,1.1740948412710452e-06,7939080.076295475,3436079.5088323243,
7fbde01e8a,180,36,1332,13.32,102.25796869796693,8.429256323543835e-07,5601419.788298473,2324009.333915315,
7fbde01e8a,180,37,1369,13.69,101.78990076825019,6.494942041364573e-07,4290462.037206314,2102810.903830329,
7fbde01e8a,180,38,1406,14.06,101.53706859405096,5.014428056563626e-07,3376883.155528342,1344881.8988595975,
7fbde01e8a,180,39,1443,14.43,101.33856331902851,3.609712407333705e-07,2429762.11547182,1110341.9264501496,
7fbde01e8a,180,40,1480,14.8,101.23628793007715,2.630378044238507e-07,1752198.7845550405,775675.0377187362,
7fbde01e8a,180,41,1517,15.17,101.18903974874503,2.0528131283045775e-07,1327097.5594176948,803473.2191651636,
7fbde01e8a,180,42,1554,15.54,101.17313518676404,1.776855447412134e-07,1149152.5201733168,689868.177508242,
7fbde01e8a,180,43,1591,15.91,101.1610878823474,1.5389886549155784e-07,993368.2558301053,484577.9684044446,
7fbde01e8a,180,44,1628,16.28,101.15253812130732,1.3469135118513242e-07,865972.8847149527,412019.49617200927,
7fbde01e8a,180,45,1665,16.65,101.14674508137105,1.1962990609409167e-07,767732.1453188873,266282.98447096633,
7fbde01e8a,180,46,1702,17.02,101.1424537864785,1.0646118865233093e-07,685946.19244867,301964.4643229347,
7fbde01e8a,180,47,1739,17.39,101.13857625132835,9.1436472081238e-08,602573.5938194314,221415.76404557948,
7fbde01e8a,180,48,1776,17.76,101.13376683660296,7.185656398298346e-08,479426.62150267255,170819.72588388377,
7fbde01e8a,180,49,1813,18.13,101.13015975305898,5.4814712520902736e-08,360437.96123476815,177038.28732629324,
7fbde01e8a,180,50,1850,18.5,101.12849843050058,4.355753322342646e-08,289635.2604504903,128772.51379898269,
7fbde01e8a,180,51,1887,18.87,101.12723646292206,3.236885735878408e-08,221191.49962837828,78395.81612060279,
7fbde01e8a,180,52,1924,19.24,101.12626324763316,2.1802486174031828e-08,148198.23717785918,55855.01904920262,
7fbde01e8a,180,53,1961,19.61,101.12584554719504,1.4927979094231843e-08,101932.76472427741,36456.276864363914,
7fbde01e8a,180,54,1998,19.98,101.12564013794305,1.046296244353833e-08,68552.46094061034,33576.86772205134,
7fbde01e8a,180,55,2035,20.35,101.12558362827554,8.582431722099547e-09,55980.638482060676,23941.321502182494,
7fbde01e8a,180,56,2072,20.72,101.1255489877403,7.075161875827055e-09,46627.401148304765,21125.442722343552,
7fbde01e8a,180,57,2109,21.09,101.12552017577711,5.5499711281389366e-09,37092.76082849081,12446.797037149625,
7fbde01e8a,180,58,2146,21.46,101.12549813887264,4.165202740937234e-09,27664.850697535858,11573.041939544497,
7fbde01e8a,180,59,2183,21.83,101.1254867963266,3.2366985315406434e-09,21238.93473605291,8688.954730776957,
7fbde01e8a,180,60,2220,22.2,101.12548122583686,2.603824147909026e-09,17226.470638865598,7608.428715950098,
7fbde01e8a,180,61,2257,22.57,101.12547705985224,2.073936206616003e-09,13465.549858148159,5646.726538181982,
7fbde01e8a,180,62,2294,22.94,101.12547524215303,1.7800692314595372e-09,11443.962494350693,6037.050314754928,
7fbde01e8a,180,63,2331,23.31,101.12547423202865,1.5168269774066879e-09,10148.18775601032,3571.733160518238,
7fbde01e8a,180,64,2368,23.68,101.12547256238452,1.1840263765093544e-09,7531.805045600084,3974.915071783833,
7fbde01e8a,180,65,2405,24.05,101.12547227329028,1.0727194521430385e-09,6983.369329532333,3226.6478799933184,
7fbde01e8a,180,66,2442,24.42,101.12547175510097,8.987915373829058e-10,5866.710591799093,2472.999233404132,
7fbde01e8a,180,67,2479,24.79,101.12547137162268,7.609450956728272e-10,4871.2478814711985,2801.496526110194,
7fbde01e8a,180,68,2516,25.16,101.12547121320333,3.529204923219758e-10,4398.436732376896,2144.558419976576,
7fbde01e8a,180,69,2553,25.53,101.12547051333672,8.734885895237435e-17,18.12121922475244,5.916832758056124,
7fbde01e8a,180,70,2590,25.9,101.12547051333672,4.347228381760534e-17,18.12121922475244,8.333137808062023,
7fbde01e8a,180,71,2627,26.27,101.12547051333672,8.793521443716274e-17,18.12121922475244,9.728326688946014,
7fbde01e8a,180,72,2664,26.64,101.12547051333672,1.426675869553274e-12,18.12121922475244,8.925210142627378,
7fbde01e8a,180,73,2701,27.01,101.12547051311647,1.5401833731373287e-12,0.6052070170877943,0.29375856233441133,
7fbde01e8a,180,74,2738,27.38,101.12547051174737,7.169676624375117e-16,18.49680210072722,6.526595828562653,
7fbde01e8a,180,75,2775,27.75,101.12547051154004,3.598099762890314e-16,18.492818266086793,9.210319377927954,
7fbde01e8a,180,76,2812,28.12,101.12547051151226,3.412938320677271e-16,18.491819435182332,5.913148596162181,
7fbde01e8a,180,77,2849,28.49,101.12547051139526,1.6717591314375858e-16,18.490829112864834,7.540734640589791,
7fbde01e8a,180,78,2886,28.86,101.12547051139526,3.3428941504157416e-16,18.490829112864834,8.200911792550421,
7fbde01e8a,180,79,2923,29.23,101.12547051130245,1.663344879278368e-16,18.489558101663192,6.89149191148486,
7fbde01e8a,180,80,2960,29.6,101.12547051122927,8.204491257059536e-17,18.489440628698674,7.9032500297169035,
7fbde01e8a,180,81,2997,29.97,101.12547051122927,8.32614835095736e-17,18.489440628698674,8.766879204246434,
7fbde01e8a,180,82,3034,30.34,101.12547051122927,3.975010595132211e-17,18.489440628698674,6.7048176678710405,
7fbde01e8a,180,83,3071,30.71,101.12547051122927,8.36276497161219e-17,18.489440628698674,9.21639242581305,
7fbde01e8a,180,84,3108,31.08,101.12547051118925,4.2860990777327773e-17,18.48941681375588,10.678393899826967,
7fbde01e8a,180,85,3145,31.45,101.12547051118925,8.61293882930142e-17,18.48941681375588,7.388424804351303,
7fbde01e8a,180,86,3182,31.82,101.12547051116675,8.892324990291373e-17,18.489395667379764,10.03675374959748,
7fbde01e8a,180,87,3219,32.19,101.12547051116675,4.441543171344632e-17,18.489395667379764,6.5872960418356445,
7fbde01e8a,180,88,3256,32.56,101.12547051116675,4.3805943711469266e-17,18.489395667379764,8.194075216327667,
7fbde01e8a,180,89,3293,32.93,101.12547051116675,8.769407100137308e-17,18.489395667379764,8.983156192044667,
7fbde01e8a,180,90,3330,33.3,101.12547051115463,3.479677388378039e-16,18.489331794528148,8.189841498928994,
7fbde01e8a,180,91,3367,33.67,101.12547051112861,4.276851902845486e-17,18.48834979875438,5.506850719282383,
7fbde01e8a,180,92,3404,34.04,101.12547051112861,4.384580036479463e-17,18.48834979875438,9.291369156460389,
7fbde01e8a,180,93,3441,34.41,101.12547051112861,4.285496159789749e-17,18.48834979875438,8.310669704729495,
7fbde01e8a,180,94,3478,34.78,101.12547051112861,8.622064341554952e-17,18.48834979875438,10.373972411933442,
7fbde01e8a,180,95,3515,35.15,101.12547051110349,4.1561839779582605e-17,18.488328252080827,7.707427961297218,
7fbde01e8a,180,96,3552,35.52,101.12547051110349,4.118951759433464e-17,18.488328252080827,8.628684232889695,
7fbde01e8a,180,97,3589,35.89,101.12547051110349,4.216609535148875e-17,18.488328252080827,8.305559418554045,
7fbde01e8a,180,98,3626,36.26,101.12547051110349,4.048865609311575e-17,18.488328252080827,8.971463183451121,
7fbde01e8a,180,99,3663,36.63,101.12547051110349,4.113700994590546e-17,18.488328252080827,8.219824401241056,
7fbde01e8a,180,100,3700,37.0,101.12547051110349,4.266189577923835e-17,18.488328252080827,9.600953571391647,
7fbde01e8a,180,101,3737,37.37,101.12547051110349,4.322168899668939e-17,18.488328252080827,9.580842150015105,
7fbde01e8a,180,102,3774,37.74,101.12547051110349,4.366865254648415e-17,18.488328252080827,5.44939978936838,
7fbde01e8a,180,103,3811,38.11,101.12547051110349,4.2564460201633e-17,18.488328252080827,8.68027567296639,
7fbde01e8a,180,104,3848,38.48,101.12547051110349,4.350446087911287e-17,18.488328252080827,9.277712349305984,
7fbde01e8a,180,105,3885,38.85,101.12547051110349,4.386182676204174e-17,18.488328252080827,8.780015057276554,
7fbde01e8a,180,106,3922,39.22,101.12547051110349,4.4164281586817813e-17,18.488328252080827,7.091312402066093,
7fbde01e8a,180,107,3959,39.59,101.12547051110349,4.4161410685700694e-17,18.488328252080827,7.017628062223006,
7fbde01e8a,180,108,3996,39.96,101.12547051110349,4.378413666220512e-17,18.488328252080827,8.582287781770125,
7fbde01e8a,180,109,4033,40.33,101.12547051110349,4.312823841168389e-17,18.488328252080827,7.542007220853824,
7fbde01e8a,180,110,4070,40.7,101.12547051110349,4.3353794764213924e-17,18.488328252080827,9.3734655908328,
7fbde01e8a,180,111,4107,41.07,101.12547051110349,4.285487141947567e-17,18.488328252080827,6.56626510337366,
7fbde01e8a,180,112,4144,41.44,101.12547051110349,4.2020241359473577e-17,18.488328252080827,7.020159668124149,
7fbde01e8a,180,113,4181,41.81,101.12547051110349,4.318298599724913e-17,18.488328252080827,11.676397016292903,
7fbde01e8a,180,114,4218,42.18,101.12547051110349,1.7565027921458575e-16,18.488328252080827,9.344445928897695,
7fbde01e8a,180,115,4255,42.55,101.12547051109907,1.762424440543037e-16,18.48821237993975,7.349940273009435,
7fbde01e8a,180,116,4292,42.92,101.12547051109645,1.7473374969356015e-16,18.48809900127391,6.774676187837773,
7fbde01e8a,180,117,4329,43.29,101.12547051105004,1.7229635076549716e-16,18.487963450420317,7.368750235310329,
7fbde01e8a,180,118,4366,43.66,101.12547051104464,8.675559761106127e-17,18.48793161396414,6.568530361267891,
7fbde01e8a,180,119,4403,44.03,101.12547051104464,4.324358023360412e-17,18.48793161396414,8.438848554775904,
7fbde01e8a,180,120,4440,44.4,101.12547051104464,4.3386063978247937e-17,18.48793161396414,7.314855329691113,
7fbde01e8a,180,121,4477,44.77,101.12547051104464,4.4183710608221823e-17,18.48793161396414,8.464568954289545,
7fbde01e8a,180,122,4514,45.14,101.12547051104464,4.2977263851144254e-17,18.48793161396414,7.0619381196695015,
7fbde01e8a,180,123,4551,45.51,101.12547051104464,4.268542483693552e-17,18.48793161396414,8.91764421680089,
7fbde01e8a,180,124,4588,45.88,101.12547051104464,4.232111695417872e-17,18.48793161396414,9.846445295350465,
7fbde01e8a,180,125,4625,46.25,101.12547051104464,4.3405694238696377e-17,18.48793161396414,8.843595196164756,
7fbde01e8a,180,126,4662,46.62,101.12547051104464,4.2998228389107187e-17,18.48793161396414,6.5080070807107795,
7fbde01e8a,180,127,4699,46.99,101.12547051104464,4.250423562182335e-17,18.48793161396414,7.28829116072276,
7fbde01e8a,180,128,4736,47.36,101.12547051104464,1.6817187874712594e-16,18.48793161396414,7.398826879298104,
7fbde01e8a,180,129,4773,47.73,101.12547051101572,8.507036990832977e-17,18.48787404503206,9.20848204270991,
7fbde01e8a,180,130,4810,48.1,101.12547051101572,8.651446202294255e-17,18.48787404503206,8.068728320817792,
7fbde01e8a,180,131,4847,48.47,101.12547051101572,8.539054283611372e-17,18.48787404503206,8.526313279855499,
7fbde01e8a,180,132,4884,48.84,101.12547051101572,4.2534083673679324e-17,18.48787404503206,7.390135714924858,
7fbde01e8a,180,133,4921,49.21,101.12547051101572,8.32246704659762e-17,18.48787404503206,7.008271528843156,
7fbde01e8a,180,134,4958,49.58,101.12547051101572,4.1583198631832235e-17,18.48787404503206,8.220720226520395,
7fbde01e8a,180,135,4995,49.95,101.12547051101572,4.250749495632215e-17,18.48787404503206,7.746646546080952,
7fbde01e8a,180,136,5032,50.32,101.12547051101572,4.3169566073875073e-17,18.48787404503206,9.456542675930265,
7fbde01e8a,180,137,5069,50.69,101.12547051101572,4.282835635422645e-17,18.48787404503206,6.580817565164975,
7fbde01e8a,180,138,5106,51.06,101.12547051101572,4.233761537454807e-17,18.48787404503206,9.806795936709957,
7fbde01e8a,180,139,5143,51.43,101.12547051101572,4.376856465756747e-17,18.48787404503206,10.112343867177913,
7fbde01e8a,180,140,5180,51.8,101.12547051101572,4.289004862177457e-17,18.48787404503206,8.647788594603135,
7fbde01e8a,180,141,5217,52.17,101.12547051101572,4.370934211574953e-17,18.48787404503206,6.6712330529002575,
7fbde01e8a,180,142,5254,52.54,101.12547051101572,4.4628223967793295e-17,18.48787404503206,9.444248495156968,
7fbde01e8a,180,143,5291,52.91,101.12547051101572,4.417629989990393e-17,18.48787404503206,7.984782741907968,
7fbde01e8a,180,144,5328,53.28,101.12547051101572,4.492931295749139e-17,18.48787404503206,6.340811435609571,
7fbde01e8a,180,145,5365,53.65,101.12547051101572,4.3703719265218797e-17,18.48787404503206,10.069535296335387,
7fbde01e8a,180,146,5402,54.02,101.12547051101572,4.4222948006625424e-17,18.48787404503206,7.965241752069189,
7fbde01e8a,180,147,5439,54.39,101.12547051101572,8.72010088983083e-17,18.48787404503206,9.36050646911505,
7fbde01e8a,180,148,5476,54.76,101.12547051101251,4.41131690572034e-17,18.487829250615743,9.180143055956204,
7fbde01e8a,180,149,5513,55.13,101.12547051101251,4.3277974325484476e-17,18.487829250615743,7.664322744037409,
7fbde01e8a,180,150,5550,55.5,101.12547051101251,8.73994183348003e-17,18.487829250615743,6.421340529101991,
7fbde01e8a,180,151,5587,55.87,101.125470511006,8.866625414311057e-17,18.487797247844213,8.422160453459476,
7fbde01e8a,180,152,5624,56.24,101.125470511006,2.2271723711397455e-17,18.487797247844213,9.695276826174032,
7fbde01e8a,180,153,5661,56.61,101.125470511006,2.2227902047563728e-17,18.487797247844213,6.1885950624647315,
7fbde01e8a,180,154,5698,56.98,101.125470511006,2.2078694395018326e-17,18.487797247844213,8.115242800532208,
7fbde01e8a,180,155,5735,57.35,101.125470511006,2.2054742216500757e-17,18.487797247844213,6.55035782342431,
7fbde01e8a,180,156,5772,57.72,101.125470511006,2.171149317079861e-17,18.487797247844213,8.333999226109336,
7fbde01e8a,180,157,5809,58.09,101.125470511006,2.1559482273921447e-17,18.487797247844213,7.912594900613034,
7fbde01e8a,180,158,5846,58.46,101.125470511006,2.196299093380629e-17,18.487797247844213,9.53928226887047,
7fbde01e8a,180,159,5883,58.83,101.125470511006,2.21896049533453e-17,18.487797247844213,9.26410481713877,
7fbde01e8a,180,160,5920,59.2,101.125470511006,2.2189984199391322e-17,18.487797247844213,8.48266608162269,
7fbde01e8a,180,161,5957,59.57,101.125470511006,4.3548942154140995e-17,18.487797247844213,9.7102530905863,
7fbde01e8a,180,162,5994,59.94,101.125470511006,4.395766440384808e-17,18.487797247844213,7.755072791527054,
7fbde01e8a,180,163,6031,60.31,101.125470511006,2.2004156746509076e-17,18.487797247844213,7.26406158421558,
7fbde01e8a,180,164,6068,60.68,101.125470511006,4.4228638273616734e-17,18.487797247844213,7.481266208039671,
7fbde01e8a,180,165,6105,61.05,101.125470511006,4.43948569349763e-17,18.487797247844213,9.67243351123543,
7fbde01e8a,180,166,6142,61.42,101.125470511006,8.686429726537318e-17,18.487797247844213,9.757670865191594,
7fbde01e8a,180,167,6179,61.79,101.125470511006,4.338613492103334e-17,18.487797247844213,8.116602203039983,
7fbde01e8a,180,168,6216,62.16,101.125470511006,4.3549544042041344e-17,18.487797247844213,7.4784120532582055,
7fbde01e8a,180,169,6253,62.53,101.125470511006,4.313854547902793e-17,18.487797247844213,8.1155542910475,
7fbde01e8a,180,170,6290,62.9,101.125470511006,4.367201464079225e-17,18.487797247844213,8.294041145835788,
7fbde01e8a,180,171,6327,63.27,101.125470511006,4.35748998632875e-17,18.487797247844213,7.362924856246771,
7fbde01e8a,180,172,6364,63.64,101.125470511006,4.304042985014479e-17,18.487797247844213,8.637264382772562,
7fbde01e8a,180,173,6401,64.01,101.125470511006,4.4236224359570744e-17,18.487797247844213,10.17289600706748,
7fbde01e8a,180,174,6438,64.38,101.125470511006,4.328561761778924e-17,18.487797247844213,7.474226438557334,
7fbde01e8a,180,175,6475,64.75,101.125470511006,4.225568818305411e-17,18.487797247844213,9.185844255755741,
7fbde01e8a,180,176,6512,65.12,101.125470511006,8.521499456723124e-17,18.487797247844213,8.9545637069592,
7fbde01e8a,180,177,6549,65.49,101.125470511006,4.2032195593334046e-17,18.487797247844213,7.232050991643857,
7fbde01e8a,180,178,6586,65.86,101.125470511006,8.3450138480339e-17,18.487797247844213,9.697001515298737,
7fbde01e8a,180,179,6623,66.23,101.125470511006,8.26314800458885e-17,18.487797247844213,8.103537531450202,
7fbde01e8a,180,180,6660,66.6,101.125470511006,8.261347700882747e-17,18.487797247844213,5.24228335506076,
7fbde01e8a,180,181,6697,66.97,101.125470511006,8.375244591598388e-17,18.487797247844213,8.636993441150752,
7fbde01e8a,180,182,6734,67.34,101.125470511006,8.399132142235792e-17,18.487797247844213,8.025657725206157,
7fbde01e8a,180,183,6771,67.71,101.125470511006,4.148766441695652e-17,18.487797247844213,7.126108241368485,
7fbde01e8a,180,184,6808,68.08,101.125470511006,4.1622479167306694e-17,18.487797247844213,7.264210014039642,
7fbde01e8a,180,185,6845,68.45,101.125470511006,4.2682509732328736e-17,18.487797247844213,7.5490878982654825,
7fbde01e8a,180,186,6882,68.82,101.125470511006,4.215345660026464e-17,18.487797247844213,7.580513363036509,
7fbde01e8a,180,187,6919,69.19,101.125470511006,4.064601552263013e-17,18.487797247844213,7.737187668799881,
7fbde01e8a,180,188,6956,69.56,101.125470511006,2.0387757810976975e-17,18.487797247844213,9.248778621631471,
7fbde01e8a,180,189,6993,69.93,101.125470511006,4.160132355171766e-17,18.487797247844213,7.505159314530081,
7fbde01e8a,180,190,7030,70.3,101.125470511006,2.1021412419751675e-17,18.487797247844213,6.6394547234899335,
7fbde01e8a,180,191,7067,70.67,101.125470511006,2.058840895919441e-17,18.487797247844213,9.194267280303693,
7fbde01e8a,180,192,7104,71.04,101.125470511006,2.0425416911554886e-17,18.487797247844213,8.146429728254455,
7fbde01e8a,180,193,7141,71.41,101.125470511006,2.1346584254861535e-17,18.487797247844213,9.338537745706901,
7fbde01e8a,180,194,7178,71.78,101.125470511006,2.116706042161448e-17,18.487797247844213,7.811193993798608,
7fbde01e8a,180,195,7215,72.15,101.125470511006,2.1054068471805215e-17,18.487797247844213,7.271987513541756,
7fbde01e8a,180,196,7252,72.52,101.125470511006,2.130981088196503e-17,18.487797247844213,10.56760945911812,
7fbde01e8a,180,197,7289,72.89,101.125470511006,2.0752713259346448e-17,18.487797247844213,7.810147072202034,
7fbde01e8a,180,198,7326,73.26,101.125470511006,4.2834526896694066e-17,18.487797247844213,9.204895032848421,
7fbde01e8a,180,199,7363,73.63,101.125470511006,2.1735943683995262e-17,18.487797247844213,8.221653251442275,
7fbde01e8a,180,200,7400,74.0,101.125470511006,2.1596046980281647e-17,18.487797247844213,8.455527391543496,
7fbde01e8a,180,201,7437,74.37,101.125470511006,2.2240663484843684e-17,18.487797247844213,9.61224359118463,
7fbde01e8a,180,202,7474,74.74,101.125470511006,2.1901132220490685e-17,18.487797247844213,7.230842127499274,
7fbde01e8a,180,203,7511,75.11,101.125470511006,4.3193957619663804e-17,18.487797247844213,6.49247677191953,
7fbde01e8a,180,204,7548,75.48,101.125470511006,2.1642709323513077e-17,18.487797247844213,8.1886838632681,
7fbde01e8a,180,205,7585,75.85,101.125470511006,4.3009097367099874e-17,18.487797247844213,9.087912752173585,
7fbde01e8a,180,206,7622,76.22,101.125470511006,4.305602163059112e-17,18.487797247844213,8.122790411267353,
7fbde01e8a,180,207,7659,76.59,101.125470511006,4.280148905252667e-17,18.487797247844213,8.582992243118204,
7fbde01e8a,180,208,7696,76.96,101.125470511006,4.458485440772643e-17,18.487797247844213,8.882981611104457,
7fbde01e8a,180,209,7733,77.33,101.125470511006,4.5059769269123025e-17,18.487797247844213,9.641491440253429,
7fbde01e8a,180,210,7770,77.7,101.125470511006,4.474543319302442e-17,18.487797247844213,5.427210013203368,
7fbde01e8a,180,211,7807,78.07,101.125470511006,4.4003724883321816e-17,18.487797247844213,8.527398198876066,
7fbde01e8a,180,212,7844,78.44,101.125470511006,4.4055738172642704e-17,18.487797247844213,6.394251974560129,
7fbde01e8a,180,213,7881,78.81,101.125470511006,4.30270277595166e-17,18.487797247844213,8.33994370224356,
7fbde01e8a,180,214,7918,79.18,101.125470511006,8.321654210323963e-17,18.487797247844213,8.571705563852902,
7fbde01e8a,180,215,7955,79.55,101.125470511006,4.3834739984945057e-17,18.487797247844213,10.729548255232983,
7fbde01e8a,180,216,7992,79.92,101.125470511006,4.3198835063616293e-17,18.487797247844213,8.920309873358482,
7fbde01e8a,180,217,8029,80.29,101.125470511006,4.238286115934458e-17,18.487797247844213,7.944787248464717,
7fbde01e8a,180,218,8066,80.66,101.125470511006,4.32253371478902e-17,18.487797247844213,9.357986826528538,
7fbde01e8a,180,219,8103,81.03,101.125470511006,8.566977889441908e-17,18.487797247844213,7.268696977495176,
7fbde01e8a,180,220,8140,81.4,101.125470511006,8.561388867203054e-17,18.487797247844213,5.312821412683318,
7fbde01e8a,180,221,8177,81.77,101.125470511006,8.617463801665212e-17,18.487797247844213,9.430067623415741,
7fbde01e8a,180,222,8214,82.14,101.125470511006,8.478364282332659e-17,18.487797247844213,6.8238574073833105,
7fbde01e8a,180,223,8251,82.51,101.125470511006,8.524570378696416e-17,18.487797247844213,10.176117435588768,
7fbde01e8a,180,224,8288,82.88,101.12547051099665,4.2201965734146626e-17,18.48777810278705,7.865604075959365,
7fbde01e8a,180,225,8325,83.25,101.12547051099665,8.309550218426328e-17,18.48777810278705,7.505938437259917,
7fbde01e8a,180,226,8362,83.62,101.12547051099665,4.3091494203799616e-17,18.48777810278705,9.081079628922316,
7fbde01e8a,180,227,8399,83.99,101.12547051099665,4.164562842964847e-17,18.48777810278705,8.486640466227557,
7fbde01e8a,180,228,8436,84.36,101.12547051099665,4.229368042553014e-17,18.48777810278705,8.008162723016287,
7fbde01e8a,180,229,8473,84.73,101.12547051099665,4.3533056800439567e-17,18.48777810278705,8.362006171868956,
7fbde01e8a,180,230,8510,85.1,101.12547051099665,4.2643382885830614e-17,18.48777810278705,8.154140646623357,
7fbde01e8a,180,231,8547,85.47,101.12547051099665,4.1744472497563237e-17,18.48777810278705,5.569938384623652,
7fbde01e8a,180,232,8584,85.84,101.12547051099665,2.1189108991534497e-17,18.48777810278705,8.557077258471441,
7fbde01e8a,180,233,8621,86.21,101.12547051099665,2.1145543583129366e-17,18.48777810278705,8.304270855857062,
7fbde01e8a,180,234,8658,86.58,101.12547051099665,4.195359228192578e-17,18.48777810278705,7.561071701045921,
7fbde01e8a,180,235,8695,86.95,101.12547051099665,2.1152644031918526e-17,18.48777810278705,9.315632320805788,
7fbde01e8a,180,236,8732,87.32,101.12547051099665,2.0796101681610293e-17,18.48777810278705,6.921850965585312,
7fbde01e8a,180,237,8769,87.69,101.12547051099665,2.0937909194179554e-17,18.48777810278705,7.852900007448989,
7fbde01e8a,180,238,8806,88.06,101.12547051099665,4.2545170653336324e-17,18.48777810278705,6.968348063703812,
7fbde01e8a,180,239,8843,88.43,101.12547051099665,4.2113301641038054e-17,18.48777810278705,7.193276957455574,
7fbde01e8a,180,240,8880,88.8,101.12547051099665,4.2046383225215027e-17,18.48777810278705,7.710266028692946,
7fbde01e8a,180,241,8917,89.17,101.12547051099665,4.1929080198181535e-17,18.48777810278705,8.770774350099915,
7fbde01e8a,180,242,8954,89.54,101.12547051099665,4.238295503558387e-17,18.48777810278705,9.263521337454439,
7fbde01e8a,180,243,8991,89.91,101.12547051099665,8.679251808342954e-17,18.48777810278705,9.062314724228298,
7fbde01e8a,180,244,9028,90.28,101.12547051099665,8.619324526310718e-17,18.48777810278705,8.675195200301882,
7fbde01e8a,180,245,9065,90.65,101.12547051099665,4.335227961562692e-17,18.48777810278705,9.438970470235844,
7fbde01e8a,180,246,9102,91.02,101.12547051099665,4.2164361087982467e-17,18.48777810278705,5.853167762445874,
7fbde01e8a,180,247,9139,91.39,101.12547051099665,4.316678679486157e-17,18.48777810278705,9.253094845437474,
7fbde01e8a,180,248,9176,91.76,101.12547051099665,4.3530737229410625e-17,18.48777810278705,7.5381598189338614,
7fbde01e8a,180,249,9213,92.13,101.12547051099665,4.3745117454209194e-17,18.48777810278705,10.586465054331775,
7fbde01e8a,180,250,9250,92.5,101.12547051099665,4.421377672008042e-17,18.48777810278705,9.859447034386918,
7fbde01e8a,180,251,9287,92.87,101.12547051099665,4.412820521147538e-17,18.48777810278705,8.062303931507765,
7fbde01e8a,180,252,9324,93.24,101.12547051099665,4.472138093887378e-17,18.48777810278705,6.932109416707345,
7fbde01e8a,180,253,9361,93.61,101.12547051099665,4.329986842059737e-17,18.48777810278705,7.654637246275603,
7fbde01e8a,180,254,9398,93.98,101.12547051099665,2.1229567023080106e-17,18.48777810278705,7.892941604644301,
7fbde01e8a,180,255,9435,94.35,101.12547051099665,4.3154448226983355e-17,18.48777810278705,9.294767821562699,
7fbde01e8a,180,256,9472,94.72,101.12547051099665,4.2778402338598436e-17,18.48777810278705,7.409064437117658,
7fbde01e8a,180,257,9509,95.09,101.12547051099665,4.431467388856809e-17,18.48777810278705,8.244637956145285,
7fbde01e8a,180,258,9546,95.46,101.12547051099665,2.2058065672140483e-17,18.48777810278705,8.423443283149956,
7fbde01e8a,180,259,9583,95.83,101.12547051099665,2.190083578889908e-17,18.48777810278705,8.807403330631683,
7fbde01e8a,180,260,9620,96.2,101.12547051099665,4.3892622705246236e-17,18.48777810278705,7.804810725919901,
7fbde01e8a,180,261,9657,96.57,101.12547051099665,4.425429678536461e-17,18.48777810278705,7.6673885874078955,
7fbde01e8a,180,262,9694,96.94,101.12547051099665,4.4448474857808e-17,18.48777810278705,9.211492581576023,
7fbde01e8a,180,263,9731,97.31,101.12547051099665,4.351714604742352e-17,18.48777810278705,6.536956617379056,
7fbde01e8a,180,264,9768,97.68,101.12547051099665,4.372222137214777e-17,18.48777810278705,8.206556628522907,
7fbde01e8a,180,265,9805,98.05,101.12547051099665,4.311483845795431e-17,18.48777810278705,8.012476711551349,
7fbde01e8a,180,266,9842,98.42,101.12547051099665,4.2221636950455014e-17,18.48777810278705,7.070330176449474,
7fbde01e8a,180,267,9879,98.79,101.12547051099665,4.211829911001535e-17,18.48777810278705,9.910622752398169,
7fbde01e8a,180,268,9916,99.16,101.12547051099665,4.2710147715004384e-17,18.48777810278705,8.32153900629174,
7fbde01e8a,180,269,9953,99.53,101.12547051099665,4.2187234071418276e-17,18.48777810278705,9.23358559699963,
7fbde01e8a,180,270,9990,99.9,101.12547051099665,4.237691224307072e-17,18.48777810278705,8.418482694604153,
7fbde01e8a,180,271,10027,100.27,101.12547051099665,4.27756941508509e-17,18.48777810278705,8.24675979170575,
7fbde01e8a,180,272,10064,100.64,101.12547051099665,4.42841884902622e-17,18.48777810278705,8.11806735839824,
7fbde01e8a,180,273,10101,101.01,101.12547051099665,4.3754408692325193e-17,18.48777810278705,7.691896433717632,
7fbde01e8a,180,274,10138,101.38,101.12547051099665,8.717338097313795e-17,18.48777810278705,8.4133468649934,
7fbde01e8a,180,275,10175,101.75,101.12547051099665,4.3767318237830494e-17,18.48777810278705,8.925196519530774,
7fbde01e8a,180,276,10212,102.12,101.12547051099665,4.345768024642839e-17,18.48777810278705,8.553643173484584,
7fbde01e8a,180,277,10249,102.49,101.12547051099665,4.3354486485391544e-17,18.48777810278705,8.091528187700535,
7fbde01e8a,180,278,10286,102.86,101.12547051099665,4.3668537251842794e-17,18.48777810278705,7.972217113795626,
7fbde01e8a,180,279,10323,103.23,101.12547051099665,4.390907318656541e-17,18.48777810278705,10.797622310743659,
7fbde01e8a,180,280,10360,103.6,101.12547051099665,4.360994898874251e-17,18.48777810278705,9.581675874383402,
7fbde01e8a,180,281,10397,103.97,101.12547051099665,4.4089283088923306e-17,18.48777810278705,8.085910764966652,
7fbde01e8a,180,282,10434,104.34,101.12547051099665,4.3787681742009586e-17,18.48777810278705,7.871781179525953,
7fbde01e8a,180,283,10471,104.71,101.12547051099665,2.2159520383761395e-17,18.48777810278705,7.310560348745016,
7fbde01e8a,180,284,10508,105.08,101.12547051099665,4.376128623930786e-17,18.48777810278705,8.764166760070653,
7fbde01e8a,180,285,10545,105.45,101.12547051099665,4.3671755706053234e-17,18.48777810278705,7.902890501861397,
7fbde01e8a,180,286,10582,105.82,101.12547051099665,4.313493187354608e-17,18.48777810278705,5.00724421339693,
7fbde01e8a,180,287,10619,106.19,101.12547051099665,4.467608735279261e-17,18.48777810278705,9.35641157473483,
7fbde01e8a,180,288,10656,106.56,101.12547051099665,4.3990724242049075e-17,18.48777810278705,8.092119419305684,
7fbde01e8a,180,289,10693,106.93,101.12547051099665,4.2896519832954946e-17,18.48777810278705,9.501969850616167,
7fbde01e8a,180,290,10730,107.3,101.12547051099665,4.3808066665589884e-17,18.48777810278705,7.2701967033662,
7fbde01e8a,180,291,10767,107.67,101.12547051099665,4.408202150129756e-17,18.48777810278705,8.362200492327286,
7fbde01e8a,180,292,10804,108.04,101.12547051099665,4.3556358105590646e-17,18.48777810278705,9.753591129795561,
7fbde01e8a,180,293,10841,108.41,101.12547051099665,8.494927980682581e-17,18.48777810278705,8.56571082813992,
7fbde01e8a,180,294,10878,108.78,101.12547051099665,8.243045375598314e-17,18.48777810278705,7.40001619089012,
7fbde01e8a,180,295,10915,109.15,101.12547051099665,8.381296775353309e-17,18.48777810278705,9.529358667758288,
7fbde01e8a,180,296,10952,109.52,101.12547051099665,8.566745162418217e-17,18.48777810278705,8.54420523428863,
7fbde01e8a,180,297,10989,109.89,101.12547051099665,8.646857839782498e-17,18.48777810278705,9.414050015739072,
7fbde01e8a,180,298,11026,110.26,101.12547051099665,8.675372389261274e-17,18.48777810278705,6.547595078686131,
7fbde01e8a,180,299,11063,110.63,101.12547051099665,8.531009382367555e-17,18.48777810278705,8.01146630484001,
7fbde01e8a,180,300,11100,111.0,101.12547051099665,8.669419775880228e-17,18.48777810278705,6.8414769962458015,
7fbde01e8a,180,301,11137,111.37,101.12547051099665,4.252337198332986e-17,18.48777810278705,7.3331946879233705,
7fbde01e8a,180,302,11174,111.74,101.12547051099665,4.295334210184405e-17,18.48777810278705,6.977631093971129,
7fbde01e8a,180,303,11211,112.11,101.12547051099665,4.284073492966954e-17,18.48777810278705,7.476238639132621,
7fbde01e8a,180,304,11248,112.48,101.12547051099665,4.1571942263059666e-17,18.48777810278705,5.845026863974595,
7fbde01e8a,180,305,11285,112.85,101.12547051099665,3.965728217439551e-17,18.48777810278705,6.66408600415889,
7fbde01e8a,180,306,11322,113.22,101.12547051099665,4.0384558363387265e-17,18.48777810278705,8.345638336462091,
7fbde01e8a,180,307,11359,113.59,101.12547051099665,1.9722697284256367e-17,18.48777810278705,6.032098097561105,
7fbde01e8a,180,308,11396,113.96,101.12547051099665,3.95233587556809e-17,18.48777810278705,7.825016877397334,
7fbde01e8a,180,309,11433,114.33,101.12547051099665,4.033355469327858e-17,18.48777810278705,8.251858981627764,
7fbde01e8a,180,310,11470,114.7,101.12547051099665,2.0582427829994686e-17,18.48777810278705,8.07366936465607,
7fbde01e8a,180,311,11507,115.07,101.12547051099665,2.0875656442961885e-17,18.48777810278705,7.452650710232945,
7fbde01e8a,180,312,11544,115.44,101.12547051099665,2.067596065523619e-17,18.48777810278705,11.172331847707726,
7fbde01e8a,180,313,11581,115.81,101.12547051099665,2.1503969992929302e-17,18.48777810278705,10.829149794447401,
7fbde01e8a,180,314,11618,116.18,101.12547051099665,2.1451279409398825e-17,18.48777810278705,8.972631124541456,
7fbde01e8a,180,315,11655,116.55,101.12547051099665,2.183029907551666e-17,18.48777810278705,8.426028596831147,
7fbde01e8a,180,316,11692,116.92,101.12547051099665,2.1678240218394226e-17,18.48777810278705,7.299840488521793,
7fbde01e8a,180,317,11729,117.29,101.12547051099665,2.16076937490586e-17,18.48777810278705,8.10685803483015,
7fbde01e8a,180,318,11766,117.66,101.12547051099665,2.178461514494948e-17,18.48777810278705,8.415034961060167,
7fbde01e8a,180,319,11803,118.03,101.12547051099665,4.428604884054501e-17,18.48777810278705,7.882906133049413,
7fbde01e8a,180,320,11840,118.4,101.12547051099665,4.517084915150122e-17,18.48777810278705,6.293072501418888,
7fbde01e8a,180,321,11877,118.77,101.12547051099665,4.410507986442623e-17,18.48777810278705,10.577192748124807,
7fbde01e8a,180,322,11914,119.14,101.12547051099665,4.42878925825315e-17,18.48777810278705,6.737658758436846,
7fbde01e8a,180,323,11951,119.51,101.12547051099665,4.404182090698793e-17,18.48777810278705,6.446139667346886,
7fbde01e8a,180,324,11988,119.88,101.12547051099665,4.268163478157899e-17,18.48777810278705,8.37512951602958,
7fbde01e8a,180,325,12025,120.25,101.12547051099665,2.1865332515109177e-17,18.48777810278705,9.525756145618054,
7fbde01e8a,180,326,12062,120.62,101.12547051099665,2.1783699832007623e-17,18.48777810278705,7.785328022540861,
7fbde01e8a,180,327,12099,120.99,101.12547051099665,4.248571936365716e-17,18.48777810278705,8.217178073965272,
7fbde01e8a,180,328,12136,121.36,101.12547051099665,2.111805775357318e-17,18.48777810278705,8.681555055951927,
7fbde01e8a,180,329,12173,121.73,101.12547051099665,2.1167758467515853e-17,18.48777810278705,7.341917760115166,
7fbde01e8a,180,330,12210,122.1,101.12547051099665,4.2088479151773965e-17,18.48777810278705,5.697745433855197,
7fbde01e8a,180,331,12247,122.47,101.12547051099665,4.1715864929975845e-17,18.48777810278705,8.202046592037389,
7fbde01e8a,180,332,12284,122.84,101.12547051099665,4.280702630648515e-17,18.48777810278705,8.252096195912317,
7fbde01e8a,180,333,12321,123.21,101.12547051099665,4.188348450675669e-17,18.48777810278705,6.524132659269385,
7fbde01e8a,180,334,12358,123.58,101.12547051099665,4.123915625770479e-17,18.48777810278705,6.766916563086706,
7fbde01e8a,180,335,12395,123.95,101.12547051099665,4.108532905173828e-17,18.48777810278705,6.133664545149438,
7fbde01e8a,180,336,12432,124.32,101.12547051099665,4.0465254866508476e-17,18.48777810278705,7.406593869003066,
7fbde01e8a,180,337,12469,124.69,101.12547051099665,4.12449657043585e-17,18.48777810278705,7.7872682933637325,
7fbde01e8a,180,338,12506,125.06,101.12547051099665,2.0834852657290796e-17,18.48777810278705,7.6482655198983025,
7fbde01e8a,180,339,12543,125.43,101.12547051099665,2.0856607470078255e-17,18.48777810278705,8.233939120399235,
7fbde01e8a,180,340,12580,125.8,101.12547051099665,2.0928823987060265e-17,18.48777810278705,8.688884575347723,
7fbde01e8a,180,341,12617,126.17,101.12547051099665,2.1158074091553263e-17,18.48777810278705,8.889135665451308,
7fbde01e8a,180,342,12654,126.54,101.12547051099665,2.138526689384132e-17,18.48777810278705,9.704271213562762,
7fbde01e8a,180,343,12691,126.91,101.12547051099665,2.148716238324146e-17,18.48777810278705,8.362351041524644,
7fbde01e8a,180,344,12728,127.28,101.12547051099665,2.158967722452328e-17,18.48777810278705,8.703249812201543,
7fbde01e8a,180,345,12765,127.65,101.12547051099665,2.1593782371766586e-17,18.48777810278705,7.294252736341722,
7fbde01e8a,180,346,12802,128.02,101.12547051099665,4.29966744846503e-17,18.48777810278705,7.72524334830455,
7fbde01e8a,180,347,12839,128.39,101.12547051099665,2.2194519015415e-17,18.48777810278705,6.947991718067428,
7fbde01e8a,180,348,12876,128.76,101.12547051099665,2.191132917580911e-17,18.48777810278705,7.240493319437273,
7fbde01e8a,180,349,12913,129.13,101.12547051099665,4.390850700753936e-17,18.48777810278705,9.852543805981826,
7fbde01e8a,180,350,12950,129.5,101.12547051099665,4.3308271701673576e-17,18.48777810278705,8.364585812845261,
7fbde01e8a,180,351,12987,129.87,101.12547051099665,4.3762793036915586e-17,18.48777810278705,8.36092984533426,
7fbde01e8a,180,352,13024,130.24,101.12547051099665,4.173542163759339e-17,18.48777810278705,7.346801238789626,
7fbde01e8a,180,353,13061,130.61,101.12547051099665,2.0926391842780497e-17,18.48777810278705,7.6358046349299045,
7fbde01e8a,180,354,13098,130.98,101.12547051099665,2.1285258104760818e-17,18.48777810278705,8.381519952677598,
7fbde01e8a,180,355,13135,131.35,101.12547051099665,4.189094782103249e-17,18.48777810278705,7.750311217251996,
7fbde01e8a,180,356,13172,131.72,101.12547051099665,2.1305447422155263e-17,18.48777810278705,8.370870661694076,
7fbde01e8a,180,357,13209,132.09,101.12547051099665,2.202517205343161e-17,18.48777810278705,9.020277248720353,
7fbde01e8a,180,358,13246,132.46,101.12547051099665,2.2228067608574392e-17,18.48777810278705,10.445556368454184,
7fbde01e8a,180,359,13283,132.83,101.12547051099665,2.2118161337307228e-17,18.48777810278705,6.704355753309329,
7fbde01e8a,180,360,13320,133.2,101.12547051099665,2.212636805889823e-17,18.48777810278705,8.49235475762545,
7fbde01e8a,180,361,13357,133.57,101.12547051099665,2.1847356570690063e-17,18.48777810278705,8.786738748300772,
7fbde01e8a,180,362,13394,133.94,101.12547051099665,2.2045066726565812e-17,18.48777810278705,8.218093285358268,
7fbde01e8a,180,363,13431,134.31,101.12547051099665,2.265205713284013e-17,18.48777810278705,9.835030839936694,
7fbde01e8a,180,364,13468,134.68,101.12547051099665,2.276005427266239e-17,18.48777810278705,6.673560851583884,
7fbde01e8a,180,365,13505,135.05,101.12547051099665,2.2469643460931838e-17,18.48777810278705,8.993929673802239,
7fbde01e8a,180,366,13542,135.42,101.12547051099665,2.2339186884122235e-17,18.48777810278705,7.009486551875294,
7fbde01e8a,180,367,13579,135.79,101.12547051099665,4.41697635374451e-17,18.48777810278705,7.7198538860779555,
7fbde01e8a,180,368,13616,136.16,101.12547051099665,4.355106560591891e-17,18.48777810278705,9.442820735363528,
7fbde01e8a,180,369,13653,136.53,101.12547051099665,4.379263621656622e-17,18.48777810278705,9.03254334533917,
7fbde01e8a,180,370,13690,136.9,101.12547051099665,8.77583944049245e-17,18.48777810278705,7.71409326969423,
7fbde01e8a,180,371,13727,137.27,101.12547051099665,4.4970124504487915e-17,18.48777810278705,11.581511306492347,
7fbde01e8a,180,372,13764,137.64,101.12547051099665,4.4184896773701413e-17,18.48777810278705,7.908493372519214,
7fbde01e8a,180,373,13801,138.01,101.12547051099665,8.858733806293909e-17,18.48777810278705,9.764788296961711,
7fbde01e8a,180,374,13838,138.38,101.12547051099665,4.5140273837140076e-17,18.48777810278705,7.8130625017935476,
7fbde01e8a,180,375,13875,138.75,101.12547051099665,4.5282757875830964e-17,18.48777810278705,7.00234982219568,
7fbde01e8a,180,376,13912,139.12,101.12547051099665,9.165379979027385e-17,18.48777810278705,9.121951843057682,
7fbde01e8a,180,377,13949,139.49,101.12547051099665,9.203188961638127e-17,18.48777810278705,7.763490187276345,
7fbde01e8a,180,378,13986,139.86,101.12547051099665,4.5146920325303413e-17,18.48777810278705,7.613562556712011,
7fbde01e8a,180,379,14023,140.23,101.12547051099665,8.961500928552962e-17,18.48777810278705,10.617315010490048,
7fbde01e8a,180,380,14060,140.6,101.12547051099665,4.3869477288952566e-17,18.48777810278705,8.149094632272401,
7fbde01e8a,180,381,14097,140.97,101.12547051099665,8.729147631624842e-17,18.48777810278705,8.410735643358803,
7fbde01e8a,180,382,14134,141.34,101.12547051099665,4.394179758498951e-17,18.48777810278705,8.412358023477905,
7fbde01e8a,180,383,14171,141.71,101.12547051099665,8.836781713169303e-17,18.48777810278705,7.9621001086320895,
7fbde01e8a,180,384,14208,142.08,101.12547051099665,4.429204054219568e-17,18.48777810278705,9.318636197761508,
7fbde01e8a,180,385,14245,142.45,101.12547051099665,4.424764526422156e-17,18.48777810278705,7.412289266421728,
7fbde01e8a,180,386,14282,142.82,101.12547051099665,8.640333828714475e-17,18.48777810278705,7.582223596576111,
7fbde01e8a,180,387,14319,143.19,101.12547051099665,8.885627825271356e-17,18.48777810278705,8.23479357109203,
7fbde01e8a,180,388,14356,143.56,101.12547051099665,8.64327573986165e-17,18.48777810278705,8.355388107225911,
7fbde01e8a,180,389,14393,143.93,101.12547051099665,4.395120836641602e-17,18.48777810278705,7.842152912799111,
7fbde01e8a,180,390,14430,144.3,101.12547051099665,4.332291365388585e-17,18.48777810278705,7.057596460534417,
7fbde01e8a,180,391,14467,144.67,101.12547051099665,4.40514027655048e-17,18.48777810278705,9.062165583826784,
7fbde01e8a,180,392,14504,145.04,101.12547051099665,8.808450883977344e-17,18.48777810278705,8.068509493544568,
7fbde01e8a,180,393,14541,145.41,101.12547051099665,4.338594600404354e-17,18.48777810278705,6.276959008991633,
7fbde01e8a,180,394,14578,145.78,101.12547051099665,4.365325517343081e-17,18.48777810278705,6.3245904360201175,
7fbde01e8a,180,395,14615,146.15,101.12547051099665,2.1599090960163092e-17,18.48777810278705,7.996479610356373,
7fbde01e8a,180,396,14652,146.52,101.12547051099665,2.1597392455147662e-17,18.48777810278705,9.330694442022471,
7fbde01e8a,180,397,14689,146.89,101.12547051099665,2.115769207167438e-17,18.48777810278705,7.345008019581211,
7fbde01e8a,180,398,14726,147.26,101.12547051099665,4.2144486983147486e-17,18.48777810278705,10.901411392802066,
7fbde01e8a,180,399,14763,147.63,101.12547051099665,4.2355408741185755e-17,18.48777810278705,8.800846188527206,
7fbde01e8a,180,400,14800,148.0,101.12547051099665,4.3122713208536416e-17,18.48777810278705,7.067120437425501,
7fbde01e8a,180,401,14837,148.37,101.12547051099665,4.278298140100896e-17,18.48777810278705,9.309865183030864,
7fbde01e8a,180,402,14874,148.74,101.12547051099665,4.3298087914848344e-17,18.48777810278705,8.444482123881683,
7fbde01e8a,180,403,14911,149.11,101.12547051099665,2.1770815114827113e-17,18.48777810278705,8.724087203672,
7fbde01e8a,180,404,14948,149.48,101.12547051099665,2.1997158005274128e-17,18.48777810278705,9.184167085410968,
7fbde01e8a,180,405,14985,149.85,101.12547051099665,4.3933215558317495e-17,18.48777810278705,8.375583199920388,
7fbde01e8a,180,406,15022,150.22,101.12547051099665,4.381337772008157e-17,18.48777810278705,9.45345551735333,
7fbde01e8a,180,407,15059,150.59,101.12547051099665,2.1630121742358418e-17,18.48777810278705,8.26400814998824,
7fbde01e8a,180,408,15096,150.96,101.12547051099665,2.189317338633255e-17,18.48777810278705,6.683691103494905,
7fbde01e8a,180,409,15133,151.33,101.12547051099665,2.1924183379341047e-17,18.48777810278705,6.7263231136668304,
7fbde01e8a,180,410,15170,151.7,101.12547051099665,2.147562055730579e-17,18.48777810278705,8.73590192389249,
7fbde01e8a,180,411,15207,152.07,101.12547051099665,4.361170560292094e-17,18.48777810278705,9.646023286534364,
7fbde01e8a,180,412,15244,152.44,101.12547051099665,4.404874034062053e-17,18.48777810278705,8.99395950200492,
7fbde01e8a,180,413,15281,152.81,101.12547051099665,4.471187073587272e-17,18.48777810278705,11.130709388486153,
7fbde01e8a,180,414,15318,153.18,101.12547051099665,4.424971209645577e-17,18.48777810278705,6.36640430316572,
7fbde01e8a,180,415,15355,153.55,101.12547051099665,4.464819596472105e-17,18.48777810278705,9.066038082875105,
7fbde01e8a,180,416,15392,153.92,101.12547051099665,9.07031283256225e-17,18.48777810278705,9.325062311763606,
7fbde01e8a,180,417,15429,154.29,101.12547051099665,4.5143224422597837e-17,18.48777810278705,8.175517157223348,
7fbde01e8a,180,418,15466,154.66,101.12547051099665,4.513645999905775e-17,18.48777810278705,8.109155158468333,
7fbde01e8a,180,419,15503,155.03,101.12547051099665,4.5517412520542994e-17,18.48777810278705,9.69328343921855,
7fbde01e8a,180,420,15540,155.4,101.12547051099665,2.2591468317849625e-17,18.48777810278705,9.732411289265162,
7fbde01e8a,180,421,15577,155.77,101.12547051099665,2.284726436688179e-17,18.48777810278705,11.170444073222043,
7fbde01e8a,180,422,15614,156.14,101.12547051099665,4.4290767296327785e-17,18.48777810278705,8.642924542702994,
7fbde01e8a,180,423,15651,156.51,101.12547051099665,4.523751960142725e-17,18.48777810278705,8.922801984191315,
7fbde01e8a,180,424,15688,156.88,101.12547051099665,4.505919097747924e-17,18.48777810278705,8.171821730260007,
7fbde01e8a,180,425,15725,157.25,101.12547051099665,4.499078031103744e-17,18.48777810278705,7.3197637730110925,
7fbde01e8a,180,426,15762,157.62,101.12547051099665,2.2589751182449205e-17,18.48777810278705,8.57768066423098,
7fbde01e8a,180,427,15799,157.99,101.12547051099665,4.4539456905068183e-17,18.48777810278705,8.560023089259248,
7fbde01e8a,180,428,15836,158.36,101.12547051099665,4.517044691255281e-17,18.48777810278705,9.604876583825423,
7fbde01e8a,180,429,15873,158.73,101.12547051099665,4.471498630944544e-17,18.48777810278705,8.584351660232393,
7fbde01e8a,180,430,15910,159.1,101.12547051099665,4.3789684329930546e-17,18.48777810278705,9.789037439029729,
7fbde01e8a,180,431,15947,159.47,101.12547051099665,8.794849956343298e-17,18.48777810278705,8.604588928794074,
7fbde01e8a,180,432,15984,159.84,101.12547051099665,4.44464240365243e-17,18.48777810278705,9.51661737548464,
7fbde01e8a,180,433,16021,160.21,101.12547051099665,4.4899557203606573e-17,18.48777810278705,9.522666478687508,
7fbde01e8a,180,434,16058,160.58,101.12547051099665,9.096601043486881e-17,18.48777810278705,7.358830127477594,
7fbde01e8a,180,435,16095,160.95,101.12547051099665,8.99845292276413e-17,18.48777810278705,7.362600074407006,
7fbde01e8a,180,436,16132,161.32,101.12547051099665,8.715138651708364e-17,18.48777810278705,7.8425661783972656,
7fbde01e8a,180,437,16169,161.69,101.12547051099665,4.3565579936124323e-17,18.48777810278705,6.8374047090020085,
7fbde01e8a,180,438,16206,162.06,101.12547051099665,4.4095389421285103e-17,18.48777810278705,6.217628204055269,
7fbde01e8a,180,439,16243,162.43,101.12547051099665,4.290721352464907e-17,18.48777810278705,7.722879667102167,
7fbde01e8a,180,440,16280,162.8,101.12547051099665,4.158573810266168e-17,18.48777810278705,6.298990534850835,
7fbde01e8a,180,441,16317,163.17,101.12547051099665,4.143390553694914e-17,18.48777810278705,9.423812417210476,
7fbde01e8a,180,442,16354,163.54,101.12547051099665,2.0960092774287376e-17,18.48777810278705,8.971834055211675,
7fbde01e8a,180,443,16391,163.91,101.12547051099665,2.1171616354327926e-17,18.48777810278705,8.712048098177876,
7fbde01e8a,180,444,16428,164.28,101.12547051099665,4.177700373034992e-17,18.48777810278705,10.110624488519655,
7fbde01e8a,180,445,16465,164.65,101.12547051099665,2.1346589102501062e-17,18.48777810278705,5.17392760577176,
7fbde01e8a,180,446,16502,165.02,101.12547051099665,2.1560831217937538e-17,18.48777810278705,9.330441364395384,
7fbde01e8a,180,447,16539,165.39,101.12547051099665,4.3831792729102124e-17,18.48777810278705,7.9517173117328905,
7fbde01e8a,180,448,16576,165.76,101.12547051099665,2.2021408794199094e-17,18.48777810278705,7.410552648683175,
7fbde01e8a,180,449,16613,166.13,101.12547051099665,4.502880418634625e-17,18.48777810278705,7.312820101403369,
7fbde01e8a,180,450,16650,166.5,101.12547051099665,4.388905226734977e-17,18.48777810278705,8.376114865119698,
7fbde01e8a,180,451,16687,166.87,101.12547051099665,4.4066430566036723e-17,18.48777810278705,9.237260294188538,
7fbde01e8a,180,452,16724,167.24,101.12547051099665,4.379906873400316e-17,18.48777810278705,7.140857413990768,
7fbde01e8a,180,453,16761,167.61,101.12547051099665,4.3503517596642647e-17,18.48777810278705,8.027993143251123,
7fbde01e8a,180,454,16798,167.98,101.12547051099665,4.276252789585303e-17,18.48777810278705,10.761038014117036,
7fbde01e8a,180,455,16835,168.35,101.12547051099665,4.387080034050036e-17,18.48777810278705,10.62284342424461,
7fbde01e8a,180,456,16872,168.72,101.12547051099665,8.815769867249217e-17,18.48777810278705,8.662629007561826,
7fbde01e8a,180,457,16909,169.09,101.12547051099665,4.428966272099045e-17,18.48777810278705,7.940814531682881,
7fbde01e8a,180,458,16946,169.46,101.12547051099665,4.496554015254629e-17,18.48777810278705,9.915208134081443,
7fbde01e8a,180,459,16983,169.83,101.12547051099665,4.5002686085634243e-17,18.48777810278705,9.171880417556842,
7fbde01e8a,180,460,17020,170.2,101.12547051099665,4.458974338198337e-17,18.48777810278705,10.066450276468084,
7fbde01e8a,180,461,17057,170.57,101.12547051099665,4.4515357032350354e-17,18.48777810278705,6.404767207087452,
7fbde01e8a,180,462,17094,170.94,101.12547051099665,4.466668825291128e-17,18.48777810278705,8.616111816801622,
7fbde01e8a,180,463,17131,171.31,101.12547051099665,2.228892747588353e-17,18.48777810278705,7.15089945962128,
7fbde01e8a,180,464,17168,171.68,101.12547051099665,4.3910595016192805e-17,18.48777810278705,8.261324220739843,
7fbde01e8a,180,465,17205,172.05,101.12547051099665,4.384568845733125e-17,18.48777810278705,9.131975296318014,
7fbde01e8a,180,466,17242,172.42,101.12547051099665,4.324176367848266e-17,18.48777810278705,6.22372436351779,
7fbde01e8a,180,467,17279,172.79,101.12547051099665,4.388143933094445e-17,18.48777810278705,9.103662777714764,
7fbde01e8a,180,468,17316,173.16,101.12547051099665,4.353950580257336e-17,18.48777810278705,8.962553045282716,
7fbde01e8a,180,469,17353,173.53,101.12547051099665,4.359690684412526e-17,18.48777810278705,9.709854957431778,
7fbde01e8a,180,470,17390,173.9,101.12547051099665,8.869984776859094e-17,18.48777810278705,8.611290912751109,
7fbde01e8a,180,471,17427,174.27,101.12547051099665,4.4942087630204675e-17,18.48777810278705,9.148399294105449,
7fbde01e8a,180,472,17464,174.64,101.12547051099665,4.4632062542583003e-17,18.48777810278705,7.778786883719009,
7fbde01e8a,180,473,17501,175.01,101.12547051099665,4.3110285593363045e-17,18.48777810278705,8.320826848425185,
7fbde01e8a,180,474,17538,175.38,101.12547051099665,4.3421278394112505e-17,18.48777810278705,6.673571235070183,
7fbde01e8a,180,475,17575,175.75,101.12547051099665,4.347442201726562e-17,18.48777810278705,8.087667638232219,
7fbde01e8a,180,476,17612,176.12,101.12547051099665,4.357190005608397e-17,18.48777810278705,7.132554955277649,
7fbde01e8a,180,477,17649,176.49,101.12547051099665,4.3650729532330144e-17,18.48777810278705,11.86403993036812,
7fbde01e8a,180,478,17686,176.86,101.12547051099665,4.298581952876285e-17,18.48777810278705,5.916223989405946,
7fbde01e8a,180,479,17723,177.23,101.12547051099665,4.230098544282515e-17,18.48777810278705,5.7261582882442825,
7fbde01e8a,180,480,17760,177.6,101.12547051099665,4.178515273033308e-17,18.48777810278705,9.574951669112844,
7fbde01e8a,180,481,17797,177.97,101.12547051099665,4.2026082414663164e-17,18.48777810278705,6.903887754113154,
7fbde01e8a,180,482,17834,178.34,101.12547051099665,4.189684435134055e-17,18.48777810278705,7.934928136445173,
7fbde01e8a,180,483,17871,178.71,101.12547051099665,4.2863922891324594e-17,18.48777810278705,8.874962795594174,
7fbde01e8a,180,484,17908,179.08,101.12547051099665,4.270160707084013e-17,18.48777810278705,8.339637115131712,
7fbde01e8a,180,485,17945,179.45,101.12547051099665,2.1379754258513292e-17,18.48777810278705,8.919652512278294,
7fbde01e8a,180,486,17982,179.82,101.12547051099665,,18.48777810278705,7.514290318753556,
186ac70df0,180,0,0,0.0,516651013610901.0,25.68724900834717,119640441474639.08,45339514194458.65,"ProjectedCommonDirectionsConfig(subspace_frac_grads=0.09, subspace_frac_updates=0, subspace_frac_random=0.09, direction_str=sd, random_proj=True, random_proj_dim_frac=0.2, ensemble=haar, inner_use_full_grad=True, orth_P_k=True, beta=0.001, tau=0.5, c_const=inf, N_try=200, alpha_max=100, p_const=1)"
186ac70df0,180,1,37,0.37,328520982459928.6,19.716015354881925,95402755932771.05,42842933524011.61,
186ac70df0,180,2,74,0.74,145398724362963.47,7.842518269783311,63468708656974.65,32455747180028.8,
186ac70df0,180,3,111,1.11,5285804809853.178,1.4781349085888982,12101380733649.473,4520694388018.248,
186ac70df0,180,4,148,1.48,141257143767.4879,0.2710931668142279,1978265486189.2961,809590879156.1178,
186ac70df0,180,5,185,1.85,30467560712.69877,0.13051867318174007,918751806281.6036,445796311176.1537,
186ac70df0,180,6,222,2.22,10031065778.160557,0.07784286772322269,527172686713.74097,264900809088.09744,
186ac70df0,180,7,259,2.59,4919701196.703523,0.05616393989007731,369188974461.43854,150042103131.4975,
186ac70df0,180,8,296,2.96,3186081753.6834555,0.04616958544293996,297103532059.4863,163775155180.93192,
186ac70df0,180,9,333,3.33,2485239196.9621806,0.04078075674520802,262399771502.5061,122767896248.05222,
186ac70df0,180,10,370,3.7,1940224015.9290757,0.03665042452661618,231849033968.32748,117598916683.51584,
186ac70df0,180,11,407,4.07,1746279172.8105788,0.03458066802951399,219956190131.2279,106354583046.69455,
186ac70df0,180,12,444,4.44,1502226213.602419,0.03235548244757069,204007915072.75613,85702951202.67671,
186ac70df0,180,13,481,4.81,1388937168.5841599,0.031019989845279303,196164605051.1612,84280370794.11165,
186ac70df0,180,14,518,5.18,1253585890.7242546,0.028810918110619588,186361584478.3808,86804837619.55113,
186ac70df0,180,15,555,5.55,935369453.7039065,0.024418869978835592,160979632681.17755,61868424590.891785,
186ac70df0,180,16,592,5.92,590214423.4027436,0.01940952278008871,127874584630.87267,55931410352.966644,
186ac70df0,180,17,629,6.29,374565875.4459234,0.01569763355489111,101869320616.34856,41677465810.62113,
186ac70df0,180,18,666,6.66,271733151.63711524,0.013182104613033428,86766203714.83458,31549243306.21858,
186ac70df0,180,19,703,7.03,173899036.88400796,0.010623345253702355,69410924054.63464,32349537606.416927,
186ac70df0,180,20,740,7.4,118846214.08115208,0.008835964638029293,57381494473.33292,31549069632.38634,
186ac70df0,180,21,777,7.77,85686698.42619465,0.007539198559798282,48723200977.279434,26910339331.945168,
186ac70df0,180,22,814,8.14,64430816.244844854,0.00655155676989205,42249915028.1927,20348774939.481815,
186ac70df0,180,23,851,8.51,49346705.53661847,0.005602093800603433,36974984527.291374,13265277641.524977,
186ac70df0,180,24,888,8.88,30807035.6810471,0.00453618843299589,29214846381.2827,15170043485.676636,
186ac70df0,180,25,925,9.25,23860660.059519608,0.004013980783510376,25711041564.296936,11840790389.295898,
186ac70df0,180,26,962,9.62,19356511.722630575,0.003600867107725439,23157505561.730724,9493868403.498764,
186ac70df0,180,27,999,9.99,15178050.513090407,0.0032648893542052498,20506234250.641987,8135451995.957117,
186ac70df0,180,28,1036,10.36,14482083.805743767,0.0031415294054552892,20030573133.334904,9460136577.78477,
186ac70df0,180,29,1073,10.73,12209750.28306806,0.0027959200793084326,18392084619.74633,7020065194.2974205,
186ac70df0,180,30,1110,11.1,7855942.205998336,0.0011814653897681549,14752842593.199074,6638232328.321789,
186ac70df0,180,31,1147,11.47,101.71649973790485,6.303265384298318e-07,4046540.0373179014,1606735.9066293554,
186ac70df0,180,32,1184,11.84,101.59591904195366,5.710113503200342e-07,3610234.57282425,1752568.4459566711,
186ac70df0,180,33,1221,12.21,101.55078342900921,5.447274696940902e-07,3432682.602783687,1243291.7365500592,
186ac70df0,180,34,1258,12.58,101.52052039104653,5.163853748825548e-07,3308303.384047987,1341949.5869555767,
186ac70df0,180,35,1295,12.95,101.44540531926182,4.6352437035542305e-07,2977214.3807421904,1230768.9029311482,
186ac70df0,180,36,1332,13.32,101.37904368339333,3.9944335353221226e-07,2650519.556853886,1252481.9593985113,
186ac70df0,180,37,1369,13.69,101.27624998090042,3.017382054378559e-07,2043856.8056029882,858928.7285597196,
186ac70df0,180,38,1406,14.06,101.19927751365793,2.1562853249565292e-07,1429973.9890623135,828994.2505025301,
186ac70df0,180,39,1443,14.43,101.16959375192138,1.6952519751067167e-07,1105638.2339192415,501334.4291820989,
186ac70df0,180,40,1480,14.8,101.15611149798478,1.415779253969646e-07,921362.8913823849,346268.14471989026,
186ac70df0,180,41,1517,15.17,101.14715855674011,1.201132150995275e-07,775156.7488314019,326441.80090849695,
186ac70df0,180,42,1554,15.54,101.14197728027825,1.0544791939719977e-07,676254.787252022,387662.6217167604,
186ac70df0,180,43,1591,15.91,101.13872441290435,9.398360466699757e-08,605970.0863074828,257570.45155040073,
186ac70df0,180,44,1628,16.28,101.13563797896944,8.323838618659479e-08,530744.7534711992,283415.121141978,
186ac70df0,180,45,1665,16.65,101.13404100840924,7.533281649685462e-08,487284.15995825315,239546.59625066738,
186ac70df0,180,46,1702,17.02,101.1318655845885,6.579644069564502e-08,420922.4004461637,205258.24011049015,
186ac70df0,180,47,1739,17.39,101.13071353289293,6.008447633380572e-08,381127.3038950232,208761.76535493377,
186ac70df0,180,48,1776,17.76,101.1300848333446,5.5397407850890054e-08,357547.044857027,177075.06252723536,
186ac70df0,180,49,1813,18.13,101.1289793484515,4.83690577132012e-08,311789.00297916395,133157.02124590887,
186ac70df0,180,50,1850,18.5,101.12816787630774,4.288833006386829e-08,273368.77417977253,144870.91102387238,
186ac70df0,180,51,1887,18.87,101.12775087881617,3.994100873338701e-08,251351.55194476046,137003.73593430317,
186ac70df0,180,52,1924,19.24,101.12761224400192,3.8683230918302356e-08,243591.24403435516,71130.46816466318,
186ac70df0,180,53,1961,19.61,101.12747165260248,3.723239716117693e-08,235460.3908719283,95660.42866635979,
186ac70df0,180,54,1998,19.98,101.12727603203251,3.4543390143875004e-08,223655.85075353185,78372.38916203132,
186ac70df0,180,55,2035,20.35,101.1268066066972,2.9018884766676903e-08,192396.6831780483,93146.6645199273,
186ac70df0,180,56,2072,20.72,101.12627103020296,2.2641841001278852e-08,148923.81794521565,62559.57615794524,
186ac70df0,180,57,2109,21.09,101.12598614918805,1.8094151543044917e-08,119522.73478140349,60944.557357623285,
186ac70df0,180,58,2146,21.46,101.12579004732854,1.4174799137282948e-08,94088.67788807882,31187.723785379618,
186ac70df0,180,59,2183,21.83,101.1256599336295,1.0511909250412985e-08,72442.28155793928,33300.388826166476,
186ac70df0,180,60,2220,22.2,101.12554859173403,7.080600737755858e-09,46509.13122125574,21863.85842826932,
186ac70df0,180,61,2257,22.57,101.12552141543166,5.674865322705843e-09,37553.019955825876,16535.628398354685,
186ac70df0,180,62,2294,22.94,101.12550154823055,4.601268467981961e-09,29322.129781338557,16433.9247386413,
186ac70df0,180,63,2331,23.31,101.12549679760349,4.270810228919423e-09,26984.320949971614,13302.477213321346,
186ac70df0,180,64,2368,23.68,101.12549440518096,4.0433676785463925e-09,25727.446124287482,9883.929302813238,
186ac70df0,180,65,2405,24.05,101.12549100749037,3.67765674638992e-09,23827.65118913032,12432.197718586109,
186ac70df0,180,66,2442,24.42,101.12548559029656,3.1573587888478285e-09,20437.266756815938,9379.340249094452,
186ac70df0,180,67,2479,24.79,101.12548169596424,2.8098228288923747e-09,17601.24987203007,9325.449897837078,
186ac70df0,180,68,2516,25.16,101.12548141555723,2.741719463241674e-09,17378.193336729368,7145.562534420673,
186ac70df0,180,69,2553,25.53,101.1254801671527,2.5594729069486155e-09,16353.639905427404,8633.81146581244,
186ac70df0,180,70,2590,25.9,101.12547851146132,2.377845501443043e-09,14884.497409830368,6589.942627411131,
186ac70df0,180,71,2627,26.27,101.12547835451339,2.3335052363308063e-09,14738.679944886671,6162.687246200227,
186ac70df0,180,72,2664,26.64,101.12547766301383,2.206917828264908e-09,14072.262901577624,7656.419333645582,
186ac70df0,180,73,2701,27.01,101.1254765383414,2.028646946857344e-09,12917.9867797501,6208.568919564175,
186ac70df0,180,74,2738,27.38,101.12547564795511,1.8714680403486263e-09,11925.733370981196,6523.402386709602,
186ac70df0,180,75,2775,27.75,101.12547486266706,1.725589945958992e-09,10976.520465467054,5546.322208585299,
186ac70df0,180,76,2812,28.12,101.12547425370137,1.5824794919953423e-09,10178.285839999606,4738.347123390665,
186ac70df0,180,77,2849,28.49,101.12547344280306,1.4323541035597773e-09,9008.402702767975,3910.3617113087485,
186ac70df0,180,78,2886,28.86,101.12547327863973,1.3847096473971965e-09,8751.947035598643,4000.9462333920724,
186ac70df0,180,79,2923,29.23,101.1254730214207,1.3241957367659507e-09,8332.905894327472,3789.194127418872,
186ac70df0,180,80,2960,29.6,101.12547286948565,1.2636421451678125e-09,8077.013513251401,3716.8667312151615,
186ac70df0,180,81,2997,29.97,101.1254724589477,1.1356090383148623e-09,7339.848644963017,2250.3634811084944,
186ac70df0,180,82,3034,30.34,101.12547197378377,5.205727932375996e-10,6361.682242060587,4015.7569674795536,
186ac70df0,180,83,3071,30.71,101.12547051674025,2.2222310587926815e-11,282.1637481738864,116.48662662151712,
186ac70df0,180,84,3108,31.08,101.12547051488166,5.793016653776139e-12,9.20022124932187,5.400505381059228,
186ac70df0,180,85,3145,31.45,101.12547051464838,9.635518241986468e-12,61.91459608856677,28.917474792048434,
186ac70df0,180,86,3182,31.82,101.1254705144044,4.349614920874144e-12,55.02576401024329,27.41716240651011,
186ac70df0,180,87,3219,32.19,101.1254705136377,8.846759928415147e-13,1.402719359795664,0.5464049889659964,
186ac70df0,180,88,3256,32.56,101.12547051309149,3.63034745271798e-16,9.474994244152333,4.992376458450248,
186ac70df0,180,89,3293,32.93,101.12547051297378,5.656787529594422e-18,9.473540953895974,3.8641569118471746,
186ac70df0,180,90,3330,33.3,101.12547051297378,4.697048824379375e-14,9.473540953895974,3.801639821290846,
186ac70df0,180,91,3367,33.67,101.12547051266897,8.360226849120399e-17,8.892555820207194,3.636050646129916,
186ac70df0,180,92,3404,34.04,101.12547051265834,1.7066990087866136e-13,8.89246954893777,3.208780406891637,
186ac70df0,180,93,3441,34.41,101.12547051232781,4.996872764220926e-16,6.847836168393562,3.1380362916383877,
186ac70df0,180,94,3478,34.78,101.1254705122999,1.0112572652206534e-15,6.844643974075642,3.4877823330030844,
186ac70df0,180,95,3515,35.15,101.12547051215846,6.406111221898503e-17,6.83383209865859,2.7221110957935433,
186ac70df0,180,96,3552,35.52,101.12547051212204,7.694071633930764e-18,6.833753315099955,2.537006564076157,
186ac70df0,180,97,3589,35.89,101.12547051212204,3.067355071686445e-17,6.833753315099955,2.6615045039142755,
186ac70df0,180,98,3626,36.26,101.12547051212182,7.810888158084314e-18,6.83371146428169,3.3487032858012507,
186ac70df0,180,99,3663,36.63,101.12547051212182,8.015252510239868e-18,6.83371146428169,3.7951868094510313,
186ac70df0,180,100,3700,37.0,101.12547051212182,8.030422384681779e-18,6.83371146428169,3.2567090104153484,
186ac70df0,180,101,3737,37.37,101.12547051212182,7.868195839673603e-18,6.83371146428169,2.7199337146076124,
186ac70df0,180,102,3774,37.74,101.12547051212182,7.812323379658312e-18,6.83371146428169,3.15103855777646,
186ac70df0,180,103,3811,38.11,101.12547051212182,8.007672373372056e-18,6.83371146428169,3.382862064296552,
186ac70df0,180,104,3848,38.48,101.12547051212182,4.1671801333780305e-18,6.83371146428169,2.2023013939316036,
186ac70df0,180,105,3885,38.85,101.12547051212182,8.034773375587412e-18,6.83371146428169,3.3230086631596825,
186ac70df0,180,106,3922,39.22,101.12547051212182,8.034798634222426e-18,6.83371146428169,2.5657108912623783,
186ac70df0,180,107,3959,39.59,101.12547051212182,7.772733647632721e-18,6.83371146428169,2.731112119965481,
186ac70df0,180,108,3996,39.96,101.12547051212182,7.822008349209009e-18,6.83371146428169,3.2621871020629527,
186ac70df0,180,109,4033,40.33,101.12547051212182,1.2648150974768393e-16,6.83371146428169,3.324827038102224,
186ac70df0,180,110,4070,40.7,101.12547051209063,3.194594597030174e-17,6.833387247004795,2.7289538427686275,
186ac70df0,180,111,4107,41.07,101.12547051208027,1.56385985335651e-17,6.833362132251304,2.9281191788336822,
186ac70df0,180,112,4144,41.44,101.12547051207994,7.836608762633223e-18,6.833350456418519,3.068101585456416,
186ac70df0,180,113,4181,41.81,101.12547051207994,7.97013447913046e-18,6.833350456418519,3.4002903960796442,
186ac70df0,180,114,4218,42.18,101.12547051207994,7.88904329459191e-18,6.833350456418519,2.0546947997478098,
186ac70df0,180,115,4255,42.55,101.12547051207994,7.881940671635873e-18,6.833350456418519,2.5751911057787114,
186ac70df0,180,116,4292,42.92,101.12547051207994,7.844533592126295e-18,6.833350456418519,2.8721654716256446,
186ac70df0,180,117,4329,43.29,101.12547051207994,7.607822881077334e-18,6.833350456418519,2.249621859132257,
186ac70df0,180,118,4366,43.66,101.12547051207994,7.856623817072628e-18,6.833350456418519,3.043674813711493,
186ac70df0,180,119,4403,44.03,101.12547051207994,1.5177375797105733e-17,6.833350456418519,2.6919824751245356,
186ac70df0,180,120,4440,44.4,101.12547051207994,7.400378894659557e-18,6.833350456418519,2.6932710575888987,
186ac70df0,180,121,4477,44.77,101.12547051207994,7.08222734177442e-18,6.833350456418519,2.4132044175717917,
186ac70df0,180,122,4514,45.14,101.12547051207994,6.926893215555448e-18,6.833350456418519,2.2712013416563406,
186ac70df0,180,123,4551,45.51,101.12547051207994,5.888902209596773e-17,6.833350456418519,3.070511345920348,
186ac70df0,180,124,4588,45.88,101.12547051207424,3.009694536666761e-17,6.833320928249703,2.1090339453155154,
186ac70df0,180,125,4625,46.25,101.12547051205956,7.473038387563828e-18,6.833312047662765,2.910088662215849,
186ac70df0,180,126,4662,46.62,101.12547051205956,7.84542115732103e-18,6.833312047662765,3.2110506961860232,
186ac70df0,180,127,4699,46.99,101.12547051205956,7.984125113683843e-18,6.833312047662765,3.1926347264370314,
186ac70df0,180,128,4736,47.36,101.12547051205956,7.858228652840852e-18,6.833312047662765,3.157729412560812,
186ac70df0,180,129,4773,47.73,101.12547051205956,4.011602783243437e-18,6.833312047662765,2.836520272672044,
186ac70df0,180,130,4810,48.1,101.12547051205956,7.888579882991592e-18,6.833312047662765,2.572773863823445,
186ac70df0,180,131,4847,48.47,101.12547051205956,7.787950351476627e-18,6.833312047662765,2.807878592851707,
186ac70df0,180,132,4884,48.84,101.12547051205956,7.76043621949165e-18,6.833312047662765,3.221365661396981,
186ac70df0,180,133,4921,49.21,101.12547051205956,7.7934950355046e-18,6.833312047662765,2.5795022477755527,
186ac70df0,180,134,4958,49.58,101.12547051205956,7.788359875297514e-18,6.833312047662765,2.9772329102568404,
186ac70df0,180,135,4995,49.95,101.12547051205956,7.896467158796129e-18,6.833312047662765,3.2453050992617496,
186ac70df0,180,136,5032,50.32,101.12547051205956,7.68021589241545e-18,6.833312047662765,3.2590467733312942,
186ac70df0,180,137,5069,50.69,101.12547051205956,7.725182036170426e-18,6.833312047662765,2.901517635291683,
186ac70df0,180,138,5106,51.06,101.12547051205956,1.5782790072617223e-17,6.833312047662765,3.0087068210960797,
186ac70df0,180,139,5143,51.43,101.12547051205956,7.937730240265795e-18,6.833312047662765,2.9032819032581743,
186ac70df0,180,140,5180,51.8,101.12547051205956,1.6253757383513286e-17,6.833312047662765,3.5717179442139355,
186ac70df0,180,141,5217,52.17,101.12547051205956,8.074833906886513e-18,6.833312047662765,3.478861290825887,
186ac70df0,180,142,5254,52.54,101.12547051205956,8.149295411095835e-18,6.833312047662765,3.0705304453824205,
186ac70df0,180,143,5291,52.91,101.12547051205956,8.222496626110542e-18,6.833312047662765,3.970015181346437,
186ac70df0,180,144,5328,53.28,101.12547051205956,8.327998355409863e-18,6.833312047662765,3.588156854250429,
186ac70df0,180,145,5365,53.65,101.12547051205956,8.187677020400712e-18,6.833312047662765,3.106243397064118,
186ac70df0,180,146,5402,54.02,101.12547051205956,8.294721695109868e-18,6.833312047662765,2.858397093947538,
186ac70df0,180,147,5439,54.39,101.12547051205956,8.249768127793335e-18,6.833312047662765,3.043251377244269,
186ac70df0,180,148,5476,54.76,101.12547051205956,8.18128561674352e-18,6.833312047662765,3.2402757899959367,
186ac70df0,180,149,5513,55.13,101.12547051205956,8.109217574150634e-18,6.833312047662765,2.7650243741560323,
186ac70df0,180,150,5550,55.5,101.12547051205956,8.176630237628177e-18,6.833312047662765,2.9973432213896323,
186ac70df0,180,151,5587,55.87,101.12547051205956,8.329343448474409e-18,6.833312047662765,3.473320863244689,
186ac70df0,180,152,5624,56.24,101.12547051205956,1.5794952679975373e-17,6.833312047662765,2.5778643404052257,
186ac70df0,180,153,5661,56.61,101.12547051205956,1.5356332054238814e-17,6.833312047662765,3.6115206633115275,
186ac70df0,180,154,5698,56.98,101.12547051205956,1.5500974042756614e-17,6.833312047662765,2.8091610028806344,
186ac70df0,180,155,5735,57.35,101.12547051205956,1.5767195724186154e-17,6.833312047662765,3.431977194692928,
186ac70df0,180,156,5772,57.72,101.12547051205956,1.6073467800011204e-17,6.833312047662765,3.8875799536571756,
186ac70df0,180,157,5809,58.09,101.12547051205956,8.116400086794075e-18,6.833312047662765,2.1077767962546967,
186ac70df0,180,158,5846,58.46,101.12547051205956,8.030790252190882e-18,6.833312047662765,2.782688830308328,
186ac70df0,180,159,5883,58.83,101.12547051205956,7.995097174105746e-18,6.833312047662765,3.393218443745503,
186ac70df0,180,160,5920,59.2,101.12547051205956,8.061224888828338e-18,6.833312047662765,3.231900536109393,
186ac70df0,180,161,5957,59.57,101.12547051205956,8.146026065993232e-18,6.833312047662765,2.473212637891688,
186ac70df0,180,162,5994,59.94,101.12547051205956,8.278193293464466e-18,6.833312047662765,3.2896757963422942,
186ac70df0,180,163,6031,60.31,101.12547051205956,8.325639240922542e-18,6.833312047662765,3.1241966820128555,
186ac70df0,180,164,6068,60.68,101.12547051205956,8.270637539529388e-18,6.833312047662765,3.1602627488567925,
186ac70df0,180,165,6105,61.05,101.12547051205956,7.924055733696503e-18,6.833312047662765,3.4625193021780047,
186ac70df0,180,166,6142,61.42,101.12547051205956,8.022688019326297e-18,6.833312047662765,3.2592705096133607,
186ac70df0,180,167,6179,61.79,101.12547051205956,8.030052472188728e-18,6.833312047662765,2.820744797540852,
186ac70df0,180,168,6216,62.16,101.12547051205956,7.887104191733097e-18,6.833312047662765,2.513923685815195,
186ac70df0,180,169,6253,62.53,101.12547051205956,7.827387677138476e-18,6.833312047662765,2.618077884202567,
186ac70df0,180,170,6290,62.9,101.12547051205956,7.950301860494616e-18,6.833312047662765,3.2402258242661186,
186ac70df0,180,171,6327,63.27,101.12547051205956,1.5480046672091076e-17,6.833312047662765,2.7085088650997404,
186ac70df0,180,172,6364,63.64,101.12547051205956,1.5735481972579547e-17,6.833312047662765,2.817926483984429,
186ac70df0,180,173,6401,64.01,101.12547051205956,7.791757427701264e-18,6.833312047662765,3.3383791781850483,
186ac70df0,180,174,6438,64.38,101.12547051205956,1.5725581922517994e-17,6.833312047662765,3.757217395616203,
186ac70df0,180,175,6475,64.75,101.12547051205956,7.792748936517919e-18,6.833312047662765,2.4712063207659027,
186ac70df0,180,176,6512,65.12,101.12547051205956,7.87350578811709e-18,6.833312047662765,2.7071491354934794,
186ac70df0,180,177,6549,65.49,101.12547051205956,7.995103129878224e-18,6.833312047662765,3.0678295851718858,
186ac70df0,180,178,6586,65.86,101.12547051205956,7.922554156082083e-18,6.833312047662765,2.470298285689968,
186ac70df0,180,179,6623,66.23,101.12547051205956,1.573930854488846e-17,6.833312047662765,2.8019277159823055,
186ac70df0,180,180,6660,66.6,101.12547051205956,7.941422475717144e-18,6.833312047662765,3.605522193076039,
186ac70df0,180,181,6697,66.97,101.12547051205956,7.833914481857333e-18,6.833312047662765,2.820098249186624,
186ac70df0,180,182,6734,67.34,101.12547051205956,7.710783531479542e-18,6.833312047662765,3.129528279363363,
186ac70df0,180,183,6771,67.71,101.12547051205956,7.734860797767191e-18,6.833312047662765,3.63748221269758,
186ac70df0,180,184,6808,68.08,101.12547051205956,7.830205852277667e-18,6.833312047662765,2.454936268768574,
186ac70df0,180,185,6845,68.45,101.12547051205956,7.837344572302464e-18,6.833312047662765,2.8525105463498357,
186ac70df0,180,186,6882,68.82,101.12547051205956,7.866855937296108e-18,6.833312047662765,3.5461929184180283,
186ac70df0,180,187,6919,69.19,101.12547051205956,8.038517740805138e-18,6.833312047662765,3.4251259961826386,
186ac70df0,180,188,6956,69.56,101.12547051205956,4.003392699959158e-18,6.833312047662765,3.2582647431596383,
186ac70df0,180,189,6993,69.93,101.12547051205956,7.989065237534538e-18,6.833312047662765,3.5598575959043797,
186ac70df0,180,190,7030,70.3,101.12547051205956,4.055859272774985e-18,6.833312047662765,4.320860260997585,
186ac70df0,180,191,7067,70.67,101.12547051205956,4.134909967477128e-18,6.833312047662765,2.621633088226813,
186ac70df0,180,192,7104,71.04,101.12547051205956,8.302392374876055e-18,6.833312047662765,3.3206977357206635,
186ac70df0,180,193,7141,71.41,101.12547051205956,8.350722932007878e-18,6.833312047662765,3.531703389369343,
186ac70df0,180,194,7178,71.78,101.12547051205956,8.267593729957675e-18,6.833312047662765,3.1029119614880196,
186ac70df0,180,195,7215,72.15,101.12547051205956,8.203101889026352e-18,6.833312047662765,2.8052196732231054,
186ac70df0,180,196,7252,72.52,101.12547051205956,4.1036673816662e-18,6.833312047662765,3.6255950573950737,
186ac70df0,180,197,7289,72.89,101.12547051205956,8.192176653882211e-18,6.833312047662765,3.155389166870051,
186ac70df0,180,198,7326,73.26,101.12547051205956,8.356442629216498e-18,6.833312047662765,3.665531967033061,
186ac70df0,180,199,7363,73.63,101.12547051205956,7.975114362443175e-18,6.833312047662765,2.138010536860625,
186ac70df0,180,200,7400,74.0,101.12547051205956,8.03832418738492e-18,6.833312047662765,2.8434015784842916,
186ac70df0,180,201,7437,74.37,101.12547051205956,7.997778041678142e-18,6.833312047662765,2.963120450671812,
186ac70df0,180,202,7474,74.74,101.12547051205956,7.799650298992814e-18,6.833312047662765,2.9672494233164506,
186ac70df0,180,203,7511,75.11,101.12547051205956,7.735897356819582e-18,6.833312047662765,2.6160351744285744,
186ac70df0,180,204,7548,75.48,101.12547051205956,7.939539096314443e-18,6.833312047662765,2.7621959802678338,
186ac70df0,180,205,7585,75.85,101.12547051205956,8.049972919062506e-18,6.833312047662765,3.6942024124387953,
186ac70df0,180,206,7622,76.22,101.12547051205956,3.993717572958356e-18,6.833312047662765,2.5413880974219514,
186ac70df0,180,207,7659,76.59,101.12547051205956,7.886973926006383e-18,6.833312047662765,3.09411775055262,
186ac70df0,180,208,7696,76.96,101.12547051205956,7.95792988726766e-18,6.833312047662765,2.84503904728598,
186ac70df0,180,209,7733,77.33,101.12547051205956,7.873922476181756e-18,6.833312047662765,2.725618097075892,
186ac70df0,180,210,7770,77.7,101.12547051205956,7.989724450892037e-18,6.833312047662765,3.079955008990482,
186ac70df0,180,211,7807,78.07,101.12547051205956,7.97205190519177e-18,6.833312047662765,3.7403788850837913,
186ac70df0,180,212,7844,78.44,101.12547051205956,7.878735814514613e-18,6.833312047662765,2.6764747354353005,
186ac70df0,180,213,7881,78.81,101.12547051205956,7.927679203054201e-18,6.833312047662765,2.619645495670658,
186ac70df0,180,214,7918,79.18,101.12547051205956,7.832494246319017e-18,6.833312047662765,2.470686441695017,
186ac70df0,180,215,7955,79.55,101.12547051205956,2.521771350290763e-16,6.833312047662765,2.1851616072633675,
186ac70df0,180,216,7992,79.92,101.12547051200448,3.180377440330862e-17,6.832555662826814,2.6368973534232323,
186ac70df0,180,217,8029,80.29,101.12547051199529,1.571312444336571e-17,6.832532388619187,3.606947216702387,
186ac70df0,180,218,8066,80.66,101.12547051198773,8.004143805965645e-18,6.832519051443442,2.871490220044947,
186ac70df0,180,219,8103,81.03,101.12547051198773,7.93104173687496e-18,6.832519051443442,3.114349245470174,
186ac70df0,180,220,8140,81.4,101.12547051198773,7.864228015001978e-18,6.832519051443442,3.1372267935237894,
186ac70df0,180,221,8177,81.77,101.12547051198773,7.884554251321237e-18,6.832519051443442,3.0719408602456353,
186ac70df0,180,222,8214,82.14,101.12547051198773,1.5642822225036957e-17,6.832519051443442,3.830395117853065,
186ac70df0,180,223,8251,82.51,101.12547051198524,1.5914963414985247e-17,6.832516458056223,3.4462358525831305,
186ac70df0,180,224,8288,82.88,101.12547051198284,8.019527770304245e-18,6.832512768288471,2.6178639791914198,
186ac70df0,180,225,8325,83.25,101.12547051198284,8.131122317511117e-18,6.832512768288471,3.4226441643199004,
186ac70df0,180,226,8362,83.62,101.12547051198284,1.6429325001739008e-17,6.832512768288471,3.6296611159493333,
186ac70df0,180,227,8399,83.99,101.12547051198284,1.675846532920582e-17,6.832512768288471,2.8475379842541155,
186ac70df0,180,228,8436,84.36,101.12547051198284,8.271462512310663e-18,6.832512768288471,3.3475894601107092,
186ac70df0,180,229,8473,84.73,101.12547051198284,8.291173745066735e-18,6.832512768288471,3.1193744980198193,
186ac70df0,180,230,8510,85.1,101.12547051198284,8.321474043961955e-18,6.832512768288471,3.0467948299889867,
186ac70df0,180,231,8547,85.47,101.12547051198284,8.188743929324359e-18,6.832512768288471,3.0656051768354002,
186ac70df0,180,232,8584,85.84,101.12547051198284,8.163567117190333e-18,6.832512768288471,2.836731350951208,
186ac70df0,180,233,8621,86.21,101.12547051198284,8.09314181487146e-18,6.832512768288471,2.514252862057847,
186ac70df0,180,234,8658,86.58,101.12547051198284,8.013151153886039e-18,6.832512768288471,3.0527145836366647,
186ac70df0,180,235,8695,86.95,101.12547051198284,7.766696559636091e-18,6.832512768288471,3.21097071593446,
186ac70df0,180,236,8732,87.32,101.12547051198284,3.902011402239504e-18,6.832512768288471,2.869521001371168,
186ac70df0,180,237,8769,87.69,101.12547051198284,7.822191583640739e-18,6.832512768288471,2.36850504756091,
186ac70df0,180,238,8806,88.06,101.12547051198284,7.939779447272324e-18,6.832512768288471,2.686204495766137,
186ac70df0,180,239,8843,88.43,101.12547051198284,7.68873180761648e-18,6.832512768288471,2.679369801120199,
186ac70df0,180,240,8880,88.8,101.12547051198284,7.806628044619064e-18,6.832512768288471,3.136194163464619,
186ac70df0,180,241,8917,89.17,101.12547051198284,1.5414492415972517e-17,6.832512768288471,2.66946754154162,
186ac70df0,180,242,8954,89.54,101.12547051198284,7.801957955264901e-18,6.832512768288471,2.8998438748849398,
186ac70df0,180,243,8991,89.91,101.12547051198284,7.749449320898155e-18,6.832512768288471,3.5861071648576486,
186ac70df0,180,244,9028,90.28,101.12547051198284,7.927369262707931e-18,6.832512768288471,3.1631185713423533,
186ac70df0,180,245,9065,90.65,101.12547051198284,7.965741293188205e-18,6.832512768288471,2.784073709764491,
186ac70df0,180,246,9102,91.02,101.12547051198284,7.966479311354803e-18,6.832512768288471,3.4133649196593825,
186ac70df0,180,247,9139,91.39,101.12547051198284,8.130226633997718e-18,6.832512768288471,2.937295147364481,
186ac70df0,180,248,9176,91.76,101.12547051198284,8.165664502820387e-18,6.832512768288471,2.8662794995715735,
186ac70df0,180,249,9213,92.13,101.12547051198284,7.941538330297635e-18,6.832512768288471,2.671232651101132,
186ac70df0,180,250,9250,92.5,101.12547051198284,4.021739388991359e-18,6.832512768288471,2.866003855877797,
186ac70df0,180,251,9287,92.87,101.12547051198284,8.094486181294642e-18,6.832512768288471,3.1025053968614626,
186ac70df0,180,252,9324,93.24,101.12547051198284,4.0557907779066755e-18,6.832512768288471,3.413477772504391,
186ac70df0,180,253,9361,93.61,101.12547051198284,4.1003170264581196e-18,6.832512768288471,2.9399265685886826,
186ac70df0,180,254,9398,93.98,101.12547051198284,3.912430743955888e-18,6.832512768288471,3.276031718257762,
186ac70df0,180,255,9435,94.35,101.12547051198284,3.954285706145187e-18,6.832512768288471,3.435845323875591,
186ac70df0,180,256,9472,94.72,101.12547051198284,8.107048094976428e-18,6.832512768288471,3.289059800318763,
186ac70df0,180,257,9509,95.09,101.12547051198284,4.018662865130572e-18,6.832512768288471,3.359165935848982,
186ac70df0,180,258,9546,95.46,101.12547051198284,8.0282521192762e-18,6.832512768288471,3.2198265034804723,
186ac70df0,180,259,9583,95.83,101.12547051198284,8.131736775661839e-18,6.832512768288471,3.0126574166682794,
186ac70df0,180,260,9620,96.2,101.12547051198284,8.09490289636275e-18,6.832512768288471,3.2321284136081956,
186ac70df0,180,261,9657,96.57,101.12547051198284,8.09766455067478e-18,6.832512768288471,2.88899007067368,
186ac70df0,180,262,9694,96.94,101.12547051198284,4.038584623256721e-18,6.832512768288471,2.7083183774471746,
186ac70df0,180,263,9731,97.31,101.12547051198284,8.01443288190526e-18,6.832512768288471,3.076619956829307,
186ac70df0,180,264,9768,97.68,101.12547051198284,4.0130976355144755e-18,6.832512768288471,2.782051745441809,
186ac70df0,180,265,9805,98.05,101.12547051198284,7.803274651843193e-18,6.832512768288471,2.821202497672868,
186ac70df0,180,266,9842,98.42,101.12547051198284,7.933400139914459e-18,6.832512768288471,3.0746275268948127,
186ac70df0,180,267,9879,98.79,101.12547051198284,7.819081505795347e-18,6.832512768288471,3.094457874413584,
186ac70df0,180,268,9916,99.16,101.12547051198284,7.69158482127949e-18,6.832512768288471,1.8810870982410006,
186ac70df0,180,269,9953,99.53,101.12547051198284,8.03241327022873e-18,6.832512768288471,3.0854352385003527,
186ac70df0,180,270,9990,99.9,101.12547051198284,8.150306504291012e-18,6.832512768288471,2.5597333587455355,
186ac70df0,180,271,10027,100.27,101.12547051198284,8.203797484727103e-18,6.832512768288471,3.2264380969003343,
186ac70df0,180,272,10064,100.64,101.12547051198284,3.920920047893325e-18,6.832512768288471,2.916236105005844,
186ac70df0,180,273,10101,101.01,101.12547051198284,7.820689565548936e-18,6.832512768288471,3.017175926003317,
186ac70df0,180,274,10138,101.38,101.12547051198284,7.81925550880569e-18,6.832512768288471,3.441767271605512,
186ac70df0,180,275,10175,101.75,101.12547051198284,3.880321777662927e-18,6.832512768288471,3.112061104102268,
186ac70df0,180,276,10212,102.12,101.12547051198284,7.624154458561955e-18,6.832512768288471,2.630202463509815,
186ac70df0,180,277,10249,102.49,101.12547051198284,3.861535352152608e-18,6.832512768288471,2.322324619265568,
186ac70df0,180,278,10286,102.86,101.12547051198284,7.725915619173341e-18,6.832512768288471,2.7978167827033165,
186ac70df0,180,279,10323,103.23,101.12547051198284,7.760487233641205e-18,6.832512768288471,3.0377542737667533,
186ac70df0,180,280,10360,103.6,101.12547051198284,3.838612739759467e-18,6.832512768288471,2.899513182356269,
186ac70df0,180,281,10397,103.97,101.12547051198284,7.735542036299336e-18,6.832512768288471,3.077244331408992,
186ac70df0,180,282,10434,104.34,101.12547051198284,7.932746861931784e-18,6.832512768288471,3.503046787330601,
186ac70df0,180,283,10471,104.71,101.12547051198284,3.878306077759961e-18,6.832512768288471,2.886716949578734,
186ac70df0,180,284,10508,105.08,101.12547051198284,7.930957462117154e-18,6.832512768288471,2.702283402703754,
186ac70df0,180,285,10545,105.45,101.12547051198284,7.87297467002516e-18,6.832512768288471,2.850638494792644,
186ac70df0,180,286,10582,105.82,101.12547051198284,7.804168636031629e-18,6.832512768288471,2.6832664954555665,
186ac70df0,180,287,10619,106.19,101.12547051198284,7.772597402248253e-18,6.832512768288471,2.5014767618214586,
186ac70df0,180,288,10656,106.56,101.12547051198284,7.55750052423995e-18,6.832512768288471,3.471102236332507,
186ac70df0,180,289,10693,106.93,101.12547051198284,7.61354949788376e-18,6.832512768288471,2.5954996213748522,
186ac70df0,180,290,10730,107.3,101.12547051198284,7.587912984868334e-18,6.832512768288471,2.6170190523433563,
186ac70df0,180,291,10767,107.67,101.12547051198284,2.3816536521263615e-16,6.832512768288471,3.494431275275078,
186ac70df0,180,292,10804,108.04,101.12547051197666,1.264082119947285e-16,6.831832114727029,3.286896546162224,
186ac70df0,180,293,10841,108.41,101.12547051194396,1.24495134983977e-16,6.831693533080395,2.6661111392259347,
186ac70df0,180,294,10878,108.78,101.12547051192304,3.251291912338181e-17,6.831467532177631,3.5695616578872547,
186ac70df0,180,295,10915,109.15,101.12547051190549,6.569503722914913e-17,6.831418900001151,3.50795734246592,
186ac70df0,180,296,10952,109.52,101.12547051188285,1.6740973618576632e-17,6.831356475544147,3.3539880103947626,
186ac70df0,180,297,10989,109.89,101.12547051187906,8.157244814455772e-18,6.831350359245981,2.463513470293655,
186ac70df0,180,298,11026,110.26,101.12547051187906,4.1640024224867014e-18,6.831350359245981,2.9901435484376067,
186ac70df0,180,299,11063,110.63,101.12547051187906,4.0503336000060784e-18,6.831350359245981,3.2028242979795998,
186ac70df0,180,300,11100,111.0,101.12547051187906,4.0746292381968496e-18,6.831350359245981,2.958669250889651,
186ac70df0,180,301,11137,111.37,101.12547051187906,4.003330978583969e-18,6.831350359245981,2.696790331612372,
186ac70df0,180,302,11174,111.74,101.12547051187906,1.2730453797879525e-16,6.831350359245981,3.5154777613905166,
186ac70df0,180,303,11211,112.11,101.12547051186984,3.91879658422454e-18,6.831101188264042,2.701438683774931,
186ac70df0,180,304,11248,112.48,101.12547051186984,3.846432712180108e-18,6.831101188264042,3.002677219009944,
186ac70df0,180,305,11285,112.85,101.12547051186984,3.946852249998569e-18,6.831101188264042,2.7389015542482524,
186ac70df0,180,306,11322,113.22,101.12547051186984,4.014975341984751e-18,6.831101188264042,2.7200353648222433,
186ac70df0,180,307,11359,113.59,101.12547051186984,7.735631112699459e-18,6.831101188264042,3.1615443835350225,
186ac70df0,180,308,11396,113.96,101.12547051186984,7.907138825557456e-18,6.831101188264042,3.2136880925451474,
186ac70df0,180,309,11433,114.33,101.12547051186984,7.720729346385655e-18,6.831101188264042,3.740663721524521,
186ac70df0,180,310,11470,114.7,101.12547051186984,7.80499552834453e-18,6.831101188264042,3.5646366253447885,
186ac70df0,180,311,11507,115.07,101.12547051186984,7.875292597336139e-18,6.831101188264042,2.6364110935165317,
186ac70df0,180,312,11544,115.44,101.12547051186984,7.818999198204019e-18,6.831101188264042,3.2623840826728023,
186ac70df0,180,313,11581,115.81,101.12547051186984,7.892632806345915e-18,6.831101188264042,3.5398569905903114,
186ac70df0,180,314,11618,116.18,101.12547051186984,8.023797960536228e-18,6.831101188264042,2.2974094291744547,
186ac70df0,180,315,11655,116.55,101.12547051186984,8.057880289595907e-18,6.831101188264042,3.678309733499086,
186ac70df0,180,316,11692,116.92,101.12547051186984,1.6218988496959046e-17,6.831101188264042,3.2094914634255574,
186ac70df0,180,317,11729,117.29,101.12547051186984,8.052614000772447e-18,6.831101188264042,3.6673684329946172,
186ac70df0,180,318,11766,117.66,101.12547051186984,8.07417977282795e-18,6.831101188264042,2.186884898009966,
186ac70df0,180,319,11803,118.03,101.12547051186984,7.981178948939093e-18,6.831101188264042,2.6955686654084494,
186ac70df0,180,320,11840,118.4,101.12547051186984,8.017059054077337e-18,6.831101188264042,3.065553594612872,
186ac70df0,180,321,11877,118.77,101.12547051186984,8.054595637165948e-18,6.831101188264042,2.5632971571528493,
186ac70df0,180,322,11914,119.14,101.12547051186984,7.642965352322172e-18,6.831101188264042,2.706265665046178,
186ac70df0,180,323,11951,119.51,101.12547051186984,7.866798839223156e-18,6.831101188264042,2.7486570680826077,
186ac70df0,180,324,11988,119.88,101.12547051186984,7.762936779037567e-18,6.831101188264042,3.524753414946523,
186ac70df0,180,325,12025,120.25,101.12547051186984,7.797511302190144e-18,6.831101188264042,3.609113380591132,
186ac70df0,180,326,12062,120.62,101.12547051186984,3.941092662394392e-18,6.831101188264042,3.149310715555044,
186ac70df0,180,327,12099,120.99,101.12547051186984,8.026772657642156e-18,6.831101188264042,3.3792414117470173,
186ac70df0,180,328,12136,121.36,101.12547051186984,7.94435399854556e-18,6.831101188264042,2.8710507230527242,
186ac70df0,180,329,12173,121.73,101.12547051186984,8.049685454559589e-18,6.831101188264042,3.6467687913444835,
186ac70df0,180,330,12210,122.1,101.12547051186984,8.144108172410087e-18,6.831101188264042,3.116667869928027,
186ac70df0,180,331,12247,122.47,101.12547051186984,4.033626404809029e-18,6.831101188264042,2.6058005560902813,
186ac70df0,180,332,12284,122.84,101.12547051186984,8.085862506695704e-18,6.831101188264042,2.826937448693909,
186ac70df0,180,333,12321,123.21,101.12547051186984,7.931781032577964e-18,6.831101188264042,2.9038152661771113,
186ac70df0,180,334,12358,123.58,101.12547051186984,7.90982940873777e-18,6.831101188264042,2.8027803056031417,
186ac70df0,180,335,12395,123.95,101.12547051186984,7.97339458947982e-18,6.831101188264042,2.7583057849783423,
186ac70df0,180,336,12432,124.32,101.12547051186984,7.882440893082205e-18,6.831101188264042,2.8847561016068255,
186ac70df0,180,337,12469,124.69,101.12547051186984,7.959705804405924e-18,6.831101188264042,3.1299431361914514,
186ac70df0,180,338,12506,125.06,101.12547051186984,8.00399798767433e-18,6.831101188264042,3.660288444868229,
186ac70df0,180,339,12543,125.43,101.12547051186984,8.066182723264217e-18,6.831101188264042,1.9710149417955942,
186ac70df0,180,340,12580,125.8,101.12547051186984,7.933852111821698e-18,6.831101188264042,2.7245393246358236,
186ac70df0,180,341,12617,126.17,101.12547051186984,4.054730371668285e-18,6.831101188264042,2.889795524236521,
186ac70df0,180,342,12654,126.54,101.12547051186984,7.811659470467225e-18,6.831101188264042,2.6978746659669386,
186ac70df0,180,343,12691,126.91,101.12547051186984,8.081946197080102e-18,6.831101188264042,2.833127260400892,
186ac70df0,180,344,12728,127.28,101.12547051186984,3.927808747005589e-18,6.831101188264042,3.1814571388989523,
186ac70df0,180,345,12765,127.65,101.12547051186984,7.85844008574398e-18,6.831101188264042,3.1139317657631307,
186ac70df0,180,346,12802,128.02,101.12547051186984,3.910179545118095e-18,6.831101188264042,3.33411286837537,
186ac70df0,180,347,12839,128.39,101.12547051186984,7.633939576104754e-18,6.831101188264042,3.5652435839700423,
186ac70df0,180,348,12876,128.76,101.12547051186984,7.769218939852983e-18,6.831101188264042,3.1958926325917068,
186ac70df0,180,349,12913,129.13,101.12547051186984,7.646327657855664e-18,6.831101188264042,3.6307672946663625,
186ac70df0,180,350,12950,129.5,101.12547051186984,7.873068538788384e-18,6.831101188264042,2.7130126964818118,
186ac70df0,180,351,12987,129.87,101.12547051186984,7.992775067970819e-18,6.831101188264042,3.1562958112051023,
186ac70df0,180,352,13024,130.24,101.12547051186984,7.960487550554261e-18,6.831101188264042,2.2484593732039815,
186ac70df0,180,353,13061,130.61,101.12547051186984,4.065513465314836e-18,6.831101188264042,3.4057799480480053,
186ac70df0,180,354,13098,130.98,101.12547051186984,7.977890478875312e-18,6.831101188264042,3.458731467966805,
186ac70df0,180,355,13135,131.35,101.12547051186984,7.978981017911996e-18,6.831101188264042,1.9442560411172485,
186ac70df0,180,356,13172,131.72,101.12547051186984,7.843141298698929e-18,6.831101188264042,2.2975393499806724,
186ac70df0,180,357,13209,132.09,101.12547051186984,7.9622460472032e-18,6.831101188264042,3.099461340657712,
186ac70df0,180,358,13246,132.46,101.12547051186984,7.927411598368405e-18,6.831101188264042,3.9228588576698353,
186ac70df0,180,359,13283,132.83,101.12547051186984,8.011919873773887e-18,6.831101188264042,2.866583073116936,
186ac70df0,180,360,13320,133.2,101.12547051186984,8.202167635503156e-18,6.831101188264042,3.0809477506770477,
186ac70df0,180,361,13357,133.57,101.12547051186984,8.244795223643816e-18,6.831101188264042,2.509894215028398,
186ac70df0,180,362,13394,133.94,101.12547051186984,4.011216445252241e-18,6.831101188264042,2.382765780305584,
186ac70df0,180,363,13431,134.31,101.12547051186984,3.948534391464914e-18,6.831101188264042,2.3868126420267206,
186ac70df0,180,364,13468,134.68,101.12547051186984,4.025624488449722e-18,6.831101188264042,2.82847116123157,
186ac70df0,180,365,13505,135.05,101.12547051186984,4.014072938547142e-18,6.831101188264042,2.4653770504956745,
186ac70df0,180,366,13542,135.42,101.12547051186984,3.971605055417514e-18,6.831101188264042,2.327861383936025,
186ac70df0,180,367,13579,135.79,101.12547051186984,3.8687743181891825e-18,6.831101188264042,4.062644209861359,
186ac70df0,180,368,13616,136.16,101.12547051186984,7.75539750895393e-18,6.831101188264042,2.7732093653868612,
186ac70df0,180,369,13653,136.53,101.12547051186984,3.9042747105352315e-18,6.831101188264042,2.9046782690126456,
186ac70df0,180,370,13690,136.9,101.12547051186984,7.927575053486419e-18,6.831101188264042,2.8687652131340022,
186ac70df0,180,371,13727,137.27,101.12547051186984,8.013153386294651e-18,6.831101188264042,2.9493754505045513,
186ac70df0,180,372,13764,137.64,101.12547051186984,7.996818112670106e-18,6.831101188264042,3.0048322426700054,
186ac70df0,180,373,13801,138.01,101.12547051186984,8.032466963453977e-18,6.831101188264042,3.396306848554486,
186ac70df0,180,374,13838,138.38,101.12547051186984,8.068494635538172e-18,6.831101188264042,2.1537776208015385,
186ac70df0,180,375,13875,138.75,101.12547051186984,8.085089613978272e-18,6.831101188264042,2.5379353862816614,
186ac70df0,180,376,13912,139.12,101.12547051186984,7.637591879468313e-18,6.831101188264042,1.9103580044044295,
186ac70df0,180,377,13949,139.49,101.12547051186984,1.5506691588061345e-17,6.831101188264042,3.047529058885146,
186ac70df0,180,378,13986,139.86,101.12547051186984,1.5492667316431122e-17,6.831101188264042,3.757960616813513,
186ac70df0,180,379,14023,140.23,101.12547051186984,1.5626698342461428e-17,6.831101188264042,2.4224499819576693,
186ac70df0,180,380,14060,140.6,101.12547051186984,3.032426312234017e-17,6.831101188264042,3.5320289219624947,
186ac70df0,180,381,14097,140.97,101.12547051185994,7.891074862106358e-18,6.831088605680934,3.5978711212324135,
186ac70df0,180,382,14134,141.34,101.12547051185994,7.81764177595734e-18,6.831088605680934,2.5867799113908445,
186ac70df0,180,383,14171,141.71,101.12547051185994,7.771732821938917e-18,6.831088605680934,2.7895405834970552,
186ac70df0,180,384,14208,142.08,101.12547051185994,7.52383533022617e-18,6.831088605680934,2.295491658907829,
186ac70df0,180,385,14245,142.45,101.12547051185994,7.796773358958757e-18,6.831088605680934,3.4527510428428636,
186ac70df0,180,386,14282,142.82,101.12547051185994,7.736050038033535e-18,6.831088605680934,2.032585294621656,
186ac70df0,180,387,14319,143.19,101.12547051185994,7.971143234885918e-18,6.831088605680934,3.052346526033887,
186ac70df0,180,388,14356,143.56,101.12547051185994,8.122925327800937e-18,6.831088605680934,3.713100162147194,
186ac70df0,180,389,14393,143.93,101.12547051185994,8.075159286557214e-18,6.831088605680934,3.1528290653305735,
186ac70df0,180,390,14430,144.3,101.12547051185994,8.003149643417547e-18,6.831088605680934,2.905464526547344,
186ac70df0,180,391,14467,144.67,101.12547051185994,8.187730995294282e-18,6.831088605680934,2.9213647854227864,
186ac70df0,180,392,14504,145.04,101.12547051185994,7.958598812583598e-18,6.831088605680934,2.5041449528680633,
186ac70df0,180,393,14541,145.41,101.12547051185994,8.127265242715176e-18,6.831088605680934,2.8488476736773816,
186ac70df0,180,394,14578,145.78,101.12547051185994,8.047250915652001e-18,6.831088605680934,2.2047358541650883,
186ac70df0,180,395,14615,146.15,101.12547051185994,8.007916090123917e-18,6.831088605680934,2.171201026108693,
186ac70df0,180,396,14652,146.52,101.12547051185994,8.066730594588638e-18,6.831088605680934,3.261407872273548,
186ac70df0,180,397,14689,146.89,101.12547051185994,8.004326577821701e-18,6.831088605680934,2.976482472350222,
186ac70df0,180,398,14726,147.26,101.12547051185994,7.965088424740475e-18,6.831088605680934,3.1158325401772635,
186ac70df0,180,399,14763,147.63,101.12547051185994,7.846326899814351e-18,6.831088605680934,3.044674044492624,
186ac70df0,180,400,14800,148.0,101.12547051185994,7.719052781365229e-18,6.831088605680934,2.733884311750823,
186ac70df0,180,401,14837,148.37,101.12547051185994,7.705208008875234e-18,6.831088605680934,3.2118016100497075,
186ac70df0,180,402,14874,148.74,101.12547051185994,7.794587856985696e-18,6.831088605680934,3.8296165126203205,
186ac70df0,180,403,14911,149.11,101.12547051185994,8.000346236268392e-18,6.831088605680934,3.2599377654687167,
186ac70df0,180,404,14948,149.48,101.12547051185994,7.966840117804212e-18,6.831088605680934,2.2115084863286416,
186ac70df0,180,405,14985,149.85,101.12547051185994,8.059798392552254e-18,6.831088605680934,3.0104568573280015,
186ac70df0,180,406,15022,150.22,101.12547051185994,8.127595598038929e-18,6.831088605680934,3.1894480989996263,
186ac70df0,180,407,15059,150.59,101.12547051185994,8.065062453534767e-18,6.831088605680934,2.7175984879518578,
186ac70df0,180,408,15096,150.96,101.12547051185994,8.182405524240169e-18,6.831088605680934,3.2443789290152316,
186ac70df0,180,409,15133,151.33,101.12547051185994,8.148707388019953e-18,6.831088605680934,3.076387921947397,
186ac70df0,180,410,15170,151.7,101.12547051185994,8.084709440253073e-18,6.831088605680934,3.6488686039030886,
186ac70df0,180,411,15207,152.07,101.12547051185994,7.932224148939767e-18,6.831088605680934,2.4484151107597656,
186ac70df0,180,412,15244,152.44,101.12547051185994,7.921471953233335e-18,6.831088605680934,2.486889515407497,
186ac70df0,180,413,15281,152.81,101.12547051185994,7.818370555490607e-18,6.831088605680934,3.2629549666618134,
186ac70df0,180,414,15318,153.18,101.12547051185994,7.89557972762881e-18,6.831088605680934,2.7879604416929453,
186ac70df0,180,415,15355,153.55,101.12547051185994,7.751201027405142e-18,6.831088605680934,2.206534739005105,
186ac70df0,180,416,15392,153.92,101.12547051185994,7.411753554282058e-18,6.831088605680934,2.3578392023908923,
186ac70df0,180,417,15429,154.29,101.12547051185994,7.249177672369859e-18,6.831088605680934,3.5274609179919136,
186ac70df0,180,418,15466,154.66,101.12547051185994,7.58751132408829e-18,6.831088605680934,2.8004512955945957,
186ac70df0,180,419,15503,155.03,101.12547051185994,7.433694870094226e-18,6.831088605680934,3.020944863488654,
186ac70df0,180,420,15540,155.4,101.12547051185994,7.754159764519986e-18,6.831088605680934,3.117099028949581,
186ac70df0,180,421,15577,155.77,101.12547051185994,1.5757010409531483e-17,6.831088605680934,3.348993750298229,
186ac70df0,180,422,15614,156.14,101.12547051185994,1.5782761079451116e-17,6.831088605680934,3.7883069664105786,
186ac70df0,180,423,15651,156.51,101.12547051185994,8.028669816774275e-18,6.831088605680934,3.3742493638929787,
186ac70df0,180,424,15688,156.88,101.12547051185994,7.982493809626053e-18,6.831088605680934,2.7615744211676705,
186ac70df0,180,425,15725,157.25,101.12547051185994,1.6024694916519687e-17,6.831088605680934,2.0638785034095317,
186ac70df0,180,426,15762,157.62,101.12547051185994,7.971070326283891e-18,6.831088605680934,2.906423623541668,
186ac70df0,180,427,15799,157.99,101.12547051185994,1.614787874982591e-17,6.831088605680934,3.077791518645073,
186ac70df0,180,428,15836,158.36,101.12547051185994,1.5336384752194394e-17,6.831088605680934,2.4480456437128093,
186ac70df0,180,429,15873,158.73,101.12547051185994,1.5548596227776554e-17,6.831088605680934,2.6349381867974566,
186ac70df0,180,430,15910,159.1,101.12547051185994,1.560737131490092e-17,6.831088605680934,2.615343635150937,
186ac70df0,180,431,15947,159.47,101.12547051185994,1.5783166581755467e-17,6.831088605680934,2.2760777901163696,
186ac70df0,180,432,15984,159.84,101.12547051185994,1.4807397506539075e-17,6.831088605680934,2.36729746738261,
186ac70df0,180,433,16021,160.21,101.12547051185994,1.4938618692379243e-17,6.831088605680934,3.7513906181082235,
186ac70df0,180,434,16058,160.58,101.12547051185994,7.597491582659986e-18,6.831088605680934,3.012212000613916,
186ac70df0,180,435,16095,160.95,101.12547051185994,7.780996983692877e-18,6.831088605680934,3.0011186963842067,
186ac70df0,180,436,16132,161.32,101.12547051185994,7.643495360356931e-18,6.831088605680934,3.4455946199960623,
186ac70df0,180,437,16169,161.69,101.12547051185994,7.91247650382109e-18,6.831088605680934,3.1592366384909742,
186ac70df0,180,438,16206,162.06,101.12547051185994,8.127139956073346e-18,6.831088605680934,3.218030442305593,
186ac70df0,180,439,16243,162.43,101.12547051185994,8.179377698350014e-18,6.831088605680934,2.7383940224097736,
186ac70df0,180,440,16280,162.8,101.12547051185994,8.178663351064836e-18,6.831088605680934,2.4275089347517786,
186ac70df0,180,441,16317,163.17,101.12547051185994,8.209957568427923e-18,6.831088605680934,3.0473662712009304,
186ac70df0,180,442,16354,163.54,101.12547051185994,8.128511865559642e-18,6.831088605680934,3.5030332144828944,
186ac70df0,180,443,16391,163.91,101.12547051185994,8.021504233081514e-18,6.831088605680934,2.860098265266355,
186ac70df0,180,444,16428,164.28,101.12547051185994,8.005761987410843e-18,6.831088605680934,3.0345256885593455,
186ac70df0,180,445,16465,164.65,101.12547051185994,8.125017597371218e-18,6.831088605680934,3.4288665328175436,
186ac70df0,180,446,16502,165.02,101.12547051185994,4.039041110764116e-18,6.831088605680934,2.7202650946497395,
186ac70df0,180,447,16539,165.39,101.12547051185994,4.0157715236014085e-18,6.831088605680934,3.4575792967720163,
186ac70df0,180,448,16576,165.76,101.12547051185994,8.172539491610699e-18,6.831088605680934,3.2137727742357405,
186ac70df0,180,449,16613,166.13,101.12547051185994,8.186515800589611e-18,6.831088605680934,3.2257538231477763,
186ac70df0,180,450,16650,166.5,101.12547051185994,3.9940076183866424e-18,6.831088605680934,2.884506724629563,
186ac70df0,180,451,16687,166.87,101.12547051185994,8.030421777648097e-18,6.831088605680934,3.579585111666345,
186ac70df0,180,452,16724,167.24,101.12547051185994,8.033387919159803e-18,6.831088605680934,3.088673848369696,
186ac70df0,180,453,16761,167.61,101.12547051185994,4.035608069979225e-18,6.831088605680934,3.055009374946979,
186ac70df0,180,454,16798,167.98,101.12547051185994,7.891283014088005e-18,6.831088605680934,2.6786278868517845,
186ac70df0,180,455,16835,168.35,101.12547051185994,3.9607741900901446e-18,6.831088605680934,3.5045440714109466,
186ac70df0,180,456,16872,168.72,101.12547051185994,7.985417653467952e-18,6.831088605680934,3.322306897402255,
186ac70df0,180,457,16909,169.09,101.12547051185994,3.994032042509108e-18,6.831088605680934,2.6729856117821025,
186ac70df0,180,458,16946,169.46,101.12547051185994,7.7217716274674e-18,6.831088605680934,2.4553621849323206,
186ac70df0,180,459,16983,169.83,101.12547051185994,8.016375267300832e-18,6.831088605680934,3.5650706667079657,
186ac70df0,180,460,17020,170.2,101.12547051185994,7.88652899288791e-18,6.831088605680934,3.0547555219987186,
186ac70df0,180,461,17057,170.57,101.12547051185994,7.933602157863528e-18,6.831088605680934,3.311364729789527,
186ac70df0,180,462,17094,170.94,101.12547051185994,8.119552760304704e-18,6.831088605680934,3.6701067945206325,
186ac70df0,180,463,17131,171.31,101.12547051185994,8.239710008335647e-18,6.831088605680934,3.5180332924858857,
186ac70df0,180,464,17168,171.68,101.12547051185994,8.296248355104595e-18,6.831088605680934,2.868559304918222,
186ac70df0,180,465,17205,172.05,101.12547051185994,1.6230745250326176e-17,6.831088605680934,2.9098812422966813,
186ac70df0,180,466,17242,172.42,101.12547051185994,8.132115801232107e-18,6.831088605680934,3.0915377167462146,
186ac70df0,180,467,17279,172.79,101.12547051185994,8.109757625302831e-18,6.831088605680934,2.9624225107482127,
186ac70df0,180,468,17316,173.16,101.12547051185994,8.181426058527945e-18,6.831088605680934,3.6013089954219204,
186ac70df0,180,469,17353,173.53,101.12547051185994,8.138752271718312e-18,6.831088605680934,3.2588927196048534,
186ac70df0,180,470,17390,173.9,101.12547051185994,8.12922881685467e-18,6.831088605680934,2.7559068467664596,
186ac70df0,180,471,17427,174.27,101.12547051185994,4.003356943453442e-18,6.831088605680934,2.7203952693575655,
186ac70df0,180,472,17464,174.64,101.12547051185994,7.962475474208491e-18,6.831088605680934,2.846286953906984,
186ac70df0,180,473,17501,175.01,101.12547051185994,7.91200343331259e-18,6.831088605680934,3.0500520368779696,
186ac70df0,180,474,17538,175.38,101.12547051185994,3.9406690992472945e-18,6.831088605680934,2.615339238649046,
186ac70df0,180,475,17575,175.75,101.12547051185994,3.9612348295465456e-18,6.831088605680934,3.599827319999503,
186ac70df0,180,476,17612,176.12,101.12547051185994,4.011621931095257e-18,6.831088605680934,2.4931021171015257,
186ac70df0,180,477,17649,176.49,101.12547051185994,3.997086052336154e-18,6.831088605680934,2.7802582853715934,
186ac70df0,180,478,17686,176.86,101.12547051185994,3.961143440455317e-18,6.831088605680934,3.190300711557516,
186ac70df0,180,479,17723,177.23,101.12547051185994,7.823114592240437e-18,6.831088605680934,3.4096521895960885,
186ac70df0,180,480,17760,177.6,101.12547051185994,7.948975366880505e-18,6.831088605680934,3.918670448680326,
186ac70df0,180,481,17797,177.97,101.12547051185994,3.953425392041224e-18,6.831088605680934,2.3198850987280015,
186ac70df0,180,482,17834,178.34,101.12547051185994,8.110364483542298e-18,6.831088605680934,2.1528343672072006,
186ac70df0,180,483,17871,178.71,101.12547051185994,4.044047349682269e-18,6.831088605680934,3.085187237953785,
186ac70df0,180,484,17908,179.08,101.12547051185994,7.950965963298012e-18,6.831088605680934,3.2004755257764272,
186ac70df0,180,485,17945,179.45,101.12547051185994,7.935074513359735e-18,6.831088605680934,2.1968080051845496,
186ac70df0,180,486,17982,179.82,101.12547051185994,,6.831088605680934,2.988640033989382,
48ea92f394,180,0,0,0.0,516651013610901.0,20.321347144269016,119640441474639.08,44495786389028.06,"ProjectedCommonDirectionsConfig(subspace_frac_grads=0.09, subspace_frac_updates=0, subspace_frac_random=0.09, direction_str=sd, random_proj=True, random_proj_dim_frac=0.2, ensemble=haar, inner_use_full_grad=True, orth_P_k=True, beta=0.001, tau=0.5, c_const=inf, N_try=200, alpha_max=100, p_const=1)"
48ea92f394,180,1,37,0.37,8060958899933.946,3.1855822163041894,14944201593553.752,5600277834139.838,
48ea92f394,180,2,74,0.74,4801004420037.235,1.3610145249331287,11533082984273.572,4962232571696.612,
48ea92f394,180,3,111,1.11,35515210663.98097,0.13091098196399753,991942643572.9565,416634485899.9738,
48ea92f394,180,4,148,1.48,4557959515.350339,0.048978496623416495,355356767694.0199,137742558754.35382,
48ea92f394,180,5,185,1.85,1056407023.0489492,0.023277867535483908,171078322488.88867,70595396470.54784,
48ea92f394,180,6,222,2.22,208030647.6191815,0.011014173499341832,75917678457.68985,31030291581.486965,
48ea92f394,180,7,259,2.59,85584708.8934394,0.00696388206854979,48694195647.2802,20992865306.0125,
48ea92f394,180,8,296,2.96,30294051.19607635,0.004261542078089154,28970588450.28576,14483196431.905087,
48ea92f394,180,9,333,3.33,14314464.36871703,0.002927716193286739,19914315389.033344,9437691480.075632,
48ea92f394,180,10,370,3.7,6726334.906712757,0.0020153607377978635,13651027544.507116,5119799880.361242,
48ea92f394,180,11,407,4.07,3293173.512899865,0.001386064762921718,9551685243.275309,4272156775.812674,
48ea92f394,180,12,444,4.44,1357905.1654862808,0.000912409442424804,6133352314.225923,2829765482.038859,
48ea92f394,180,13,481,4.81,715308.3602103819,0.0006730007015975652,4451386593.833493,2481296289.8975782,
48ea92f394,180,14,518,5.18,438070.1169529914,0.0005275620735569855,3483381537.274027,1308364366.1460452,
48ea92f394,180,15,555,5.55,272555.95335734496,0.00041651827527822296,2747429885.4881487,1370860154.432161,
48ea92f394,180,16,592,5.92,171136.53974082184,0.0003263459600465749,2176819333.4567695,1069131149.301496,
48ea92f394,180,17,629,6.29,97005.23252834004,0.0002552925940243916,1638515130.1527033,724938031.8911436,
48ea92f394,180,18,666,6.66,77394.88256026944,0.00022829392254731316,1463361325.283361,669937518.8466913,
48ea92f394,180,19,703,7.03,62423.75932310129,0.0002039910873541406,1314020871.6983442,607042407.4520152,
48ea92f394,180,20,740,7.4,48296.63391769214,0.0001829743651130548,1155533783.5793986,497487233.1468384,
48ea92f394,180,21,777,7.77,44084.388385141654,0.0001756971436998978,1103883104.4946377,630908231.8833401,
48ea92f394,180,22,814,8.14,41957.45024035348,0.0001693652799936146,1076861648.1531365,467406934.7830261,
48ea92f394,180,23,851,8.51,36223.206006702516,0.00015850972086443887,1000381708.6267289,433860316.16463816,
48ea92f394,180,24,888,8.88,33242.109681728616,0.00014957084029775504,958213013.9973027,356647451.22620267,
48ea92f394,180,25,925,9.25,26949.147857603275,0.00012930156753131487,862453153.8571669,311760690.71234655,
48ea92f394,180,26,962,9.62,15316.551687541902,9.837349695525793e-05,649264152.7700421,280408277.09122574,
48ea92f394,180,27,999,9.99,9602.906254813688,7.916734933340191e-05,513076197.35987866,207159909.44156548,
48ea92f394,180,28,1036,10.36,7073.787770970367,6.540271360859857e-05,439520038.4083213,187555985.91033235,
48ea92f394,180,29,1073,10.73,3783.975774377466,4.837760256136128e-05,319426834.22543347,164237056.81088644,
48ea92f394,180,30,1110,11.1,2392.199163416751,3.7785898309620413e-05,251941025.8211043,128164587.8924858,
48ea92f394,180,31,1147,11.47,1404.0652098125927,2.8751592529156396e-05,189994718.74651095,54788084.780709386,
48ea92f394,180,32,1184,11.84,905.7211732343693,2.207063390428482e-05,149302891.41160148,71441412.51148795,
48ea92f394,180,33,1221,12.21,499.994245711355,1.575046207173911e-05,105122186.10448238,44902530.428929985,
48ea92f394,180,34,1258,12.58,325.8710352018653,1.2097698247007613e-05,78908707.33358558,39829812.103045374,
48ea92f394,180,35,1295,12.95,257.0608176164379,1.0049099304597597e-05,65728186.473643824,30168896.83680441,
48ea92f394,180,36,1332,13.32,206.70495935497587,8.506743358314212e-06,54084042.02200791,30069431.4812656,
48ea92f394,180,37,1369,13.69,192.29254241725053,7.955352364684293e-06,50257209.0635971,23830051.888558254,
48ea92f394,180,38,1406,14.06,184.0950033841127,7.608374324523597e-06,47944488.15010429,22902771.359285206,
48ea92f394,180,39,1443,14.43,178.20225662134135,7.294736293798826e-06,46210552.683432974,17811819.19076332,
48ea92f394,180,40,1480,14.8,169.70663864279467,6.84778957383788e-06,43589491.53642663,17911337.030240048,
48ea92f394,180,41,1517,15.17,159.75182116331408,3.250213140712218e-06,40301925.38611323,18788410.803702,
48ea92f394,180,42,1554,15.54,101.1375932613299,4.65275881943531e-08,579535.2991773479,312305.7218934392,
48ea92f394,180,43,1591,15.91,101.12547085422608,4.775739769513554e-10,3063.6592375532086,1063.9452586907128,
48ea92f394,180,44,1628,16.28,101.12547078492801,4.301739414947624e-10,2741.83966539098,897.8740480274961,
48ea92f394,180,45,1665,16.65,101.12547074514134,3.827483435115341e-10,2521.2977745075887,1291.3469472631143,
48ea92f394,180,46,1702,17.02,101.12547065986152,3.027152523658478e-10,2009.7752678124152,874.4349578501191,
48ea92f394,180,47,1739,17.39,101.12547060134698,2.3690471396213627e-10,1545.8791650561425,844.10682686194,
48ea92f394,180,48,1776,17.76,101.12547057453715,2.013383524072285e-10,1285.3210798146224,695.0370089370418,
48ea92f394,180,49,1813,18.13,101.12547056321782,1.840306259150535e-10,1174.1404411209544,415.5620077764978,
48ea92f394,180,50,1850,18.5,101.12547055676521,1.6548574071877315e-10,1075.2193792463659,373.77608232269665,
48ea92f394,180,51,1887,18.87,101.12547054453424,1.400904477926256e-10,910.9804989181085,481.1403612042965,
48ea92f394,180,52,1924,19.24,101.12547053742266,1.197081175617448e-10,769.0095941618911,288.0030102224377,
48ea92f394,180,53,1961,19.61,101.12547053114332,1.0681843403423715e-10,684.1511930982505,378.45780162911154,
48ea92f394,180,54,1998,19.98,101.12547052703219,4.856136344593271e-11,616.4328258394974,365.37597983119974,
48ea92f394,180,55,2035,20.35,101.12547051435658,6.201862592452633e-12,19.776032950174017,9.285460991429513,
48ea92f394,180,56,2072,20.72,101.12547051416942,8.787487182044051e-12,56.05872868856564,24.64005230867768,
48ea92f394,180,57,2109,21.09,101.12547051413225,7.83684377980111e-12,51.36113899268672,19.16367578230658,
48ea92f394,180,58,2146,21.46,101.12547051410485,3.242035029129066e-12,41.886846534646665,16.49533179779982,
48ea92f394,180,59,2183,21.83,101.12547051327246,1.3683585258918177e-11,2.749939039688872,0.9056717811761673,
48ea92f394,180,60,2220,22.2,101.12547051283755,1.874210571143949e-16,163.17933325410243,57.87951313185424,
48ea92f394,180,61,2257,22.57,101.12547051280437,1.2319796213430181e-11,163.17880003376612,80.2929765102331,
48ea92f394,180,62,2294,22.94,101.12547051218496,1.7204422810689375e-16,18.110721174104707,8.013559022561301,
48ea92f394,180,63,2331,23.31,101.12547051217753,4.01423088391929e-17,18.11013311587252,8.774186958371136,
48ea92f394,180,64,2368,23.68,101.12547051217575,4.035296128032226e-17,18.110097461758542,9.387271459960052,
48ea92f394,180,65,2405,24.05,101.12547051216539,4.09284045525906e-17,18.110033180424477,8.047647650070815,
48ea92f394,180,66,2442,24.42,101.12547051216453,2.019747810561366e-17,18.110005908430395,5.497401594236921,
48ea92f394,180,67,2479,24.79,101.12547051216362,6.571536632938413e-19,18.109986404530982,8.547689054198292,
48ea92f394,180,68,2516,25.16,101.12547051216362,1.283948972275979e-18,18.109986404530982,7.941049914868975,
48ea92f394,180,69,2553,25.53,101.12547051216362,1.2872990112356374e-18,18.109986404530982,6.297228455182699,
48ea92f394,180,70,2590,25.9,101.12547051216362,6.623054108974513e-16,18.109986404530982,6.462432878359842,
48ea92f394,180,71,2627,26.27,101.12547051214928,2.0660694027658545e-17,18.104992621216805,7.120694512054901,
48ea92f394,180,72,2664,26.64,101.12547051210356,1.0868123109286318e-17,18.104932839521265,8.781049451345078,
48ea92f394,180,73,2701,27.01,101.12547051210264,5.2891303230333135e-18,18.104927577418493,7.898002842242287,
48ea92f394,180,74,2738,27.38,101.12547051210215,5.244155790701806e-18,18.10492618871681,6.925363773428779,
48ea92f394,180,75,2775,27.75,101.12547051210167,5.135783646758504e-18,18.10492348566134,7.245347500190377,
48ea92f394,180,76,2812,28.12,101.12547051210099,1.264942536217022e-18,18.104920678783614,7.261858011008615,
48ea92f394,180,77,2849,28.49,101.12547051210099,1.2826543701685446e-18,18.104920678783614,9.134504552198178,
48ea92f394,180,78,2886,28.86,101.12547051210099,1.0127233967301076e-17,18.104920678783614,7.7976218014014265,
48ea92f394,180,79,2923,29.23,101.12547051210028,1.0154882035381753e-17,18.10491728255854,10.757604213865283,
48ea92f394,180,80,2960,29.6,101.12547051210024,6.396267029568905e-19,18.104913567025346,7.573550347475048,
48ea92f394,180,81,2997,29.97,101.12547051210024,6.513022590189499e-19,18.104913567025346,6.989473427637625,
48ea92f394,180,82,3034,30.34,101.12547051210024,6.51007475110723e-19,18.104913567025346,8.967608090796391,
48ea92f394,180,83,3071,30.71,101.12547051210024,1.3006087770098511e-18,18.104913567025346,8.028780549886038,
48ea92f394,180,84,3108,31.08,101.12547051210024,1.2985350254711272e-18,18.104913567025346,6.856167599611176,
48ea92f394,180,85,3145,31.45,101.12547051210024,1.285297525576227e-18,18.104913567025346,6.4863030316889905,
48ea92f394,180,86,3182,31.82,101.12547051210024,1.3172398803336438e-18,18.104913567025346,7.482373390747259,
48ea92f394,180,87,3219,32.19,101.12547051210024,2.6128164814034444e-18,18.104913567025346,7.086153120913245,
48ea92f394,180,88,3256,32.56,101.12547051210024,2.6231672332190213e-18,18.104913567025346,9.016966168924968,
48ea92f394,180,89,3293,32.93,101.12547051210024,2.598096154568044e-18,18.104913567025346,8.911058005426742,
48ea92f394,180,90,3330,33.3,101.12547051210024,1.3003596223078624e-18,18.104913567025346,6.7344859121718335,
48ea92f394,180,91,3367,33.67,101.12547051210024,1.3480583702308188e-18,18.104913567025346,7.731001850081151,
48ea92f394,180,92,3404,34.04,101.12547051210024,1.339478228189796e-18,18.104913567025346,6.84102465397076,
48ea92f394,180,93,3441,34.41,101.12547051210024,1.331787849341344e-18,18.104913567025346,7.8605682126262595,
48ea92f394,180,94,3478,34.78,101.12547051210024,1.3154528314383065e-18,18.104913567025346,6.361849624297727,
48ea92f394,180,95,3515,35.15,101.12547051210024,1.2791584818935402e-18,18.104913567025346,7.36457632697171,
48ea92f394,180,96,3552,35.52,101.12547051210024,6.450838761934665e-19,18.104913567025346,8.773444728787423,
48ea92f394,180,97,3589,35.89,101.12547051210024,1.3187429280819388e-15,18.104913567025346,8.88124034893733,
48ea92f394,180,98,3626,36.26,101.1254705116139,6.667985558180449e-19,18.091979946684585,10.539326244172596,
48ea92f394,180,99,3663,36.63,101.1254705116139,6.667569886571585e-19,18.091979946684585,7.491706019153557,
48ea92f394,180,100,3700,37.0,101.1254705116139,6.581242145024053e-19,18.091979946684585,6.976442617003685,
48ea92f394,180,101,3737,37.37,101.1254705116139,6.581380490822588e-19,18.091979946684585,8.605529171453009,
48ea92f394,180,102,3774,37.74,101.1254705116139,6.531857663620232e-19,18.091979946684585,5.888817671736843,
48ea92f394,180,103,3811,38.11,101.1254705116139,1.2846420590958488e-18,18.091979946684585,8.997156658627073,
48ea92f394,180,104,3848,38.48,101.1254705116139,3.318281133502008e-16,18.091979946684585,8.145729091656346,
48ea92f394,180,105,3885,38.85,101.12547051157699,8.077022402483574e-17,18.090982316168166,7.714602518514308,
48ea92f394,180,106,3922,39.22,101.12547051155943,1.0309760188718543e-17,18.090841067724195,7.899104868384201,
48ea92f394,180,107,3959,39.59,101.12547051155707,1.0151993007909585e-17,18.090836285718616,8.574593153686994,
48ea92f394,180,108,3996,39.96,101.12547051155698,4.1572548646664824e-17,18.090831562106022,8.22270844581299,
48ea92f394,180,109,4033,40.33,101.12547051153169,3.31720725511203e-16,18.090760872019082,7.635990184159473,
48ea92f394,180,110,4070,40.7,101.1254705115304,3.3363813210197966e-16,18.08959826346399,7.733847979751464,
48ea92f394,180,111,4107,41.07,101.12547051149656,3.4485319850213136e-16,18.088029009979223,8.049009154565251,
48ea92f394,180,112,4144,41.44,101.12547051139671,1.7036493406313478e-16,18.086220964849424,10.349875208832486,
48ea92f394,180,113,4181,41.81,101.12547051121604,2.1289158268268083e-17,18.08543966119454,6.327054435597146,
48ea92f394,180,114,4218,42.18,101.12547051118005,1.0535848672349267e-17,18.085381418072586,5.974117540188763,
48ea92f394,180,115,4255,42.55,101.12547051117868,1.338114398146088e-18,18.085376369510346,12.238089765442343,
48ea92f394,180,116,4292,42.92,101.12547051117868,1.3432535361420897e-18,18.085376369510346,8.650177255239361,
48ea92f394,180,117,4329,43.29,101.12547051117868,1.342683259579266e-18,18.085376369510346,8.882873410878465,
48ea92f394,180,118,4366,43.66,101.12547051117868,1.3424453735153226e-18,18.085376369510346,7.856205604791846,
48ea92f394,180,119,4403,44.03,101.12547051117868,1.3249096802517445e-18,18.085376369510346,6.875289808382747,
48ea92f394,180,120,4440,44.4,101.12547051117868,1.3127831040925277e-18,18.085376369510346,8.198765025951769,
48ea92f394,180,121,4477,44.77,101.12547051117868,1.3052186379346134e-18,18.085376369510346,6.246442740817866,
48ea92f394,180,122,4514,45.14,101.12547051117868,1.2772785181466984e-18,18.085376369510346,7.365832403504623,
48ea92f394,180,123,4551,45.51,101.12547051117868,6.407930923882253e-19,18.085376369510346,6.9384191648004645,
48ea92f394,180,124,4588,45.88,101.12547051117868,9.930312041628412e-18,18.085376369510346,8.679479742557156,
48ea92f394,180,125,4625,46.25,101.12547051117727,6.388438978391333e-19,18.085368885807284,8.720754600111158,
48ea92f394,180,126,4662,46.62,101.12547051117727,6.439421461976119e-19,18.085368885807284,7.696019407718866,
48ea92f394,180,127,4699,46.99,101.12547051117727,1.0388421762203389e-17,18.085368885807284,7.950368862320001,
48ea92f394,180,128,4736,47.36,101.12547051117564,2.5855976037973877e-18,18.085362210435772,7.988440127929028,
48ea92f394,180,129,4773,47.73,101.12547051117372,1.2902807609926873e-18,18.085359840889904,8.6072062942292,
48ea92f394,180,130,4810,48.1,101.12547051117372,1.2984563357732103e-18,18.085359840889904,8.783162273374852,
48ea92f394,180,131,4847,48.47,101.12547051117372,1.32556999846951e-18,18.085359840889904,6.906319558804285,
48ea92f394,180,132,4884,48.84,101.12547051117372,1.076977854440993e-17,18.085359840889904,6.8699630639988465,
48ea92f394,180,133,4921,49.21,101.12547051117367,5.409727671251454e-18,18.085354506939765,5.305682881188377,
48ea92f394,180,134,4958,49.58,101.12547051117186,5.357613092229136e-18,18.08535105052344,9.247389157904815,
48ea92f394,180,135,4995,49.95,101.12547051117117,5.217585537228982e-18,18.085348384996056,9.89619204525126,
48ea92f394,180,136,5032,50.32,101.1254705111708,5.448323423250813e-18,18.085346007671937,10.883938755472508,
48ea92f394,180,137,5069,50.69,101.12547051116988,6.645364621874232e-19,18.085343309230936,8.301354017584776,
48ea92f394,180,138,5106,51.06,101.12547051116988,6.543222728161744e-19,18.085343309230936,8.13925771850117,
48ea92f394,180,139,5143,51.43,101.12547051116988,6.537311183278612e-19,18.085343309230936,4.909077157901813,
48ea92f394,180,140,5180,51.8,101.12547051116988,6.50285490265713e-19,18.085343309230936,7.950321022481785,
48ea92f394,180,141,5217,52.17,101.12547051116988,2.636430423412213e-18,18.085343309230936,8.706272862203393,
48ea92f394,180,142,5254,52.54,101.12547051116988,1.3480680961578605e-18,18.085343309230936,8.626653911788312,
48ea92f394,180,143,5291,52.91,101.12547051116988,2.6934785603630726e-18,18.085343309230936,7.55013626410256,
48ea92f394,180,144,5328,53.28,101.12547051116988,1.369723819007145e-18,18.085343309230936,9.725079705483637,
48ea92f394,180,145,5365,53.65,101.12547051116988,1.349657266403814e-18,18.085343309230936,7.986606942755942,
48ea92f394,180,146,5402,54.02,101.12547051116988,1.3240568012054909e-18,18.085343309230936,7.396113081704114,
48ea92f394,180,147,5439,54.39,101.12547051116988,1.3449955731543027e-18,18.085343309230936,7.4174042805763625,
48ea92f394,180,148,5476,54.76,101.12547051116988,1.3913190481553777e-18,18.085343309230936,9.021585968952143,
48ea92f394,180,149,5513,55.13,101.12547051116988,1.3713551521157946e-18,18.085343309230936,7.8282023670171705,
48ea92f394,180,150,5550,55.5,101.12547051116988,1.3270954895064624e-18,18.085343309230936,9.005211100827369,
48ea92f394,180,151,5587,55.87,101.12547051116988,6.49600361223672e-19,18.085343309230936,7.916859297360495,
48ea92f394,180,152,5624,56.24,101.12547051116988,6.408336592726108e-19,18.085343309230936,7.636564496950512,
48ea92f394,180,153,5661,56.61,101.12547051116988,1.3097400889792507e-18,18.085343309230936,7.367128346444348,
48ea92f394,180,154,5698,56.98,101.12547051116988,1.312176523916468e-18,18.085343309230936,8.118140438297928,
48ea92f394,180,155,5735,57.35,101.12547051116988,1.3476032815550396e-18,18.085343309230936,9.161202642401852,
48ea92f394,180,156,5772,57.72,101.12547051116988,1.3373721340734196e-18,18.085343309230936,8.82262827223137,
48ea92f394,180,157,5809,58.09,101.12547051116988,6.8214673958098e-19,18.085343309230936,6.4198146810620695,
48ea92f394,180,158,5846,58.46,101.12547051116988,6.512621059761055e-19,18.085343309230936,7.3907644780940815,
48ea92f394,180,159,5883,58.83,101.12547051116988,1.256545054484211e-18,18.085343309230936,6.6637579243095155,
48ea92f394,180,160,5920,59.2,101.12547051116988,1.2948031941712587e-18,18.085343309230936,8.145053355138167,
48ea92f394,180,161,5957,59.57,101.12547051116988,6.4965466544276e-19,18.085343309230936,9.473246687731528,
48ea92f394,180,162,5994,59.94,101.12547051116988,6.408094859961342e-19,18.085343309230936,7.742491093858859,
48ea92f394,180,163,6031,60.31,101.12547051116988,6.443018084612034e-19,18.085343309230936,7.513304747320283,
48ea92f394,180,164,6068,60.68,101.12547051116988,1.2864763750494053e-18,18.085343309230936,6.901673389043622,
48ea92f394,180,165,6105,61.05,101.12547051116988,1.269289190242266e-18,18.085343309230936,4.557231444488258,
48ea92f394,180,166,6142,61.42,101.12547051116988,1.2554433001199294e-18,18.085343309230936,7.408261157796546,
48ea92f394,180,167,6179,61.79,101.12547051116988,1.268746195337665e-18,18.085343309230936,6.553487546595689,
48ea92f394,180,168,6216,62.16,101.12547051116988,1.269390445646444e-18,18.085343309230936,7.1440637598780485,
48ea92f394,180,169,6253,62.53,101.12547051116988,1.2792954254303742e-18,18.085343309230936,8.053628314236535,
48ea92f394,180,170,6290,62.9,101.12547051116988,1.2157883985278062e-18,18.085343309230936,5.551547615667696,
48ea92f394,180,171,6327,63.27,101.12547051116988,2.390028740701648e-18,18.085343309230936,6.067122738488071,
48ea92f394,180,172,6364,63.64,101.12547051116988,1.1816601580775572e-18,18.085343309230936,7.999882829016604,
48ea92f394,180,173,6401,64.01,101.12547051116988,2.4414372255324412e-18,18.085343309230936,7.11422670408838,
48ea92f394,180,174,6438,64.38,101.12547051116988,1.2692603997015774e-18,18.085343309230936,9.02798283701104,
48ea92f394,180,175,6475,64.75,101.12547051116988,2.53299617120726e-18,18.085343309230936,8.111295403050583,
48ea92f394,180,176,6512,65.12,101.12547051116988,2.626663774169001e-18,18.085343309230936,6.640054949216623,
48ea92f394,180,177,6549,65.49,101.12547051116988,1.3322821068663039e-18,18.085343309230936,9.795141579512656,
48ea92f394,180,178,6586,65.86,101.12547051116988,2.623199354331616e-18,18.085343309230936,8.644559638470412,
48ea92f394,180,179,6623,66.23,101.12547051116988,2.617280673647669e-18,18.085343309230936,8.519726466165656,
48ea92f394,180,180,6660,66.6,101.12547051116988,1.3020132933394105e-18,18.085343309230936,9.024304588356541,
48ea92f394,180,181,6697,66.97,101.12547051116988,2.662563118679749e-18,18.085343309230936,8.971499219662956,
48ea92f394,180,182,6734,67.34,101.12547051116988,2.7195709634648016e-18,18.085343309230936,8.647384549020652,
48ea92f394,180,183,6771,67.71,101.12547051116988,2.7314214777863412e-18,18.085343309230936,9.000720944189778,
48ea92f394,180,184,6808,68.08,101.12547051116988,1.3684489413131927e-18,18.085343309230936,8.491044745724988,
48ea92f394,180,185,6845,68.45,101.12547051116988,1.3737123373331881e-18,18.085343309230936,7.264829950759551,
48ea92f394,180,186,6882,68.82,101.12547051116988,2.6352633696710614e-18,18.085343309230936,7.072136054067575,
48ea92f394,180,187,6919,69.19,101.12547051116988,1.3095956035849224e-18,18.085343309230936,8.280356591897284,
48ea92f394,180,188,6956,69.56,101.12547051116988,1.3301565210508489e-18,18.085343309230936,9.16065327315664,
48ea92f394,180,189,6993,69.93,101.12547051116988,1.318096334670137e-18,18.085343309230936,7.412446397811535,
48ea92f394,180,190,7030,70.3,101.12547051116988,6.751512913492242e-19,18.085343309230936,7.1864203376870295,
48ea92f394,180,191,7067,70.67,101.12547051116988,6.82203830353523e-19,18.085343309230936,9.64703714982283,
48ea92f394,180,192,7104,71.04,101.12547051116988,6.673190802006663e-19,18.085343309230936,8.768714616900601,
48ea92f394,180,193,7141,71.41,101.12547051116988,6.780641532198086e-19,18.085343309230936,8.7716960709147,
48ea92f394,180,194,7178,71.78,101.12547051116988,1.3659907438166653e-18,18.085343309230936,7.0806677822174064,
48ea92f394,180,195,7215,72.15,101.12547051116988,6.778449566817522e-19,18.085343309230936,6.1659099766221885,
48ea92f394,180,196,7252,72.52,101.12547051116988,6.652810159989238e-19,18.085343309230936,8.036228694840329,
48ea92f394,180,197,7289,72.89,101.12547051116988,6.761049411346029e-19,18.085343309230936,5.891822311700386,
48ea92f394,180,198,7326,73.26,101.12547051116988,6.686802218370948e-19,18.085343309230936,6.508422419797926,
48ea92f394,180,199,7363,73.63,101.12547051116988,6.625519900197313e-19,18.085343309230936,7.753868814500998,
48ea92f394,180,200,7400,74.0,101.12547051116988,1.2800194116931288e-18,18.085343309230936,8.223056101475951,
48ea92f394,180,201,7437,74.37,101.12547051116988,6.328205883494219e-19,18.085343309230936,8.681959110061383,
48ea92f394,180,202,7474,74.74,101.12547051116988,6.278325914333692e-19,18.085343309230936,7.358719955454902,
48ea92f394,180,203,7511,75.11,101.12547051116988,6.217826410092549e-19,18.085343309230936,9.06063746888029,
48ea92f394,180,204,7548,75.48,101.12547051116988,6.227785208992551e-19,18.085343309230936,7.333909239235911,
48ea92f394,180,205,7585,75.85,101.12547051116988,6.274602327246452e-19,18.085343309230936,7.544161487372024,
48ea92f394,180,206,7622,76.22,101.12547051116988,6.473899793778916e-19,18.085343309230936,9.24086967539046,
48ea92f394,180,207,7659,76.59,101.12547051116988,6.425790368784731e-19,18.085343309230936,6.8508621732748125,
48ea92f394,180,208,7696,76.96,101.12547051116988,6.404656333979327e-19,18.085343309230936,8.571777874390751,
48ea92f394,180,209,7733,77.33,101.12547051116988,6.454709615532182e-19,18.085343309230936,8.50290010661634,
48ea92f394,180,210,7770,77.7,101.12547051116988,6.553730558975675e-19,18.085343309230936,8.300552396559056,
48ea92f394,180,211,7807,78.07,101.12547051116988,6.610468608431997e-19,18.085343309230936,9.07876814825235,
48ea92f394,180,212,7844,78.44,101.12547051116988,6.474735997242371e-19,18.085343309230936,7.357758513148718,
48ea92f394,180,213,7881,78.81,101.12547051116988,6.652040620332194e-19,18.085343309230936,9.282428237962183,
48ea92f394,180,214,7918,79.18,101.12547051116988,6.81406325573988e-19,18.085343309230936,8.48001698905031,
48ea92f394,180,215,7955,79.55,101.12547051116988,1.3494628331884373e-18,18.085343309230936,6.779125363878386,
48ea92f394,180,216,7992,79.92,101.12547051116988,1.3720981681667886e-18,18.085343309230936,8.69528858023665,
48ea92f394,180,217,8029,80.29,101.12547051116988,1.3468643568757487e-18,18.085343309230936,9.916444687134979,
48ea92f394,180,218,8066,80.66,101.12547051116988,1.3432669084410633e-18,18.085343309230936,7.268950012096398,
48ea92f394,180,219,8103,81.03,101.12547051116988,5.3261251722330274e-18,18.085343309230936,6.854347151892626,
48ea92f394,180,220,8140,81.4,101.12547051116988,5.279966799774135e-18,18.085343309230936,7.057373573973132,
48ea92f394,180,221,8177,81.77,101.12547051116988,2.607109726697524e-18,18.085343309230936,8.500695732694428,
48ea92f394,180,222,8214,82.14,101.12547051116988,2.67632344865251e-18,18.085343309230936,7.753554517480242,
48ea92f394,180,223,8251,82.51,101.12547051116988,2.588351948932418e-18,18.085343309230936,7.571052727416554,
48ea92f394,180,224,8288,82.88,101.12547051116988,2.6128649649309696e-18,18.085343309230936,8.645643502672073,
48ea92f394,180,225,8325,83.25,101.12547051116988,1.304328277162701e-18,18.085343309230936,9.169789094032497,
48ea92f394,180,226,8362,83.62,101.12547051116988,1.2971938861648291e-18,18.085343309230936,7.638127994194693,
48ea92f394,180,227,8399,83.99,101.12547051116988,6.744115829601068e-19,18.085343309230936,8.262135924941841,
48ea92f394,180,228,8436,84.36,101.12547051116988,1.3288343733647528e-18,18.085343309230936,7.319216657028109,
48ea92f394,180,229,8473,84.73,101.12547051116988,2.1205412189741142e-17,18.085343309230936,8.078609239462605,
48ea92f394,180,230,8510,85.1,101.12547051116225,2.6943316647989523e-18,18.085304486782576,8.449611998850404,
48ea92f394,180,231,8547,85.47,101.12547051116225,6.796018085047867e-19,18.085304486782576,9.445451230537682,
48ea92f394,180,232,8584,85.84,101.12547051116225,6.703168079205318e-19,18.085304486782576,8.845730425173386,
48ea92f394,180,233,8621,86.21,101.12547051116225,6.563880181700463e-19,18.085304486782576,9.345796620207418,
48ea92f394,180,234,8658,86.58,101.12547051116225,1.3277113878145796e-18,18.085304486782576,8.582854797025657,
48ea92f394,180,235,8695,86.95,101.12547051116225,6.524688998184289e-19,18.085304486782576,7.575783351169779,
48ea92f394,180,236,8732,87.32,101.12547051116225,6.718731064215552e-19,18.085304486782576,7.710454009167459,
48ea92f394,180,237,8769,87.69,101.12547051116225,6.479381661785096e-19,18.085304486782576,8.075617858672707,
48ea92f394,180,238,8806,88.06,101.12547051116225,6.505519385476298e-19,18.085304486782576,9.400874941060295,
48ea92f394,180,239,8843,88.43,101.12547051116225,6.593346958489186e-19,18.085304486782576,6.102694184680421,
48ea92f394,180,240,8880,88.8,101.12547051116225,6.513297011378097e-19,18.085304486782576,7.52923962622045,
48ea92f394,180,241,8917,89.17,101.12547051116225,6.558470317802195e-19,18.085304486782576,7.79368678686356,
48ea92f394,180,242,8954,89.54,101.12547051116225,6.400985818812434e-19,18.085304486782576,8.34482677568704,
48ea92f394,180,243,8991,89.91,101.12547051116225,6.472996983275871e-19,18.085304486782576,8.110416876425834,
48ea92f394,180,244,9028,90.28,101.12547051116225,6.516744002156778e-19,18.085304486782576,7.40230367560702,
48ea92f394,180,245,9065,90.65,101.12547051116225,6.480307145028711e-19,18.085304486782576,9.715764357645934,
48ea92f394,180,246,9102,91.02,101.12547051116225,6.607158621004569e-19,18.085304486782576,8.34964508682535,
48ea92f394,180,247,9139,91.39,101.12547051116225,6.494662442626588e-19,18.085304486782576,8.498202628718483,
48ea92f394,180,248,9176,91.76,101.12547051116225,1.289055651618452e-18,18.085304486782576,6.4683515846293425,
48ea92f394,180,249,9213,92.13,101.12547051116225,6.6365890358944465e-19,18.085304486782576,7.931947849239038,
48ea92f394,180,250,9250,92.5,101.12547051116225,6.671419822014841e-19,18.085304486782576,7.3907978194007935,
48ea92f394,180,251,9287,92.87,101.12547051116225,6.524691835327886e-19,18.085304486782576,8.012689787176235,
48ea92f394,180,252,9324,93.24,101.12547051116225,6.478904718808336e-19,18.085304486782576,7.45250542292354,
48ea92f394,180,253,9361,93.61,101.12547051116225,6.502603208747659e-19,18.085304486782576,6.992904300321536,
48ea92f394,180,254,9398,93.98,101.12547051116225,1.2864154547719507e-18,18.085304486782576,6.608453475607513,
48ea92f394,180,255,9435,94.35,101.12547051116225,6.273768449328917e-19,18.085304486782576,7.475621621148968,
48ea92f394,180,256,9472,94.72,101.12547051116225,6.2039187684625625e-19,18.085304486782576,6.366252010370304,
48ea92f394,180,257,9509,95.09,101.12547051116225,6.198187720207588e-19,18.085304486782576,6.6125212984308055,
48ea92f394,180,258,9546,95.46,101.12547051116225,6.328997972164357e-19,18.085304486782576,7.3659462818212385,
48ea92f394,180,259,9583,95.83,101.12547051116225,6.450759118132629e-19,18.085304486782576,8.424612410328951,
48ea92f394,180,260,9620,96.2,101.12547051116225,6.285050216722751e-19,18.085304486782576,8.250675906333747,
48ea92f394,180,261,9657,96.57,101.12547051116225,6.453373521341936e-19,18.085304486782576,6.245738003910853,
48ea92f394,180,262,9694,96.94,101.12547051116225,1.3311052791918283e-18,18.085304486782576,8.271694634804886,
48ea92f394,180,263,9731,97.31,101.12547051116225,6.267871312562455e-19,18.085304486782576,8.133648618894703,
48ea92f394,180,264,9768,97.68,101.12547051116225,6.430207058652179e-19,18.085304486782576,10.338738364536626,
48ea92f394,180,265,9805,98.05,101.12547051116225,6.782501224630786e-19,18.085304486782576,10.281272652923903,
48ea92f394,180,266,9842,98.42,101.12547051116225,6.571810620191638e-19,18.085304486782576,6.210703963306879,
48ea92f394,180,267,9879,98.79,101.12547051116225,6.515657027872642e-19,18.085304486782576,9.482752857027961,
48ea92f394,180,268,9916,99.16,101.12547051116225,6.635268952638146e-19,18.085304486782576,8.792522843083951,
48ea92f394,180,269,9953,99.53,101.12547051116225,6.67828149021684e-19,18.085304486782576,7.5623779562363085,
48ea92f394,180,270,9990,99.9,101.12547051116225,6.830553668970257e-19,18.085304486782576,9.791256342213355,
48ea92f394,180,271,10027,100.27,101.12547051116225,6.65894690130397e-19,18.085304486782576,7.067857701981231,
48ea92f394,180,272,10064,100.64,101.12547051116225,6.695627711435466e-19,18.085304486782576,6.5422041868342165,
48ea92f394,180,273,10101,101.01,101.12547051116225,1.34975933125181e-18,18.085304486782576,10.00499020968741,
48ea92f394,180,274,10138,101.38,101.12547051116225,1.3103326851728917e-18,18.085304486782576,8.76941501729608,
48ea92f394,180,275,10175,101.75,101.12547051116225,1.3254457129644216e-18,18.085304486782576,9.467890241249561,
48ea92f394,180,276,10212,102.12,101.12547051116225,1.333265583286591e-18,18.085304486782576,6.675450329056725,
48ea92f394,180,277,10249,102.49,101.12547051116225,5.2792560967228434e-18,18.085304486782576,7.457583689021747,
48ea92f394,180,278,10286,102.86,101.12547051116225,1.3236811666896565e-18,18.085304486782576,6.73199084842991,
48ea92f394,180,279,10323,103.23,101.12547051116225,1.3054324171555044e-18,18.085304486782576,6.829490969400888,
48ea92f394,180,280,10360,103.6,101.12547051116225,1.3008101010071984e-18,18.085304486782576,6.25463365620491,
48ea92f394,180,281,10397,103.97,101.12547051116225,1.3003645951746987e-18,18.085304486782576,8.111831459642337,
48ea92f394,180,282,10434,104.34,101.12547051116225,1.2595790137700525e-18,18.085304486782576,7.092052019843654,
48ea92f394,180,283,10471,104.71,101.12547051116225,1.267751446052612e-18,18.085304486782576,8.232315864104597,
48ea92f394,180,284,10508,105.08,101.12547051116225,2.5512170367938313e-18,18.085304486782576,9.126031688316012,
48ea92f394,180,285,10545,105.45,101.12547051116225,1.2949506058308241e-18,18.085304486782576,8.123742115201683,
48ea92f394,180,286,10582,105.82,101.12547051116225,6.67593059337815e-19,18.085304486782576,8.842070550318034,
48ea92f394,180,287,10619,106.19,101.12547051116225,1.3241185579008974e-18,18.085304486782576,7.4272152187041955,
48ea92f394,180,288,10656,106.56,101.12547051116225,1.3176884053812762e-18,18.085304486782576,6.468443052266005,
48ea92f394,180,289,10693,106.93,101.12547051116225,1.316575210762317e-18,18.085304486782576,9.04035959465513,
48ea92f394,180,290,10730,107.3,101.12547051116225,1.3361575837895523e-18,18.085304486782576,7.529175870870492,
48ea92f394,180,291,10767,107.67,101.12547051116225,1.332813785316759e-18,18.085304486782576,6.781139066439245,
48ea92f394,180,292,10804,108.04,101.12547051116225,1.338588698120462e-18,18.085304486782576,6.631285226790376,
48ea92f394,180,293,10841,108.41,101.12547051116225,1.3198668669000442e-18,18.085304486782576,6.666175410428933,
48ea92f394,180,294,10878,108.78,101.12547051116225,1.3214574400092473e-18,18.085304486782576,8.874178962166187,
48ea92f394,180,295,10915,109.15,101.12547051116225,1.2928942306403902e-18,18.085304486782576,9.662435312995617,
48ea92f394,180,296,10952,109.52,101.12547051116225,1.3004016854455669e-18,18.085304486782576,8.098960759990677,
48ea92f394,180,297,10989,109.89,101.12547051116225,1.2866259769312702e-18,18.085304486782576,7.240743842219021,
48ea92f394,180,298,11026,110.26,101.12547051116225,1.2877522188466237e-18,18.085304486782576,6.061922829715474,
48ea92f394,180,299,11063,110.63,101.12547051116225,6.47817751884182e-19,18.085304486782576,7.437844026355274,
48ea92f394,180,300,11100,111.0,101.12547051116225,6.556761013793909e-19,18.085304486782576,6.8984813570596435,
48ea92f394,180,301,11137,111.37,101.12547051116225,6.625102602897987e-19,18.085304486782576,8.293408932159634,
48ea92f394,180,302,11174,111.74,101.12547051116225,6.719992420624636e-19,18.085304486782576,9.566874982219467,
48ea92f394,180,303,11211,112.11,101.12547051116225,1.325554769383588e-18,18.085304486782576,7.2638351863871735,
48ea92f394,180,304,11248,112.48,101.12547051116225,6.564818062236554e-19,18.085304486782576,8.16194607664626,
48ea92f394,180,305,11285,112.85,101.12547051116225,1.3257149116076038e-18,18.085304486782576,7.875828101103246,
48ea92f394,180,306,11322,113.22,101.12547051116225,1.3585974042544144e-18,18.085304486782576,6.803906510561869,
48ea92f394,180,307,11359,113.59,101.12547051116225,1.341792196029055e-18,18.085304486782576,9.80373146853855,
48ea92f394,180,308,11396,113.96,101.12547051116225,1.3150572212146467e-18,18.085304486782576,7.333542300340722,
48ea92f394,180,309,11433,114.33,101.12547051116225,2.55190646960865e-18,18.085304486782576,6.494843989842433,
48ea92f394,180,310,11470,114.7,101.12547051116225,1.321979216745642e-18,18.085304486782576,7.2842893501807,
48ea92f394,180,311,11507,115.07,101.12547051116225,1.316607666378541e-18,18.085304486782576,8.624576223250687,
48ea92f394,180,312,11544,115.44,101.12547051116225,1.2928329266470134e-18,18.085304486782576,7.774178837210835,
48ea92f394,180,313,11581,115.81,101.12547051116225,1.3201023949233915e-18,18.085304486782576,9.375421498174697,
48ea92f394,180,314,11618,116.18,101.12547051116225,6.540202914117938e-19,18.085304486782576,7.132654153999937,
48ea92f394,180,315,11655,116.55,101.12547051116225,1.2705596892677899e-18,18.085304486782576,7.547487905021674,
48ea92f394,180,316,11692,116.92,101.12547051116225,1.276387237505133e-18,18.085304486782576,8.268450172646927,
48ea92f394,180,317,11729,117.29,101.12547051116225,1.2820746416049252e-18,18.085304486782576,7.046721240779095,
48ea92f394,180,318,11766,117.66,101.12547051116225,2.5366977637149185e-18,18.085304486782576,8.904871781247483,
48ea92f394,180,319,11803,118.03,101.12547051116225,1.3395637327630003e-18,18.085304486782576,10.576078986980146,
48ea92f394,180,320,11840,118.4,101.12547051116225,2.6721995176579343e-18,18.085304486782576,8.548753367534816,
48ea92f394,180,321,11877,118.77,101.12547051116225,1.3283995742537948e-18,18.085304486782576,8.298880452359835,
48ea92f394,180,322,11914,119.14,101.12547051116225,1.3529477381030871e-18,18.085304486782576,7.609698579457814,
48ea92f394,180,323,11951,119.51,101.12547051116225,1.3485193317337346e-18,18.085304486782576,8.107667871043885,
48ea92f394,180,324,11988,119.88,101.12547051116225,2.7112707766169878e-18,18.085304486782576,8.247486366669934,
48ea92f394,180,325,12025,120.25,101.12547051116225,1.3308975556911225e-18,18.085304486782576,7.946480281767332,
48ea92f394,180,326,12062,120.62,101.12547051116225,2.6953513317094524e-18,18.085304486782576,9.011886157836209,
48ea92f394,180,327,12099,120.99,101.12547051116225,1.3305526089739526e-18,18.085304486782576,8.072413756415553,
48ea92f394,180,328,12136,121.36,101.12547051116225,1.3249173984679344e-18,18.085304486782576,8.000730486337194,
48ea92f394,180,329,12173,121.73,101.12547051116225,1.340664442291703e-18,18.085304486782576,7.884240571472969,
48ea92f394,180,330,12210,122.1,101.12547051116225,1.3179931489462092e-18,18.085304486782576,10.142671965975103,
48ea92f394,180,331,12247,122.47,101.12547051116225,2.6684223409697493e-18,18.085304486782576,9.507629511751855,
48ea92f394,180,332,12284,122.84,101.12547051116225,2.6653617857949024e-18,18.085304486782576,9.97266871866438,
48ea92f394,180,333,12321,123.21,101.12547051116225,1.3669836222813227e-18,18.085304486782576,10.396225569854604,
48ea92f394,180,334,12358,123.58,101.12547051116225,1.399170411409898e-18,18.085304486782576,8.875772042711,
48ea92f394,180,335,12395,123.95,101.12547051116225,7.018440120213875e-19,18.085304486782576,9.161277368661839,
48ea92f394,180,336,12432,124.32,101.12547051116225,1.3958709987603403e-18,18.085304486782576,9.214146249322072,
48ea92f394,180,337,12469,124.69,101.12547051116225,6.875449982474483e-19,18.085304486782576,6.865300068483101,
48ea92f394,180,338,12506,125.06,101.12547051116225,6.949201672807267e-19,18.085304486782576,8.578483746768448,
48ea92f394,180,339,12543,125.43,101.12547051116225,6.969116295164531e-19,18.085304486782576,8.068532984846184,
48ea92f394,180,340,12580,125.8,101.12547051116225,6.944575062615022e-19,18.085304486782576,7.826946053554407,
48ea92f394,180,341,12617,126.17,101.12547051116225,6.822833690013511e-19,18.085304486782576,9.795706357035973,
48ea92f394,180,342,12654,126.54,101.12547051116225,6.871064763702155e-19,18.085304486782576,8.590176821272662,
48ea92f394,180,343,12691,126.91,101.12547051116225,6.855985630658747e-19,18.085304486782576,9.041830145955204,
48ea92f394,180,344,12728,127.28,101.12547051116225,1.3520413561058748e-18,18.085304486782576,7.4339806628360545,
48ea92f394,180,345,12765,127.65,101.12547051116225,6.790581340095251e-19,18.085304486782576,8.182434971579482,
48ea92f394,180,346,12802,128.02,101.12547051116225,6.67736658590397e-19,18.085304486782576,8.05520421506862,
48ea92f394,180,347,12839,128.39,101.12547051116225,6.704571222132947e-19,18.085304486782576,7.8190476775197215,
48ea92f394,180,348,12876,128.76,101.12547051116225,6.665766173013849e-19,18.085304486782576,9.27144266188864,
48ea92f394,180,349,12913,129.13,101.12547051116225,1.3469505599468967e-18,18.085304486782576,9.399079337980531,
48ea92f394,180,350,12950,129.5,101.12547051116225,1.3273903511191607e-18,18.085304486782576,9.049187219404622,
48ea92f394,180,351,12987,129.87,101.12547051116225,1.3214107320105793e-18,18.085304486782576,8.909792936478132,
48ea92f394,180,352,13024,130.24,101.12547051116225,6.57841782937469e-19,18.085304486782576,8.240142803184888,
48ea92f394,180,353,13061,130.61,101.12547051116225,6.562371303573007e-19,18.085304486782576,8.654533652565014,
48ea92f394,180,354,13098,130.98,101.12547051116225,6.603929855755431e-19,18.085304486782576,6.4249382236159205,
48ea92f394,180,355,13135,131.35,101.12547051116225,6.728502943740126e-19,18.085304486782576,6.960470182760976,
48ea92f394,180,356,13172,131.72,101.12547051116225,1.3374985957928808e-18,18.085304486782576,7.660449240320137,
48ea92f394,180,357,13209,132.09,101.12547051116225,6.739410620159648e-19,18.085304486782576,7.052971452663039,
48ea92f394,180,358,13246,132.46,101.12547051116225,1.3104339228751229e-18,18.085304486782576,7.743843205396506,
48ea92f394,180,359,13283,132.83,101.12547051116225,6.540099114586315e-19,18.085304486782576,8.21635632054015,
48ea92f394,180,360,13320,133.2,101.12547051116225,6.223265236747739e-19,18.085304486782576,7.036444135323825,
48ea92f394,180,361,13357,133.57,101.12547051116225,6.36936885710697e-19,18.085304486782576,8.774732365688251,
48ea92f394,180,362,13394,133.94,101.12547051116225,1.2968599839270425e-18,18.085304486782576,8.000315973074889,
48ea92f394,180,363,13431,134.31,101.12547051116225,1.2819208505062157e-18,18.085304486782576,7.208371552225284,
48ea92f394,180,364,13468,134.68,101.12547051116225,1.3327651048989246e-18,18.085304486782576,10.616618049234628,
48ea92f394,180,365,13505,135.05,101.12547051116225,6.746025872733066e-19,18.085304486782576,9.635645540100954,
48ea92f394,180,366,13542,135.42,101.12547051116225,6.774463976811586e-19,18.085304486782576,6.562507698552773,
48ea92f394,180,367,13579,135.79,101.12547051116225,6.671381004133368e-19,18.085304486782576,6.550468868320178,
48ea92f394,180,368,13616,136.16,101.12547051116225,6.620093636808547e-19,18.085304486782576,7.182174958029374,
48ea92f394,180,369,13653,136.53,101.12547051116225,6.471845180790871e-19,18.085304486782576,9.007427241011383,
48ea92f394,180,370,13690,136.9,101.12547051116225,1.2982464842874438e-18,18.085304486782576,9.515452516635015,
48ea92f394,180,371,13727,137.27,101.12547051116225,1.2962040225505784e-18,18.085304486782576,7.040124495181871,
48ea92f394,180,372,13764,137.64,101.12547051116225,6.558671890040574e-19,18.085304486782576,9.798277476840836,
48ea92f394,180,373,13801,138.01,101.12547051116225,6.504175839075836e-19,18.085304486782576,7.234624694025489,
48ea92f394,180,374,13838,138.38,101.12547051116225,6.564642634248807e-19,18.085304486782576,9.234142460186463,
48ea92f394,180,375,13875,138.75,101.12547051116225,1.326382921350541e-18,18.085304486782576,9.63994387929475,
48ea92f394,180,376,13912,139.12,101.12547051116225,1.3343090454741299e-18,18.085304486782576,9.13112112243067,
48ea92f394,180,377,13949,139.49,101.12547051116225,1.3389865996683416e-18,18.085304486782576,7.993303709491175,
48ea92f394,180,378,13986,139.86,101.12547051116225,1.3144515575426304e-18,18.085304486782576,7.151395103528603,
48ea92f394,180,379,14023,140.23,101.12547051116225,1.3148322631230235e-18,18.085304486782576,9.378045926180214,
48ea92f394,180,380,14060,140.6,101.12547051116225,1.3150420993186138e-18,18.085304486782576,8.204859002568735,
48ea92f394,180,381,14097,140.97,101.12547051116225,6.601261019871041e-19,18.085304486782576,7.000299052532801,
48ea92f394,180,382,14134,141.34,101.12547051116225,1.3372590447068267e-18,18.085304486782576,7.662048333890265,
48ea92f394,180,383,14171,141.71,101.12547051116225,6.623603401282292e-19,18.085304486782576,8.535232919493229,
48ea92f394,180,384,14208,142.08,101.12547051116225,6.497862984742393e-19,18.085304486782576,7.521087147321608,
48ea92f394,180,385,14245,142.45,101.12547051116225,6.445369465359857e-19,18.085304486782576,6.930425164403199,
48ea92f394,180,386,14282,142.82,101.12547051116225,6.468924281580714e-19,18.085304486782576,8.290525363260354,
48ea92f394,180,387,14319,143.19,101.12547051116225,6.329130208510842e-19,18.085304486782576,6.1131863606820875,
48ea92f394,180,388,14356,143.56,101.12547051116225,6.472678451913754e-19,18.085304486782576,9.811498889469892,
48ea92f394,180,389,14393,143.93,101.12547051116225,6.461560540237409e-19,18.085304486782576,7.9272604535965465,
48ea92f394,180,390,14430,144.3,101.12547051116225,6.273547469282775e-19,18.085304486782576,7.679516187663062,
48ea92f394,180,391,14467,144.67,101.12547051116225,6.249275217364813e-19,18.085304486782576,7.970139524610414,
48ea92f394,180,392,14504,145.04,101.12547051116225,1.2897864601474105e-18,18.085304486782576,9.239824978563572,
48ea92f394,180,393,14541,145.41,101.12547051116225,1.290481406775768e-18,18.085304486782576,7.5946603397779135,
48ea92f394,180,394,14578,145.78,101.12547051116225,1.312469253199124e-18,18.085304486782576,7.787185758330295,
48ea92f394,180,395,14615,146.15,101.12547051116225,2.647727630095155e-18,18.085304486782576,8.43023397743262,
48ea92f394,180,396,14652,146.52,101.12547051116225,1.3408954755278255e-18,18.085304486782576,8.798427291969144,
48ea92f394,180,397,14689,146.89,101.12547051116225,2.5879424555500877e-18,18.085304486782576,6.970601587286753,
48ea92f394,180,398,14726,147.26,101.12547051116225,1.3276103280343083e-18,18.085304486782576,8.114502278220769,
48ea92f394,180,399,14763,147.63,101.12547051116225,1.3239339388294377e-18,18.085304486782576,9.23504471777202,
48ea92f394,180,400,14800,148.0,101.12547051116225,6.757544256223994e-19,18.085304486782576,7.551763973969965,
48ea92f394,180,401,14837,148.37,101.12547051116225,6.556713654171318e-19,18.085304486782576,8.427545619571356,
48ea92f394,180,402,14874,148.74,101.12547051116225,6.385352573995614e-19,18.085304486782576,7.854859523008224,
48ea92f394,180,403,14911,149.11,101.12547051116225,6.390305750508755e-19,18.085304486782576,7.411249993804916,
48ea92f394,180,404,14948,149.48,101.12547051116225,6.477501185974283e-19,18.085304486782576,6.566342978197497,
48ea92f394,180,405,14985,149.85,101.12547051116225,6.555749141741364e-19,18.085304486782576,8.00823577502894,
48ea92f394,180,406,15022,150.22,101.12547051116225,1.314758762584237e-18,18.085304486782576,9.421883157290734,
48ea92f394,180,407,15059,150.59,101.12547051116225,1.3197318296564978e-18,18.085304486782576,7.7583569669855486,
48ea92f394,180,408,15096,150.96,101.12547051116225,1.3030624768074823e-18,18.085304486782576,6.517120346401215,
48ea92f394,180,409,15133,151.33,101.12547051116225,2.6159899962227784e-18,18.085304486782576,9.139601228572632,
48ea92f394,180,410,15170,151.7,101.12547051116225,1.2941508377881048e-18,18.085304486782576,6.949259716515382,
48ea92f394,180,411,15207,152.07,101.12547051116225,2.585215636884238e-18,18.085304486782576,7.4830810863954635,
48ea92f394,180,412,15244,152.44,101.12547051116225,1.296165563632989e-18,18.085304486782576,7.88528423986666,
48ea92f394,180,413,15281,152.81,101.12547051116225,1.3337970847817722e-18,18.085304486782576,7.467489697765472,
48ea92f394,180,414,15318,153.18,101.12547051116225,1.2954358640194592e-18,18.085304486782576,7.362361026791465,
48ea92f394,180,415,15355,153.55,101.12547051116225,1.2888934042941724e-18,18.085304486782576,9.028646335637024,
48ea92f394,180,416,15392,153.92,101.12547051116225,1.2905389558338666e-18,18.085304486782576,8.878868395282737,
48ea92f394,180,417,15429,154.29,101.12547051116225,6.545280219436905e-19,18.085304486782576,8.904441069375972,
48ea92f394,180,418,15466,154.66,101.12547051116225,6.411236098832103e-19,18.085304486782576,7.007650486804874,
48ea92f394,180,419,15503,155.03,101.12547051116225,1.2770769094527632e-18,18.085304486782576,6.399886716207394,
48ea92f394,180,420,15540,155.4,101.12547051116225,6.429468347522496e-19,18.085304486782576,8.57486190228871,
48ea92f394,180,421,15577,155.77,101.12547051116225,6.510147573277152e-19,18.085304486782576,8.149389997316836,
48ea92f394,180,422,15614,156.14,101.12547051116225,6.478572651641967e-19,18.085304486782576,8.289837712806907,
48ea92f394,180,423,15651,156.51,101.12547051116225,1.266038680803409e-18,18.085304486782576,7.599067962597425,
48ea92f394,180,424,15688,156.88,101.12547051116225,6.311194769511678e-19,18.085304486782576,6.660631851559642,
48ea92f394,180,425,15725,157.25,101.12547051116225,1.2392383236927955e-18,18.085304486782576,7.625528952885511,
48ea92f394,180,426,15762,157.62,101.12547051116225,1.256054866119144e-18,18.085304486782576,6.568514431885524,
48ea92f394,180,427,15799,157.99,101.12547051116225,1.2814747582755743e-18,18.085304486782576,8.709461576505397,
48ea92f394,180,428,15836,158.36,101.12547051116225,1.3309038514337022e-18,18.085304486782576,9.516352649836374,
48ea92f394,180,429,15873,158.73,101.12547051116225,1.3329868292335413e-18,18.085304486782576,6.190199883222959,
48ea92f394,180,430,15910,159.1,101.12547051116225,1.33738007874098e-18,18.085304486782576,6.753821132457326,
48ea92f394,180,431,15947,159.47,101.12547051116225,6.52255257576846e-19,18.085304486782576,6.626786265317942,
48ea92f394,180,432,15984,159.84,101.12547051116225,6.477173364791528e-19,18.085304486782576,7.955518915525943,
48ea92f394,180,433,16021,160.21,101.12547051116225,6.567253078812737e-19,18.085304486782576,8.724095659972386,
48ea92f394,180,434,16058,160.58,101.12547051116225,1.0832974719613752e-14,18.085304486782576,8.031364177081706,
48ea92f394,180,435,16095,160.95,101.12547051106573,3.429786311744805e-16,17.957988119322227,7.495865654413634,
48ea92f394,180,436,16132,161.32,101.12547051103716,3.260475366041204e-16,17.955919947819915,7.628529450571712,
48ea92f394,180,437,16169,161.69,101.12547051073948,1.5961950553863833e-16,17.954232113302723,6.588361381012879,
48ea92f394,180,438,16206,162.06,101.12547051068611,4.0739988382289153e-17,17.953636611470714,8.973533851520934,
48ea92f394,180,439,16243,162.43,101.12547051068063,2.5510622343427444e-18,17.953543280139883,4.717022107896255,
48ea92f394,180,440,16280,162.8,101.1254705106805,6.397676571954196e-19,17.953542985152417,10.363290392905808,
48ea92f394,180,441,16317,163.17,101.1254705106805,6.329030737203779e-19,17.953542985152417,6.91067435318603,
48ea92f394,180,442,16354,163.54,101.1254705106805,6.491221069818418e-19,17.953542985152417,9.11049104907671,
48ea92f394,180,443,16391,163.91,101.1254705106805,1.0146148205400697e-17,17.953542985152417,6.4272669605492565,
48ea92f394,180,444,16428,164.28,101.1254705106805,2.0077344706542734e-17,17.95353748394714,6.604679639403136,
48ea92f394,180,445,16465,164.65,101.12547051067988,6.660644824840833e-19,17.95352967726256,7.406469922497765,
48ea92f394,180,446,16502,165.02,101.12547051067988,1.3185328289264343e-18,17.95352967726256,7.529718272850961,
48ea92f394,180,447,16539,165.39,101.12547051067988,1.3642195700399416e-18,17.95352967726256,10.384630274277466,
48ea92f394,180,448,16576,165.76,101.12547051067988,6.823836929598656e-19,17.95352967726256,9.377923640076007,
48ea92f394,180,449,16613,166.13,101.12547051067988,1.3592928884808328e-18,17.95352967726256,7.373234248291525,
48ea92f394,180,450,16650,166.5,101.12547051067988,1.3679287611545932e-18,17.95352967726256,9.782147341029253,
48ea92f394,180,451,16687,166.87,101.12547051067988,1.3542036075319585e-18,17.95352967726256,8.723492783001545,
48ea92f394,180,452,16724,167.24,101.12547051067988,1.338563340101048e-18,17.95352967726256,8.21780070314125,
48ea92f394,180,453,16761,167.61,101.12547051067988,1.350032165250111e-18,17.95352967726256,8.640044194133997,
48ea92f394,180,454,16798,167.98,101.12547051067988,1.3570114582814611e-18,17.95352967726256,8.791629469598075,
48ea92f394,180,455,16835,168.35,101.12547051067988,2.1569337991530116e-17,17.95352967726256,8.092897156073313,
48ea92f394,180,456,16872,168.72,101.12547051067986,2.1465270327251642e-17,17.953523480619264,8.920373057668249,
48ea92f394,180,457,16909,169.09,101.12547051067534,2.1335046830985438e-17,17.95349998616859,7.832487356022853,
48ea92f394,180,458,16946,169.46,101.12547051067511,1.0938598520765253e-17,17.95347591600195,9.202283279262469,
48ea92f394,180,459,16983,169.83,101.12547051067436,1.0815686114293646e-17,17.953474143990867,6.719936115429146,
48ea92f394,180,460,17020,170.2,101.12547051067386,2.753794091540739e-18,17.95347146813779,9.223865652932423,
48ea92f394,180,461,17057,170.57,101.12547051067386,1.398938046223174e-18,17.95347146813779,7.749581821256696,
48ea92f394,180,462,17094,170.94,101.12547051067386,1.3851367400350382e-18,17.95347146813779,7.547158151770769,
48ea92f394,180,463,17131,171.31,101.12547051067386,1.3371375705306393e-18,17.95347146813779,9.827487604788677,
48ea92f394,180,464,17168,171.68,101.12547051067386,1.3593517749620935e-18,17.95347146813779,8.112196947084584,
48ea92f394,180,465,17205,172.05,101.12547051067386,1.3626243462429408e-18,17.95347146813779,6.115200595853124,
48ea92f394,180,466,17242,172.42,101.12547051067386,2.576163548007877e-18,17.95347146813779,6.970433953225255,
48ea92f394,180,467,17279,172.79,101.12547051067386,1.309005537772233e-18,17.95347146813779,6.451293171269947,
48ea92f394,180,468,17316,173.16,101.12547051067386,6.2144424900409035e-19,17.95347146813779,8.709711213516576,
48ea92f394,180,469,17353,173.53,101.12547051067386,1.251439542473245e-18,17.95347146813779,6.665987795909762,
48ea92f394,180,470,17390,173.9,101.12547051067386,1.2578865648284865e-18,17.95347146813779,7.513529523042672,
48ea92f394,180,471,17427,174.27,101.12547051067386,6.328277394122112e-19,17.95347146813779,10.42288720460283,
48ea92f394,180,472,17464,174.64,101.12547051067386,6.236727291481986e-19,17.95347146813779,9.629634723531419,
48ea92f394,180,473,17501,175.01,101.12547051067386,6.172891038606671e-19,17.95347146813779,8.44431443242442,
48ea92f394,180,474,17538,175.38,101.12547051067386,6.24195069192244e-19,17.95347146813779,7.368415871465638,
48ea92f394,180,475,17575,175.75,101.12547051067386,6.434503133388244e-19,17.95347146813779,7.963466863432339,
48ea92f394,180,476,17612,176.12,101.12547051067386,6.497131042014353e-19,17.95347146813779,7.417713823344892,
48ea92f394,180,477,17649,176.49,101.12547051067386,6.546937862699208e-19,17.95347146813779,7.691672865879145,
48ea92f394,180,478,17686,176.86,101.12547051067386,6.569646845994354e-19,17.95347146813779,6.105755322399502,
48ea92f394,180,479,17723,177.23,101.12547051067386,6.6386729820111085e-19,17.95347146813779,6.578271678730989,
48ea92f394,180,480,17760,177.6,101.12547051067386,1.301294443603869e-18,17.95347146813779,6.801063696016961,
48ea92f394,180,481,17797,177.97,101.12547051067386,1.2609522987352504e-18,17.95347146813779,6.945138324304339,
48ea92f394,180,482,17834,178.34,101.12547051067386,6.621128377415848e-19,17.95347146813779,9.214732601919067,
48ea92f394,180,483,17871,178.71,101.12547051067386,1.2673236162068213e-18,17.95347146813779,9.140613159111254,
48ea92f394,180,484,17908,179.08,101.12547051067386,1.286680753996312e-18,17.95347146813779,7.202833947588844,
48ea92f394,180,485,17945,179.45,101.12547051067386,1.244455190533209e-18,17.95347146813779,7.304142530345218,
48ea92f394,180,486,17982,179.82,101.12547051067386,,17.95347146813779,6.3510383689139385,
599274332c,180,0,0,0.0,516651013610901.0,24.603022522124903,119640441474639.08,55401569774598.03,"ProjectedCommonDirectionsConfig(subspace_frac_grads=0.09, subspace_frac_updates=0, subspace_frac_random=0.09, direction_str=sd, random_proj=True, random_proj_dim_frac=0.2, ensemble=haar, inner_use_full_grad=True, orth_P_k=True, beta=0.001, tau=0.5, c_const=inf, N_try=200, alpha_max=100, p_const=1)"
599274332c,180,1,37,0.37,217534446478886.72,9.225617325355797,77632466141669.84,37373045088118.914,
599274332c,180,2,74,0.74,2231934464718.213,1.0644143402922337,7863575904654.384,3853783434674.845,
599274332c,180,3,111,1.11,410437098066.89185,0.47741100681833337,3372117260261.648,1332421100865.5166,
599274332c,180,4,148,1.48,130127542114.76918,0.26725427108851935,1898733344319.117,834325850474.6395,
599274332c,180,5,185,1.85,38646789289.15126,0.14906263003019823,1034751520188.6377,535371600042.00696,
599274332c,180,6,222,2.22,14775342508.086966,0.09704816152103676,639805753343.7401,261286721079.0865,
599274332c,180,7,259,2.59,9320183885.784483,0.07671192752905576,508149616528.12036,270523379462.88486,
599274332c,180,8,296,2.96,5630047092.504894,0.06139616380704101,394943866769.0422,169542032851.7574,
599274332c,180,9,333,3.33,4405221972.180297,0.054957745347287285,349352018920.4276,188656276674.60297,
599274332c,180,10,370,3.7,3809075641.0498524,0.05070576542916545,324854701685.12646,139277814384.74478,
599274332c,180,11,407,4.07,3084790146.2197814,0.0462062742164778,292342643265.05804,120982232820.2545,
599274332c,180,12,444,4.44,2773025080.9272346,0.022246387793131213,277176403270.279,105355246332.48589,
599274332c,180,13,481,4.81,61273.480590872394,0.00020509031257256988,1301838060.9330823,558026099.8112704,
599274332c,180,14,518,5.18,53627.409876659774,0.00019271258894215854,1217763387.5217814,476123134.14150095,
599274332c,180,15,555,5.55,48709.87680957298,0.0001803573965205175,1160477158.0833778,498123815.7105246,
599274332c,180,16,592,5.92,38054.05653864692,0.00015720205627273403,1025420569.2948256,515815894.3742483,
599274332c,180,17,629,6.29,26422.49242824329,0.00013008516578203176,853952243.7803779,419839407.2244358,
599274332c,180,18,666,6.66,17354.288394975298,0.00010205448741694986,691375086.4125984,216372997.70023212,
599274332c,180,19,703,7.03,8534.992538276156,7.469167075682518e-05,483384521.58282197,242410154.43778166,
599274332c,180,20,740,7.4,6366.470496762105,6.43456748688106e-05,416631267.6695468,189076319.85649922,
599274332c,180,21,777,7.77,4735.924367008638,5.653739240435239e-05,358339605.70074284,179490371.68120575,
599274332c,180,22,814,8.14,4207.292888370003,5.342851401631609e-05,337285514.8913806,142918141.253714,
599274332c,180,23,851,8.51,3860.2854574589733,5.0278171042405366e-05,322719173.56308484,144291095.03024432,
599274332c,180,24,888,8.88,3097.614760860846,4.5382757160730286e-05,288128175.3490896,116614266.20523551,
599274332c,180,25,925,9.25,2718.9304041035043,4.149123744568247e-05,269307225.060953,104680199.64152545,
599274332c,180,26,962,9.62,1997.1107960678476,3.489381502105261e-05,229190625.50239316,70797472.33965771,
599274332c,180,27,999,9.99,1337.7130795473424,2.843471169576206e-05,185093773.40892565,85373318.51503766,
599274332c,180,28,1036,10.36,974.4958255021007,2.3111712178472007e-05,155553070.17660332,69735285.15623666,
599274332c,180,29,1073,10.73,555.7619096096985,1.6919286586890526e-05,112230651.6963474,62405758.48884819,
599274332c,180,30,1110,11.1,372.2990388447499,1.3220075098532675e-05,86676834.46443608,47635103.33676803,
599274332c,180,31,1147,11.47,280.846402864674,1.0470097309360451e-05,70563269.52969012,30141721.2462287,
599274332c,180,32,1184,11.84,193.48977357362858,7.400540104286518e-06,50586128.492457874,21887185.13148702,
599274332c,180,33,1221,12.21,142.4670420170356,5.036596992655822e-06,33843311.7640512,11278292.179858776,
599274332c,180,34,1258,12.58,122.98402779582177,3.653020853294928e-06,24608781.54808595,9971132.381784193,
599274332c,180,35,1295,12.95,112.4064337439715,2.5969089800901523e-06,17678786.696284056,6381599.812729213,
599274332c,180,36,1332,13.32,106.38331591930879,1.7807808739313467e-06,12069333.010060498,4713844.655409282,
599274332c,180,37,1369,13.69,103.68468276078222,1.2175366092050225e-06,8420396.009975024,3682574.1648983187,
599274332c,180,38,1406,14.06,102.14255301351395,7.835084957096358e-07,5308324.392659184,2101425.935555908,
599274332c,180,39,1443,14.43,101.6222937357286,5.260353906673232e-07,3710054.653410027,1112217.788051721,
599274332c,180,40,1480,14.8,101.28559826090616,3.1156137734639654e-07,2106263.3032913804,896726.0880257726,
599274332c,180,41,1517,15.17,101.20535626961866,2.0677241243057994e-07,1487695.4538139591,568540.9767323761,
599274332c,180,42,1554,15.54,101.14596079757392,1.0596409637783988e-07,753448.0922281317,364610.14624577295,
599274332c,180,43,1591,15.91,101.1314996809858,5.883322548746616e-08,408703.17426745873,195351.1183041216,
599274332c,180,44,1628,16.28,101.12775794408216,3.6668839657135037e-08,251740.5649284195,123833.05675764644,
599274332c,180,45,1665,16.65,101.12645060593546,2.443939183342398e-08,164783.07295068272,70115.55487975714,
599274332c,180,46,1702,17.02,101.12597205956337,1.743177664441012e-08,117878.45891081559,47895.91609250918,
599274332c,180,47,1739,17.39,101.12572004144916,1.2316087246684762e-08,83145.29076645998,33482.334901907874,
599274332c,180,48,1776,17.76,101.12559668123542,8.684488097763608e-09,59122.42960023493,27308.2948307808,
599274332c,180,49,1813,18.13,101.1255293018621,5.858338936387465e-09,40357.32383724154,14507.073805078733,
599274332c,180,50,1850,18.5,101.12549483881538,3.847489053944523e-09,25959.718183395373,11920.051769659833,
599274332c,180,51,1887,18.87,101.12548288030796,2.764978779394984e-09,18508.870867454967,7415.964627491927,
599274332c,180,52,1924,19.24,101.12547729071291,2.0558991851505707e-09,13701.978998156716,5729.165751927425,
599274332c,180,53,1961,19.61,101.12547438423675,1.5149886201520213e-09,10353.766968472179,4403.301769614137,
599274332c,180,54,1998,19.98,101.12547224908714,1.0325977296746305e-09,6933.2016706989725,2588.580834849305,
599274332c,180,55,2035,20.35,101.12547143876485,7.370363790163761e-10,5059.775716056602,2362.790238027034,
599274332c,180,56,2072,20.72,101.12547091048299,4.74173202848645e-10,3312.5291701838664,1167.6571445360582,
599274332c,180,57,2109,21.09,101.1254706550708,2.8156502747900235e-10,1980.603672788346,778.7125085811246,
599274332c,180,58,2146,21.46,101.12547056102659,1.6580642294384592e-10,1140.8603277966718,558.7818125416691,
599274332c,180,59,2183,21.83,101.12547053372428,1.0793467715348011e-10,738.3221857065259,349.09392173350693,
599274332c,180,60,2220,22.2,101.1254705236916,7.477472421608959e-11,492.1574380026991,246.26456714293866,
599274332c,180,61,2257,22.57,101.12547052035946,5.916029783590427e-11,393.78423709241554,151.72537379853716,
599274332c,180,62,2294,22.94,101.12547051805197,4.558565803951112e-11,299.3250979678682,148.5329686671018,
599274332c,180,63,2331,23.31,101.12547051696745,3.663907315416643e-11,242.06650094246166,105.47835370004604,
599274332c,180,64,2368,23.68,101.1254705156971,1.464822733946367e-11,190.39866952239893,113.84827961434186,
599274332c,180,65,2405,24.05,101.12547051383737,1.4384302533327187e-13,14.636607815465629,7.4202400945921,
599274332c,180,66,2442,24.42,101.1254705137841,1.029565185819554e-12,12.872418110446846,6.071749525775404,
599274332c,180,67,2479,24.79,101.12547051324393,5.721369776923331e-16,0.028594142554774632,0.011414980056633408,
599274332c,180,68,2516,25.16,101.1254705130731,2.575994730224408e-16,0.025922429051345158,0.011933344175524867,
599274332c,180,69,2553,25.53,101.12547051294821,3.160588096023381e-17,0.025661753509591795,0.010142148672012219,
599274332c,180,70,2590,25.9,101.12547051294821,3.1245184686747094e-17,0.025661753509591795,0.01211903746276732,
599274332c,180,71,2627,26.27,101.12547051294821,6.155558872957782e-17,0.025661753509591795,0.012353689245387425,
599274332c,180,72,2664,26.64,101.12547051294821,6.195977860031829e-17,0.025661753509591795,0.011107235071172382,
599274332c,180,73,2701,27.01,101.12547051294821,3.128167739732565e-14,0.025661753509591795,0.013571305683712644,
599274332c,180,74,2738,27.38,101.1254705124797,5.243735717623169e-17,0.34726959213172054,0.16846925447997527,
599274332c,180,75,2775,27.75,101.1254705124797,5.272375922721998e-17,0.34726959213172054,0.1391913567654378,
599274332c,180,76,2812,28.12,101.1254705124797,5.2200414099121785e-17,0.34726959213172054,0.18253628432789018,
599274332c,180,77,2849,28.49,101.1254705124797,1.0589124374603806e-16,0.34726959213172054,0.13735169022413618,
599274332c,180,78,2886,28.86,101.12547051244405,1.0326997160826196e-16,0.3472927400049674,0.13500067036953772,
599274332c,180,79,2923,29.23,101.12547051243709,1.0265860737368613e-16,0.34726504412176695,0.18779577494152405,
599274332c,180,80,2960,29.6,101.12547051243462,1.0394628396473309e-16,0.3472278938685092,0.16605599460553663,
599274332c,180,81,2997,29.97,101.12547051243135,2.6437201232701103e-14,0.3471934958094263,0.12163778638450883,
599274332c,180,82,3034,30.34,101.12547051218837,1.6038429678983576e-16,0.033328969746395216,0.013138586779388898,
599274332c,180,83,3071,30.71,101.12547051218553,7.84753648559648e-17,0.03323196536498238,0.015502773993384003,
599274332c,180,84,3108,31.08,101.12547051217797,7.943554720683224e-17,0.033203596581273045,0.014970034701870659,
599274332c,180,85,3145,31.45,101.12547051217213,1.9722951270370643e-17,0.03316920886033792,0.016348512614214102,
599274332c,180,86,3182,31.82,101.12547051217213,2.004940086354916e-17,0.03316920886033792,0.01603511490282762,
599274332c,180,87,3219,32.19,101.12547051217213,1.0018638927766606e-17,0.03316920886033792,0.0097157690262397,
599274332c,180,88,3256,32.56,101.12547051217213,2.0223248823425105e-17,0.03316920886033792,0.017060130761412263,
599274332c,180,89,3293,32.93,101.12547051217213,7.797802062340211e-17,0.03316920886033792,0.017075711357566758,
599274332c,180,90,3330,33.3,101.12547051216217,1.9531799101831406e-17,0.03314955314717279,0.012434140130380217,
599274332c,180,91,3367,33.67,101.12547051216217,2.0098590951293202e-17,0.03314955314717279,0.01425088216270033,
599274332c,180,92,3404,34.04,101.12547051216217,2.0543744795287782e-17,0.03314955314717279,0.016482746959517142,
599274332c,180,93,3441,34.41,101.12547051216217,2.0395853553466192e-17,0.03314955314717279,0.014525653617759995,
599274332c,180,94,3478,34.78,101.12547051216217,2.0200173093916178e-17,0.03314955314717279,0.015253760360783858,
599274332c,180,95,3515,35.15,101.12547051216217,1.9513501586772775e-17,0.03314955314717279,0.015980872610288577,
599274332c,180,96,3552,35.52,101.12547051216217,1.9908732987037635e-17,0.03314955314717279,0.012943515616193462,
599274332c,180,97,3589,35.89,101.12547051216217,3.952733881070962e-17,0.03314955314717279,0.012408858409318959,
599274332c,180,98,3626,36.26,101.12547051216217,3.7099598816963006e-17,0.03314955314717279,0.010776625670845948,
599274332c,180,99,3663,36.63,101.12547051216217,3.8332251228242495e-17,0.03314955314717279,0.01564529305552492,
599274332c,180,100,3700,37.0,101.12547051216217,1.9261746977596165e-17,0.03314955314717279,0.011234073641742727,
599274332c,180,101,3737,37.37,101.12547051216217,2.0180495799849666e-17,0.03314955314717279,0.017678503300400855,
599274332c,180,102,3774,37.74,101.12547051216217,3.90985845685005e-17,0.03314955314717279,0.012912802860171177,
599274332c,180,103,3811,38.11,101.12547051216217,1.965406117245358e-17,0.03314955314717279,0.01322046330343103,
599274332c,180,104,3848,38.48,101.12547051216217,3.0837599785901585e-16,0.03314955314717279,0.01171975721343028,
599274332c,180,105,3885,38.85,101.12547051215569,3.091271794283941e-16,0.03265561814927007,0.0158493372094401,
599274332c,180,106,3922,39.22,101.12547051202651,7.415844089379526e-17,0.031680030439702835,0.013145240050159882,
599274332c,180,107,3959,39.59,101.12547051201463,7.473013118493917e-17,0.031642228961559986,0.014083033887072013,
599274332c,180,108,3996,39.96,101.12547051201113,3.5792941192618115e-17,0.031597676107877885,0.014817692474236624,
599274332c,180,109,4033,40.33,101.12547051201113,9.305190941535027e-18,0.031597676107877885,0.011648680101340186,
599274332c,180,110,4070,40.7,101.12547051201113,3.68318658685101e-17,0.031597676107877885,0.017706758112494995,
599274332c,180,111,4107,41.07,101.12547051201113,3.669267944056298e-17,0.031597676107877885,0.01194216997837595,
599274332c,180,112,4144,41.44,101.12547051201113,7.571344765735041e-17,0.031597676107877885,0.013994814171825376,
599274332c,180,113,4181,41.81,101.12547051201113,7.588887402896913e-17,0.031597676107877885,0.014892215283226724,
599274332c,180,114,4218,42.18,101.12547051201113,7.592653292699271e-17,0.031597676107877885,0.01267545920014644,
599274332c,180,115,4255,42.55,101.12547051201113,3.785546040218331e-17,0.031597676107877885,0.015527326013770897,
599274332c,180,116,4292,42.92,101.12547051201113,7.535264993416894e-17,0.031597676107877885,0.012428360362989516,
599274332c,180,117,4329,43.29,101.12547051201113,1.906762687388596e-17,0.031597676107877885,0.014536471048497493,
599274332c,180,118,4366,43.66,101.12547051201113,3.8204150221772135e-17,0.031597676107877885,0.01564855802555121,
599274332c,180,119,4403,44.03,101.12547051201113,3.6708128643439973e-17,0.031597676107877885,0.0126406360614256,
599274332c,180,120,4440,44.4,101.12547051201113,1.9197433185605727e-17,0.031597676107877885,0.015156170767654147,
599274332c,180,121,4477,44.77,101.12547051201113,3.8170017283752724e-17,0.031597676107877885,0.015837511255736198,
599274332c,180,122,4514,45.14,101.12547051201113,1.9057798645744544e-17,0.031597676107877885,0.012136165494561197,
599274332c,180,123,4551,45.51,101.12547051201113,3.804278194911631e-17,0.031597676107877885,0.012301006843516355,
599274332c,180,124,4588,45.88,101.12547051201113,3.75204683326281e-17,0.031597676107877885,0.013485537406437197,
599274332c,180,125,4625,46.25,101.12547051201113,1.84358996537052e-17,0.031597676107877885,0.014665496120015406,
599274332c,180,126,4662,46.62,101.12547051201113,1.8529161699789536e-17,0.031597676107877885,0.012774586031857773,
599274332c,180,127,4699,46.99,101.12547051201113,1.8329586728436408e-17,0.031597676107877885,0.013187074542958829,
599274332c,180,128,4736,47.36,101.12547051201113,3.612784026964404e-17,0.031597676107877885,0.014516580846897317,
599274332c,180,129,4773,47.73,101.12547051201113,1.8258384342650328e-17,0.031597676107877885,0.014348993806351198,
599274332c,180,130,4810,48.1,101.12547051201113,1.7963633844204434e-17,0.031597676107877885,0.012139870991245,
599274332c,180,131,4847,48.47,101.12547051201113,1.8532086467352213e-17,0.031597676107877885,0.01599899858433029,
599274332c,180,132,4884,48.84,101.12547051201113,1.9030402099608356e-17,0.031597676107877885,0.015030206686921206,
599274332c,180,133,4921,49.21,101.12547051201113,1.8910767582138693e-17,0.031597676107877885,0.017573172007776396,
599274332c,180,134,4958,49.58,101.12547051201113,3.704131169939776e-17,0.031597676107877885,0.012370064408531561,
599274332c,180,135,4995,49.95,101.12547051201113,1.8702659247907682e-17,0.031597676107877885,0.012224128301669423,
599274332c,180,136,5032,50.32,101.12547051201113,3.785755038205638e-17,0.031597676107877885,0.014134642008884165,
599274332c,180,137,5069,50.69,101.12547051201113,1.902358607706845e-17,0.031597676107877885,0.01394992004398923,
599274332c,180,138,5106,51.06,101.12547051201113,1.8669071546014626e-17,0.031597676107877885,0.01514677189686763,
599274332c,180,139,5143,51.43,101.12547051201113,1.8702546179406062e-17,0.031597676107877885,0.013106778222439308,
599274332c,180,140,5180,51.8,101.12547051201113,1.8535455088352887e-17,0.031597676107877885,0.013430126149158707,
599274332c,180,141,5217,52.17,101.12547051201113,1.8534062590612944e-17,0.031597676107877885,0.013568061036029833,
599274332c,180,142,5254,52.54,101.12547051201113,1.7691295943323228e-17,0.031597676107877885,0.014219646910172594,
599274332c,180,143,5291,52.91,101.12547051201113,1.797237760094981e-17,0.031597676107877885,0.015147545314549706,
599274332c,180,144,5328,53.28,101.12547051201113,1.848563149081456e-17,0.031597676107877885,0.015260980633366606,
599274332c,180,145,5365,53.65,101.12547051201113,9.478851991735828e-18,0.031597676107877885,0.016159888635579767,
599274332c,180,146,5402,54.02,101.12547051201113,1.888432356309128e-17,0.031597676107877885,0.013790989796608545,
599274332c,180,147,5439,54.39,101.12547051201113,1.8672392786244963e-17,0.031597676107877885,0.015430169025916332,
599274332c,180,148,5476,54.76,101.12547051201113,1.8497160613959172e-17,0.031597676107877885,0.013189961525064516,
599274332c,180,149,5513,55.13,101.12547051201113,1.8555347148808714e-17,0.031597676107877885,0.013438173848384232,
599274332c,180,150,5550,55.5,101.12547051201113,1.9070885169676723e-17,0.031597676107877885,0.01775565591426626,
599274332c,180,151,5587,55.87,101.12547051201113,3.846537965718402e-17,0.031597676107877885,0.013207215815904488,
599274332c,180,152,5624,56.24,101.12547051201113,1.9126812105414736e-17,0.031597676107877885,0.013239918619315888,
599274332c,180,153,5661,56.61,101.12547051201113,1.9346107971681913e-17,0.031597676107877885,0.013279831728735874,
599274332c,180,154,5698,56.98,101.12547051201113,1.9251551097481207e-17,0.031597676107877885,0.014354253018481247,
599274332c,180,155,5735,57.35,101.12547051201113,1.8825006129647308e-17,0.031597676107877885,0.012270974655256102,
599274332c,180,156,5772,57.72,101.12547051201113,1.868051087644538e-17,0.031597676107877885,0.014353282262031463,
599274332c,180,157,5809,58.09,101.12547051201113,1.8311649910388434e-17,0.031597676107877885,0.014671171910213138,
599274332c,180,158,5846,58.46,101.12547051201113,1.8280939847254097e-17,0.031597676107877885,0.011511272844253255,
599274332c,180,159,5883,58.83,101.12547051201113,1.7491058855994352e-17,0.031597676107877885,0.01612387356276196,
599274332c,180,160,5920,59.2,101.12547051201113,3.599102653787205e-17,0.031597676107877885,0.013510311097133626,
599274332c,180,161,5957,59.57,101.12547051201113,1.8057096877244756e-17,0.031597676107877885,0.013808225543852064,
599274332c,180,162,5994,59.94,101.12547051201113,1.866106471026152e-17,0.031597676107877885,0.015294622740795258,
599274332c,180,163,6031,60.31,101.12547051201113,1.883042467535611e-17,0.031597676107877885,0.012117723909152214,
599274332c,180,164,6068,60.68,101.12547051201113,1.8891258081817753e-17,0.031597676107877885,0.013363366558490197,
599274332c,180,165,6105,61.05,101.12547051201113,3.7893800319458947e-17,0.031597676107877885,0.016976835568084096,
599274332c,180,166,6142,61.42,101.12547051201113,9.54108341153996e-18,0.031597676107877885,0.013811226206233073,
599274332c,180,167,6179,61.79,101.12547051201113,9.416356965570714e-18,0.031597676107877885,0.015819230031331115,
599274332c,180,168,6216,62.16,101.12547051201113,3.76657928237926e-17,0.031597676107877885,0.014911679112964989,
599274332c,180,169,6253,62.53,101.12547051201113,3.756386997143343e-17,0.031597676107877885,0.01570913712118167,
599274332c,180,170,6290,62.9,101.12547051201113,3.843517972132099e-17,0.031597676107877885,0.012521888429058329,
599274332c,180,171,6327,63.27,101.12547051201113,3.796761991269557e-17,0.031597676107877885,0.013954990928089356,
599274332c,180,172,6364,63.64,101.12547051201113,3.865753693105271e-17,0.031597676107877885,0.01555844766342642,
599274332c,180,173,6401,64.01,101.12547051201113,3.875195460570261e-17,0.031597676107877885,0.013518910038826288,
599274332c,180,174,6438,64.38,101.12547051201113,3.855529447808141e-17,0.031597676107877885,0.013311991491112988,
599274332c,180,175,6475,64.75,101.12547051201113,3.829514711058652e-17,0.031597676107877885,0.01297458441318406,
599274332c,180,176,6512,65.12,101.12547051201113,3.765715985011854e-17,0.031597676107877885,0.012348083097646482,
599274332c,180,177,6549,65.49,101.12547051201113,3.725696937874129e-17,0.031597676107877885,0.014413867427708178,
599274332c,180,178,6586,65.86,101.12547051201113,3.690031649703701e-17,0.031597676107877885,0.016565958209012827,
599274332c,180,179,6623,66.23,101.12547051201113,3.7008969052639636e-17,0.031597676107877885,0.012092462532647064,
599274332c,180,180,6660,66.6,101.12547051201113,7.263555980383722e-17,0.031597676107877885,0.009994106252052626,
599274332c,180,181,6697,66.97,101.12547051201113,3.618134076512282e-17,0.031597676107877885,0.014386428351621764,
599274332c,180,182,6734,67.34,101.12547051201113,3.648674949363104e-17,0.031597676107877885,0.015337463712380846,
599274332c,180,183,6771,67.71,101.12547051201113,3.7462397125802125e-17,0.031597676107877885,0.01730726240879121,
599274332c,180,184,6808,68.08,101.12547051201113,3.7237389469954877e-17,0.031597676107877885,0.014901273036666454,
599274332c,180,185,6845,68.45,101.12547051201113,3.7863644888699064e-17,0.031597676107877885,0.012446742082490728,
599274332c,180,186,6882,68.82,101.12547051201113,3.81831765475466e-17,0.031597676107877885,0.013494032297990725,
599274332c,180,187,6919,69.19,101.12547051201113,1.8929790354937917e-17,0.031597676107877885,0.00978912108306789,
599274332c,180,188,6956,69.56,101.12547051201113,3.855866201292945e-17,0.031597676107877885,0.016486764325449686,
599274332c,180,189,6993,69.93,101.12547051201113,3.800184015770201e-17,0.031597676107877885,0.016126364493998048,
599274332c,180,190,7030,70.3,101.12547051201113,3.934740429003193e-17,0.031597676107877885,0.014654169711828568,
599274332c,180,191,7067,70.67,101.12547051201113,3.922347541859518e-17,0.031597676107877885,0.016174802189824054,
599274332c,180,192,7104,71.04,101.12547051201113,3.8276588697811206e-17,0.031597676107877885,0.01441822420952394,
599274332c,180,193,7141,71.41,101.12547051201113,3.831508710786365e-17,0.031597676107877885,0.012167589333460311,
599274332c,180,194,7178,71.78,101.12547051201113,3.825672005293781e-17,0.031597676107877885,0.01608143648736413,
599274332c,180,195,7215,72.15,101.12547051201113,3.837759332702468e-17,0.031597676107877885,0.015456849478125314,
599274332c,180,196,7252,72.52,101.12547051201113,3.783269367767003e-17,0.031597676107877885,0.014049978102822326,
599274332c,180,197,7289,72.89,101.12547051201113,3.8069185392075475e-17,0.031597676107877885,0.014761269455546304,
599274332c,180,198,7326,73.26,101.12547051201113,3.816129784286216e-17,0.031597676107877885,0.014381807803545324,
599274332c,180,199,7363,73.63,101.12547051201113,3.9190646374061544e-17,0.031597676107877885,0.016876102382111784,
599274332c,180,200,7400,74.0,101.12547051201113,3.771511407253922e-17,0.031597676107877885,0.012637482846349588,
599274332c,180,201,7437,74.37,101.12547051201113,7.611683809138923e-17,0.031597676107877885,0.013560718796113725,
599274332c,180,202,7474,74.74,101.12547051201113,3.736332722500595e-17,0.031597676107877885,0.01492155837188235,
599274332c,180,203,7511,75.11,101.12547051201113,3.678643380422357e-17,0.031597676107877885,0.013185246761156339,
599274332c,180,204,7548,75.48,101.12547051201113,1.8918098776608045e-17,0.031597676107877885,0.01468764372482178,
599274332c,180,205,7585,75.85,101.12547051201113,3.877293924196477e-17,0.031597676107877885,0.014402954505462421,
599274332c,180,206,7622,76.22,101.12547051201113,3.902312340032691e-17,0.031597676107877885,0.016264562029436255,
599274332c,180,207,7659,76.59,101.12547051201113,3.8441385353072915e-17,0.031597676107877885,0.014711746804942236,
599274332c,180,208,7696,76.96,101.12547051201113,1.9069656180691727e-17,0.031597676107877885,0.013010103706262618,
599274332c,180,209,7733,77.33,101.12547051201113,1.9107663515954857e-17,0.031597676107877885,0.01487714584072701,
599274332c,180,210,7770,77.7,101.12547051201113,1.892785608757049e-17,0.031597676107877885,0.01619680041991051,
599274332c,180,211,7807,78.07,101.12547051201113,1.9051737955486553e-17,0.031597676107877885,0.012987813392051663,
599274332c,180,212,7844,78.44,101.12547051201113,1.917105161897473e-17,0.031597676107877885,0.013802034875188083,
599274332c,180,213,7881,78.81,101.12547051201113,3.813382851841858e-17,0.031597676107877885,0.012412408050009916,
599274332c,180,214,7918,79.18,101.12547051201113,1.860152713580191e-17,0.031597676107877885,0.013206170531793394,
599274332c,180,215,7955,79.55,101.12547051201113,3.7966984233988566e-17,0.031597676107877885,0.01436757611358816,
599274332c,180,216,7992,79.92,101.12547051201113,1.855072178071106e-17,0.031597676107877885,0.015346065121639212,
599274332c,180,217,8029,80.29,101.12547051201113,3.693235394280976e-17,0.031597676107877885,0.013435623409941186,
599274332c,180,218,8066,80.66,101.12547051201113,1.8337725460688935e-17,0.031597676107877885,0.013758806955905456,
599274332c,180,219,8103,81.03,101.12547051201113,1.8068494597415366e-17,0.031597676107877885,0.014937418726502503,
599274332c,180,220,8140,81.4,101.12547051201113,1.8710039212163306e-17,0.031597676107877885,0.018967963762564384,
599274332c,180,221,8177,81.77,101.12547051201113,1.8648398383360187e-17,0.031597676107877885,0.013364443739574768,
599274332c,180,222,8214,82.14,101.12547051201113,3.833231164040966e-17,0.031597676107877885,0.015051145186981156,
599274332c,180,223,8251,82.51,101.12547051201113,1.9383249837738677e-17,0.031597676107877885,0.015200792472518775,
599274332c,180,224,8288,82.88,101.12547051201113,1.9359544416041053e-17,0.031597676107877885,0.01595888417072707,
599274332c,180,225,8325,83.25,101.12547051201113,1.9312240011740253e-17,0.031597676107877885,0.01733438130483451,
599274332c,180,226,8362,83.62,101.12547051201113,1.8906160997321063e-17,0.031597676107877885,0.012895520884330299,
599274332c,180,227,8399,83.99,101.12547051201113,1.8849752034872593e-17,0.031597676107877885,0.013742435944568953,
599274332c,180,228,8436,84.36,101.12547051201113,1.9441254877783947e-17,0.031597676107877885,0.010448418488411907,
599274332c,180,229,8473,84.73,101.12547051201113,3.6736002284928585e-17,0.031597676107877885,0.011967463202121168,
599274332c,180,230,8510,85.1,101.12547051201113,9.013095505088147e-18,0.031597676107877885,0.011926031087987888,
599274332c,180,231,8547,85.47,101.12547051201113,1.8467400857739424e-17,0.031597676107877885,0.015321387381645927,
599274332c,180,232,8584,85.84,101.12547051201113,1.907309404051997e-17,0.031597676107877885,0.013520689077456512,
599274332c,180,233,8621,86.21,101.12547051201113,9.498066070108934e-18,0.031597676107877885,0.018258589951022326,
599274332c,180,234,8658,86.58,101.12547051201113,9.174255053403205e-18,0.031597676107877885,0.008954870291618355,
599274332c,180,235,8695,86.95,101.12547051201113,1.845820185388623e-17,0.031597676107877885,0.010958408841234748,
599274332c,180,236,8732,87.32,101.12547051201113,1.8792270369371923e-17,0.031597676107877885,0.014938369497887108,
599274332c,180,237,8769,87.69,101.12547051201113,1.8264229502206936e-17,0.031597676107877885,0.015029999996275795,
599274332c,180,238,8806,88.06,101.12547051201113,1.8900983793246767e-17,0.031597676107877885,0.014126220896927845,
599274332c,180,239,8843,88.43,101.12547051201113,3.7538831380466614e-17,0.031597676107877885,0.014603655470156266,
599274332c,180,240,8880,88.8,101.12547051201113,3.630694963862976e-17,0.031597676107877885,0.014243473112733879,
599274332c,180,241,8917,89.17,101.12547051201113,3.7688591204236925e-17,0.031597676107877885,0.015300917309552914,
599274332c,180,242,8954,89.54,101.12547051201113,1.8549043318918475e-17,0.031597676107877885,0.011656067785191404,
599274332c,180,243,8991,89.91,101.12547051201113,3.733198728151115e-17,0.031597676107877885,0.014960167364657453,
599274332c,180,244,9028,90.28,101.12547051201113,1.841109490153218e-17,0.031597676107877885,0.009331487206541695,
599274332c,180,245,9065,90.65,101.12547051201113,3.544988422093065e-17,0.031597676107877885,0.01025929178605528,
599274332c,180,246,9102,91.02,101.12547051201113,3.694115800387748e-17,0.031597676107877885,0.01370883797917011,
599274332c,180,247,9139,91.39,101.12547051201113,3.5589636042269887e-17,0.031597676107877885,0.0172454554964172,
599274332c,180,248,9176,91.76,101.12547051201113,3.5857963370397114e-17,0.031597676107877885,0.013771278301358929,
599274332c,180,249,9213,92.13,101.12547051201113,7.352509340214355e-17,0.031597676107877885,0.014638087933785855,
599274332c,180,250,9250,92.5,101.12547051201113,7.380174957574707e-17,0.031597676107877885,0.013514107176701436,
599274332c,180,251,9287,92.87,101.12547051201113,3.613551933905794e-17,0.031597676107877885,0.011763939174568723,
599274332c,180,252,9324,93.24,101.12547051201113,3.68816739903214e-17,0.031597676107877885,0.014643892964539044,
599274332c,180,253,9361,93.61,101.12547051201113,1.8747446497731062e-17,0.031597676107877885,0.01490108110557233,
599274332c,180,254,9398,93.98,101.12547051201113,1.9118778657930723e-17,0.031597676107877885,0.014858513155357798,
599274332c,180,255,9435,94.35,101.12547051201113,1.881284515394517e-17,0.031597676107877885,0.013671114284974953,
599274332c,180,256,9472,94.72,101.12547051201113,1.878944240160398e-17,0.031597676107877885,0.015713508350511295,
599274332c,180,257,9509,95.09,101.12547051201113,3.6614707798094156e-17,0.031597676107877885,0.012142516396048108,
599274332c,180,258,9546,95.46,101.12547051201113,1.8581672705208864e-17,0.031597676107877885,0.010645540155265037,
599274332c,180,259,9583,95.83,101.12547051201113,3.70163235179819e-17,0.031597676107877885,0.014601149204693077,
599274332c,180,260,9620,96.2,101.12547051201113,1.8704879702878206e-17,0.031597676107877885,0.011487673670290743,
599274332c,180,261,9657,96.57,101.12547051201113,3.740400079890041e-17,0.031597676107877885,0.015188355581977491,
599274332c,180,262,9694,96.94,101.12547051201113,3.6884685471886895e-17,0.031597676107877885,0.012518922082524598,
599274332c,180,263,9731,97.31,101.12547051201113,3.645175573555888e-17,0.031597676107877885,0.014520836791278283,
599274332c,180,264,9768,97.68,101.12547051201113,3.5937582684001e-17,0.031597676107877885,0.012149863760802453,
599274332c,180,265,9805,98.05,101.12547051201113,3.618814865919367e-17,0.031597676107877885,0.012774157465863589,
599274332c,180,266,9842,98.42,101.12547051201113,7.138583609026967e-17,0.031597676107877885,0.013698277785198628,
599274332c,180,267,9879,98.79,101.12547051201113,1.8659964120315848e-17,0.031597676107877885,0.01406029617020271,
599274332c,180,268,9916,99.16,101.12547051201113,3.687876346071774e-17,0.031597676107877885,0.014495146996260734,
599274332c,180,269,9953,99.53,101.12547051201113,1.8861378419864942e-17,0.031597676107877885,0.014383325352064224,
599274332c,180,270,9990,99.9,101.12547051201113,3.733922737045688e-17,0.031597676107877885,0.014256346705893586,
599274332c,180,271,10027,100.27,101.12547051201113,3.716952561658439e-17,0.031597676107877885,0.011512743058354126,
599274332c,180,272,10064,100.64,101.12547051201113,3.684963972498927e-17,0.031597676107877885,0.012979612029871638,
599274332c,180,273,10101,101.01,101.12547051201113,3.664167871311052e-17,0.031597676107877885,0.012719629422811346,
599274332c,180,274,10138,101.38,101.12547051201113,3.7576842619995827e-17,0.031597676107877885,0.01183752689882059,
599274332c,180,275,10175,101.75,101.12547051201113,3.763158369450157e-17,0.031597676107877885,0.013297647704355469,
599274332c,180,276,10212,102.12,101.12547051201113,3.718981350083359e-17,0.031597676107877885,0.016674119719308298,
599274332c,180,277,10249,102.49,101.12547051201113,1.865829319751972e-17,0.031597676107877885,0.013017645455931958,
599274332c,180,278,10286,102.86,101.12547051201113,3.6826147616086906e-17,0.031597676107877885,0.01316461805584623,
599274332c,180,279,10323,103.23,101.12547051201113,3.735210364091036e-17,0.031597676107877885,0.013282727972475258,
599274332c,180,280,10360,103.6,101.12547051201113,3.758793914183774e-17,0.031597676107877885,0.01277965104814058,
599274332c,180,281,10397,103.97,101.12547051201113,1.8769854852083942e-17,0.031597676107877885,0.014662841748901615,
599274332c,180,282,10434,104.34,101.12547051201113,3.7774958974678355e-17,0.031597676107877885,0.0172244425278994,
599274332c,180,283,10471,104.71,101.12547051201113,1.906998753549194e-17,0.031597676107877885,0.008272385901585367,
599274332c,180,284,10508,105.08,101.12547051201113,1.8957556189644474e-17,0.031597676107877885,0.010801985685318247,
599274332c,180,285,10545,105.45,101.12547051201113,1.8887587324278605e-17,0.031597676107877885,0.018283056649993728,
599274332c,180,286,10582,105.82,101.12547051201113,1.9307132251747986e-17,0.031597676107877885,0.014118334056658974,
599274332c,180,287,10619,106.19,101.12547051201113,1.897179496993283e-17,0.031597676107877885,0.013394222659204381,
599274332c,180,288,10656,106.56,101.12547051201113,1.9553715317542748e-17,0.031597676107877885,0.013041338171782156,
599274332c,180,289,10693,106.93,101.12547051201113,3.8432041284260487e-17,0.031597676107877885,0.01280222556975641,
599274332c,180,290,10730,107.3,101.12547051201113,1.891669538898845e-17,0.031597676107877885,0.011057820755671034,
599274332c,180,291,10767,107.67,101.12547051201113,1.9270493054234148e-17,0.031597676107877885,0.013889457330678277,
599274332c,180,292,10804,108.04,101.12547051201113,3.8643361567106223e-17,0.031597676107877885,0.013365972129286615,
599274332c,180,293,10841,108.41,101.12547051201113,3.828728038042662e-17,0.031597676107877885,0.014413918088569917,
599274332c,180,294,10878,108.78,101.12547051201113,1.8996416672540656e-17,0.031597676107877885,0.013270023772222377,
599274332c,180,295,10915,109.15,101.12547051201113,3.746287548197927e-17,0.031597676107877885,0.018792304713540212,
599274332c,180,296,10952,109.52,101.12547051201113,3.801900785860543e-17,0.031597676107877885,0.014647341754406715,
599274332c,180,297,10989,109.89,101.12547051201113,1.8958492189950114e-17,0.031597676107877885,0.01681111097711758,
599274332c,180,298,11026,110.26,101.12547051201113,3.731196398554296e-17,0.031597676107877885,0.008241610169396583,
599274332c,180,299,11063,110.63,101.12547051201113,1.8570263450989513e-17,0.031597676107877885,0.014656925205256804,
599274332c,180,300,11100,111.0,101.12547051201113,9.32763207884312e-18,0.031597676107877885,0.014654273606638912,
599274332c,180,301,11137,111.37,101.12547051201113,9.508876937899533e-18,0.031597676107877885,0.01699043137349962,
599274332c,180,302,11174,111.74,101.12547051201113,9.577205911370119e-18,0.031597676107877885,0.014769576878229534,
599274332c,180,303,11211,112.11,101.12547051201113,1.900782289879766e-17,0.031597676107877885,0.013275499466276357,
599274332c,180,304,11248,112.48,101.12547051201113,1.8721090916381962e-17,0.031597676107877885,0.013532379615739344,
599274332c,180,305,11285,112.85,101.12547051201113,1.8565051048551142e-17,0.031597676107877885,0.011364214184119797,
599274332c,180,306,11322,113.22,101.12547051201113,1.8477467054141064e-17,0.031597676107877885,0.014134626028412898,
599274332c,180,307,11359,113.59,101.12547051201113,3.832676548422983e-17,0.031597676107877885,0.013273596275176663,
599274332c,180,308,11396,113.96,101.12547051201113,1.9390409309724373e-17,0.031597676107877885,0.01587769941874536,
599274332c,180,309,11433,114.33,101.12547051201113,3.8489807970020006e-17,0.031597676107877885,0.017172305193634156,
599274332c,180,310,11470,114.7,101.12547051201113,7.625614509927661e-17,0.031597676107877885,0.01836671577544924,
599274332c,180,311,11507,115.07,101.12547051201113,3.7421271735461697e-17,0.031597676107877885,0.016255072125081572,
599274332c,180,312,11544,115.44,101.12547051201113,3.1135553402233693e-16,0.031597676107877885,0.016209939895358,
599274332c,180,313,11581,115.81,101.1254705119973,2.9884530419183416e-16,0.030589547841903795,0.014175833605506118,
599274332c,180,314,11618,116.18,101.12547051196351,3.7170796490462553e-17,0.030087535133618785,0.0085755368031722,
599274332c,180,315,11655,116.55,101.12547051196351,3.7157672632846453e-17,0.030087535133618785,0.014831160415798317,
599274332c,180,316,11692,116.92,101.12547051196351,3.693309046555868e-17,0.030087535133618785,0.013665391277334082,
599274332c,180,317,11729,117.29,101.12547051196351,3.6980554043318444e-17,0.030087535133618785,0.013006024702593787,
599274332c,180,318,11766,117.66,101.12547051196351,3.591363053983306e-17,0.030087535133618785,0.012209256389451514,
599274332c,180,319,11803,118.03,101.12547051196351,3.469493976524713e-17,0.030087535133618785,0.015003152792313412,
599274332c,180,320,11840,118.4,101.12547051196351,6.7912113119501e-17,0.030087535133618785,0.014239360036464133,
599274332c,180,321,11877,118.77,101.12547051196351,1.3767280458692274e-16,0.030087535133618785,0.0163726874543662,
599274332c,180,322,11914,119.14,101.12547051195712,1.3802938618552964e-16,0.029996232902882343,0.013947156030233727,
599274332c,180,323,11951,119.51,101.12547051194917,3.601973436173287e-17,0.029921964161112934,0.016103972111271278,
599274332c,180,324,11988,119.88,101.12547051194917,3.5811181616356766e-17,0.029921964161112934,0.011736071576012554,
599274332c,180,325,12025,120.25,101.12547051194917,3.522425093871107e-17,0.029921964161112934,0.01187213092140744,
599274332c,180,326,12062,120.62,101.12547051194917,3.576569065309798e-17,0.029921964161112934,0.013793248718341101,
599274332c,180,327,12099,120.99,101.12547051194917,3.613498418410505e-17,0.029921964161112934,0.014009558925819883,
599274332c,180,328,12136,121.36,101.12547051194917,1.1767382246991123e-12,0.029921964161112934,0.01572699557326668,
599274332c,180,329,12173,121.73,101.12547051189578,2.1163449627140415e-15,14.069813207361646,4.101785903888712,
599274332c,180,330,12210,122.1,101.12547051063666,1.6535045682785727e-17,14.046512774051509,5.864234935381091,
599274332c,180,331,12247,122.47,101.12547051063666,3.265590385837306e-17,14.046512774051509,7.2226949712711805,
599274332c,180,332,12284,122.84,101.12547051063666,3.309149019821542e-17,14.046512774051509,7.625667687028913,
599274332c,180,333,12321,123.21,101.12547051063666,3.270132284658754e-17,14.046512774051509,6.318101606722869,
599274332c,180,334,12358,123.58,101.12547051063666,3.3078567963776607e-17,14.046512774051509,6.3513509509348,
599274332c,180,335,12395,123.95,101.12547051063666,3.365508086278156e-17,14.046512774051509,7.686834003850287,
599274332c,180,336,12432,124.32,101.12547051063666,3.308289436494489e-17,14.046512774051509,5.436836473141235,
599274332c,180,337,12469,124.69,101.12547051063666,1.705209981906086e-17,14.046512774051509,8.043656139345128,
599274332c,180,338,12506,125.06,101.12547051063666,3.3984440166323644e-17,14.046512774051509,5.875040793072886,
599274332c,180,339,12543,125.43,101.12547051063666,3.3670134186798614e-17,14.046512774051509,7.244191103929549,
599274332c,180,340,12580,125.8,101.12547051063666,3.401726923813241e-17,14.046512774051509,7.037720942314737,
599274332c,180,341,12617,126.17,101.12547051063666,3.367823131058342e-17,14.046512774051509,6.1807335446184775,
599274332c,180,342,12654,126.54,101.12547051063666,3.380223034633162e-17,14.046512774051509,5.53711559055368,
599274332c,180,343,12691,126.91,101.12547051063666,3.353203182602228e-17,14.046512774051509,6.146977019854155,
599274332c,180,344,12728,127.28,101.12547051063666,3.3614416318347043e-17,14.046512774051509,7.285439072631322,
599274332c,180,345,12765,127.65,101.12547051063666,1.7086231323513696e-17,14.046512774051509,5.931963673989401,
599274332c,180,346,12802,128.02,101.12547051063666,1.647924171137099e-17,14.046512774051509,5.935244018399756,
599274332c,180,347,12839,128.39,101.12547051063666,1.6300267477828275e-17,14.046512774051509,4.688827563858135,
599274332c,180,348,12876,128.76,101.12547051063666,3.183814479771407e-17,14.046512774051509,6.728667417621903,
599274332c,180,349,12913,129.13,101.12547051063666,1.2313412599729278e-16,14.046512774051509,6.3275185219006085,
599274332c,180,350,12950,129.5,101.12547051063348,6.196969555148299e-17,14.04638256141008,5.829767994427035,
599274332c,180,351,12987,129.87,101.12547051062623,1.2621572919263524e-16,14.046346635601738,5.525055373075114,
599274332c,180,352,13024,130.24,101.12547051059565,3.14677110165871e-17,14.046272062933326,6.26421214264256,
599274332c,180,353,13061,130.61,101.12547051059565,1.2925799662135844e-16,14.046272062933326,6.505858985949319,
599274332c,180,354,13098,130.98,101.12547051058557,3.217016151314176e-17,14.046199683361962,5.892906101039145,
599274332c,180,355,13135,131.35,101.12547051058557,3.288369011792432e-17,14.046199683361962,5.650874069398888,
599274332c,180,356,13172,131.72,101.12547051058557,6.449392926337517e-17,14.046199683361962,6.41678233423301,
599274332c,180,357,13209,132.09,101.12547051058557,3.174765922474878e-17,14.046199683361962,6.560623418496639,
599274332c,180,358,13246,132.46,101.12547051058557,3.159682918525386e-17,14.046199683361962,4.878828100749177,
599274332c,180,359,13283,132.83,101.12547051058557,6.514782303411209e-17,14.046199683361962,5.05541908173733,
599274332c,180,360,13320,133.2,101.12547051058557,3.211737658054052e-17,14.046199683361962,5.400409806695052,
599274332c,180,361,13357,133.57,101.12547051058557,3.2181884679358647e-17,14.046199683361962,5.46402177957095,
599274332c,180,362,13394,133.94,101.12547051058557,6.384441739215593e-17,14.046199683361962,6.61509508077389,
599274332c,180,363,13431,134.31,101.12547051058557,3.2886266005682533e-17,14.046199683361962,6.571757297862362,
599274332c,180,364,13468,134.68,101.12547051058557,3.176382812357971e-17,14.046199683361962,5.9377657337744285,
599274332c,180,365,13505,135.05,101.12547051058557,3.266887319528386e-17,14.046199683361962,6.222213053918299,
599274332c,180,366,13542,135.42,101.12547051058557,3.2872727422046676e-17,14.046199683361962,6.29229043078573,
599274332c,180,367,13579,135.79,101.12547051058557,6.480912975694057e-17,14.046199683361962,4.422655318617877,
599274332c,180,368,13616,136.16,101.12547051058557,6.418919355603158e-17,14.046199683361962,5.695242393802356,
599274332c,180,369,13653,136.53,101.12547051058557,1.2913148462118334e-16,14.046199683361962,5.941384229793358,
599274332c,180,370,13690,136.9,101.12547051058364,6.501231279319324e-17,14.046187982462566,6.2418015628112995,
599274332c,180,371,13727,137.27,101.12547051058364,3.346059375640861e-17,14.046187982462566,5.786042957577382,
599274332c,180,372,13764,137.64,101.12547051058364,3.2630727682986214e-17,14.046187982462566,6.105909551016441,
599274332c,180,373,13801,138.01,101.12547051058364,3.244392151911014e-17,14.046187982462566,5.551444882449519,
599274332c,180,374,13838,138.38,101.12547051058364,3.226391444990316e-17,14.046187982462566,4.7863091394620225,
599274332c,180,375,13875,138.75,101.12547051058364,3.2915806164362416e-17,14.046187982462566,6.7116131257854565,
599274332c,180,376,13912,139.12,101.12547051058364,3.290453437439706e-17,14.046187982462566,6.175668706751449,
599274332c,180,377,13949,139.49,101.12547051058364,3.291403283444188e-17,14.046187982462566,6.686793411664503,
599274332c,180,378,13986,139.86,101.12547051058364,3.24344431126365e-17,14.046187982462566,7.609933913929979,
599274332c,180,379,14023,140.23,101.12547051058364,3.1767075809995154e-17,14.046187982462566,4.669331844202532,
599274332c,180,380,14060,140.6,101.12547051058364,6.621441801000443e-17,14.046187982462566,7.091538625261271,
599274332c,180,381,14097,140.97,101.12547051058364,6.496879381529819e-17,14.046187982462566,6.612760388845658,
599274332c,180,382,14134,141.34,101.12547051058364,6.540139888487308e-17,14.046187982462566,6.896276184190405,
599274332c,180,383,14171,141.71,101.12547051058364,3.350022638547398e-17,14.046187982462566,6.429132533409624,
599274332c,180,384,14208,142.08,101.12547051058364,3.2966479490976526e-17,14.046187982462566,4.693835488113458,
599274332c,180,385,14245,142.45,101.12547051058364,3.2838600983710486e-17,14.046187982462566,5.1349902517115975,
599274332c,180,386,14282,142.82,101.12547051058364,3.279980154362105e-17,14.046187982462566,6.376749175578971,
599274332c,180,387,14319,143.19,101.12547051058364,6.307654386895435e-17,14.046187982462566,5.367533863654112,
599274332c,180,388,14356,143.56,101.12547051058364,3.211138327286117e-17,14.046187982462566,6.762241263247625,
599274332c,180,389,14393,143.93,101.12547051058364,6.559509456942587e-17,14.046187982462566,5.930470455924788,
599274332c,180,390,14430,144.3,101.12547051058364,1.3159784225534313e-16,14.046187982462566,5.666713603347849,
599274332c,180,391,14467,144.67,101.12547051058091,1.2411554090766626e-16,14.046128866763791,5.1343350085605985,
599274332c,180,392,14504,145.04,101.12547051058091,6.469166228411284e-17,14.046128866763791,6.777752630932125,
599274332c,180,393,14541,145.41,101.12547051058091,1.2552727085358316e-16,14.046128866763791,5.985677616627972,
599274332c,180,394,14578,145.78,101.12547051058091,6.364251447887856e-17,14.046128866763791,5.678468876115037,
599274332c,180,395,14615,146.15,101.12547051058091,6.367336916468526e-17,14.046128866763791,5.898815729359728,
599274332c,180,396,14652,146.52,101.12547051058091,3.22252765294578e-17,14.046128866763791,6.0302954387690075,
599274332c,180,397,14689,146.89,101.12547051058091,6.08363719136792e-17,14.046128866763791,4.800281202262878,
599274332c,180,398,14726,147.26,101.12547051058091,6.212969534598471e-17,14.046128866763791,6.9190383543227565,
599274332c,180,399,14763,147.63,101.12547051058091,1.5946421633991e-17,14.046128866763791,5.091649369584697,
599274332c,180,400,14800,148.0,101.12547051058091,3.243983622213522e-17,14.046128866763791,7.291752000633258,
599274332c,180,401,14837,148.37,101.12547051058091,3.310732483764745e-17,14.046128866763791,6.7705099286746675,
599274332c,180,402,14874,148.74,101.12547051058091,3.249745856887038e-17,14.046128866763791,5.286998307918242,
599274332c,180,403,14911,149.11,101.12547051058091,3.302085327259427e-17,14.046128866763791,6.40925788650764,
599274332c,180,404,14948,149.48,101.12547051058091,1.6563995291355807e-17,14.046128866763791,5.981620026019662,
599274332c,180,405,14985,149.85,101.12547051058091,3.24483612483053e-17,14.046128866763791,6.934668135470042,
599274332c,180,406,15022,150.22,101.12547051058091,3.3088302068807713e-17,14.046128866763791,6.327589883028952,
599274332c,180,407,15059,150.59,101.12547051058091,1.6550096779845108e-17,14.046128866763791,6.694723169237396,
599274332c,180,408,15096,150.96,101.12547051058091,3.2747521353720034e-17,14.046128866763791,7.80482721607851,
599274332c,180,409,15133,151.33,101.12547051058091,3.303377311666981e-17,14.046128866763791,6.206656031422163,
599274332c,180,410,15170,151.7,101.12547051058091,1.6257009804429746e-17,14.046128866763791,5.613784408193007,
599274332c,180,411,15207,152.07,101.12547051058091,3.302320151592716e-17,14.046128866763791,6.575539907056106,
599274332c,180,412,15244,152.44,101.12547051058091,1.681825135248669e-17,14.046128866763791,8.042984999524341,
599274332c,180,413,15281,152.81,101.12547051058091,1.6542401733015833e-17,14.046128866763791,4.9837359732069935,
599274332c,180,414,15318,153.18,101.12547051058091,3.2713248333826544e-17,14.046128866763791,6.31190389865346,
599274332c,180,415,15355,153.55,101.12547051058091,3.2633768395106454e-17,14.046128866763791,6.169838870235187,
599274332c,180,416,15392,153.92,101.12547051058091,3.2517959863301086e-17,14.046128866763791,5.609407397092901,
599274332c,180,417,15429,154.29,101.12547051058091,3.233479857872113e-17,14.046128866763791,5.931108774075859,
599274332c,180,418,15466,154.66,101.12547051058091,3.26248056076778e-17,14.046128866763791,7.3026425145122165,
599274332c,180,419,15503,155.03,101.12547051058091,3.2952334047387487e-17,14.046128866763791,6.248617565863589,
599274332c,180,420,15540,155.4,101.12547051058091,3.354582570562091e-17,14.046128866763791,5.5578805058047,
599274332c,180,421,15577,155.77,101.12547051058091,1.639707171280092e-17,14.046128866763791,6.311253287463927,
599274332c,180,422,15614,156.14,101.12547051058091,1.6718893392916918e-17,14.046128866763791,7.109438370963621,
599274332c,180,423,15651,156.51,101.12547051058091,8.303542751770382e-18,14.046128866763791,7.155187770789697,
599274332c,180,424,15688,156.88,101.12547051058091,1.6414910438818677e-17,14.046128866763791,7.439729370677476,
599274332c,180,425,15725,157.25,101.12547051058091,1.6473827286904394e-17,14.046128866763791,7.2085576488524685,
599274332c,180,426,15762,157.62,101.12547051058091,1.656068027901267e-17,14.046128866763791,5.925603877352458,
599274332c,180,427,15799,157.99,101.12547051058091,3.312969445569441e-17,14.046128866763791,5.255067820461382,
599274332c,180,428,15836,158.36,101.12547051058091,6.661891656158306e-17,14.046128866763791,6.87904289474381,
599274332c,180,429,15873,158.73,101.12547051058091,6.593900363908194e-17,14.046128866763791,5.367578631343135,
599274332c,180,430,15910,159.1,101.12547051058091,3.271325905556112e-17,14.046128866763791,6.81590999489943,
599274332c,180,431,15947,159.47,101.12547051058091,3.2160141365226146e-17,14.046128866763791,5.464928473634555,
599274332c,180,432,15984,159.84,101.12547051058091,1.57486530197188e-17,14.046128866763791,5.392087945102629,
599274332c,180,433,16021,160.21,101.12547051058091,1.57673395844243e-17,14.046128866763791,6.57547491828667,
599274332c,180,434,16058,160.58,101.12547051058091,1.60248767512608e-17,14.046128866763791,6.171173229804669,
599274332c,180,435,16095,160.95,101.12547051058091,1.6403536027254246e-17,14.046128866763791,4.680464282548143,
599274332c,180,436,16132,161.32,101.12547051058091,1.6554243855873434e-17,14.046128866763791,5.7640490188901365,
599274332c,180,437,16169,161.69,101.12547051058091,1.6178380168791034e-17,14.046128866763791,6.922126553833436,
599274332c,180,438,16206,162.06,101.12547051058091,1.6292906498888037e-17,14.046128866763791,5.493185360189725,
599274332c,180,439,16243,162.43,101.12547051058091,3.225738098856536e-17,14.046128866763791,6.0522039925474855,
599274332c,180,440,16280,162.8,101.12547051058091,3.2290121473284755e-17,14.046128866763791,5.898141788962479,
599274332c,180,441,16317,163.17,101.12547051058091,3.206035229410076e-17,14.046128866763791,4.938440896544194,
599274332c,180,442,16354,163.54,101.12547051058091,3.243497358224187e-17,14.046128866763791,5.042065532347722,
599274332c,180,443,16391,163.91,101.12547051058091,6.122157394521836e-17,14.046128866763791,6.377128956666945,
599274332c,180,444,16428,164.28,101.12547051058091,3.148550171516398e-17,14.046128866763791,7.183093946426346,
599274332c,180,445,16465,164.65,101.12547051058091,3.211567907079742e-17,14.046128866763791,5.690271269199568,
599274332c,180,446,16502,165.02,101.12547051058091,3.244880272782102e-17,14.046128866763791,5.847548901696777,
599274332c,180,447,16539,165.39,101.12547051058091,5.102951498071409e-16,14.046128866763791,5.328679764020856,
599274332c,180,448,16576,165.76,101.12547051052086,3.2515356853906525e-17,14.043677641279968,6.103294436118946,
599274332c,180,449,16613,166.13,101.12547051052086,3.169681530469346e-17,14.043677641279968,5.7147866882547715,
599274332c,180,450,16650,166.5,101.12547051052086,6.557725207266134e-17,14.043677641279968,4.945395977375351,
599274332c,180,451,16687,166.87,101.12547051052086,3.3007326641369783e-17,14.043677641279968,6.256459279508819,
599274332c,180,452,16724,167.24,101.12547051052086,1.6885687492580457e-17,14.043677641279968,8.981287094938995,
599274332c,180,453,16761,167.61,101.12547051052086,6.756277729387013e-17,14.043677641279968,5.674544930897056,
599274332c,180,454,16798,167.98,101.12547051052086,6.698100044789068e-17,14.043677641279968,6.094780803665972,
599274332c,180,455,16835,168.35,101.12547051052086,6.800692017437294e-17,14.043677641279968,6.512380278641467,
599274332c,180,456,16872,168.72,101.1254705105195,1.663330631208285e-17,14.043647601711884,5.927070072482793,
599274332c,180,457,16909,169.09,101.1254705105195,3.37676043315477e-17,14.043647601711884,7.086894384217527,
599274332c,180,458,16946,169.46,101.1254705105195,3.3592806428316117e-17,14.043647601711884,6.129613004141626,
599274332c,180,459,16983,169.83,101.1254705105195,3.3811471924982475e-17,14.043647601711884,6.998545850623922,
599274332c,180,460,17020,170.2,101.1254705105195,3.3690604750164905e-17,14.043647601711884,5.306963732857059,
599274332c,180,461,17057,170.57,101.1254705105195,3.341020365359317e-17,14.043647601711884,4.846661842766847,
599274332c,180,462,17094,170.94,101.1254705105195,1.629389067565753e-17,14.043647601711884,4.730082932349212,
599274332c,180,463,17131,171.31,101.1254705105195,1.6376197677876118e-17,14.043647601711884,7.277217132491916,
599274332c,180,464,17168,171.68,101.1254705105195,3.2310439085139805e-17,14.043647601711884,6.853271162147492,
599274332c,180,465,17205,172.05,101.1254705105195,3.332047570128968e-17,14.043647601711884,7.593674984364818,
599274332c,180,466,17242,172.42,101.1254705105195,1.3009203817986746e-16,14.043647601711884,6.200322070913289,
599274332c,180,467,17279,172.79,101.12547051051283,1.6238763178372776e-17,14.043585494893795,5.132275372321186,
599274332c,180,468,17316,173.16,101.12547051051283,1.336427568836928e-16,14.043585494893795,6.327165070063926,
599274332c,180,469,17353,173.53,101.12547051051055,1.6569470100681973e-17,14.043512787152679,6.395000238819711,
599274332c,180,470,17390,173.9,101.12547051051055,3.339588028479341e-17,14.043512787152679,7.619270705899004,
599274332c,180,471,17427,174.27,101.12547051051055,3.3789491986205865e-17,14.043512787152679,4.97513517876796,
599274332c,180,472,17464,174.64,101.12547051051055,3.361858723932904e-17,14.043512787152679,5.900785543496246,
599274332c,180,473,17501,175.01,101.12547051051055,3.3086045757601086e-17,14.043512787152679,5.536651556130609,
599274332c,180,474,17538,175.38,101.12547051051055,3.231609709611303e-17,14.043512787152679,6.5349057374362465,
599274332c,180,475,17575,175.75,101.12547051051055,1.6288202378836295e-17,14.043512787152679,6.919584175310401,
599274332c,180,476,17612,176.12,101.12547051051055,3.323668819572378e-17,14.043512787152679,5.932343588592241,
599274332c,180,477,17649,176.49,101.12547051051055,1.628985581927383e-17,14.043512787152679,6.641906340110385,
599274332c,180,478,17686,176.86,101.12547051051055,3.2846660609936834e-17,14.043512787152679,6.263931183919738,
599274332c,180,479,17723,177.23,101.12547051051055,3.2454768065114796e-17,14.043512787152679,7.08110944312941,
599274332c,180,480,17760,177.6,101.12547051051055,1.6481585479557773e-17,14.043512787152679,6.626532820791851,
599274332c,180,481,17797,177.97,101.12547051051055,3.2677420176272754e-17,14.043512787152679,6.559268515575157,
599274332c,180,482,17834,178.34,101.12547051051055,3.29225040359771e-17,14.043512787152679,6.245888207918763,
599274332c,180,483,17871,178.71,101.12547051051055,3.3108474464256216e-17,14.043512787152679,6.359003134938474,
599274332c,180,484,17908,179.08,101.12547051051055,3.327734839264404e-17,14.043512787152679,6.1949471543699,
599274332c,180,485,17945,179.45,101.12547051051055,3.293472764801774e-17,14.043512787152679,5.1343952976536125,
599274332c,180,486,17982,179.82,101.12547051051055,,14.043512787152679,7.100425232606798,
eb6efa67df,180,0,0,0.0,516651013610901.0,25.540233567779264,119640441474639.08,53300578468744.0,"ProjectedCommonDirectionsConfig(subspace_frac_grads=0.09, subspace_frac_updates=0, subspace_frac_random=0.09, direction_str=sd, random_proj=True, random_proj_dim_frac=0.2, ensemble=haar, inner_use_full_grad=True, orth_P_k=True, beta=0.001, tau=0.5, c_const=inf, N_try=200, alpha_max=100, p_const=1)"
eb6efa67df,180,1,37,0.37,311834461573674.4,10.722433406248383,92948292979794.27,40435774395410.88,
eb6efa67df,180,2,74,0.74,444927029664.5868,0.46071488990764514,3510942841153.712,1702370705191.77,
eb6efa67df,180,3,111,1.11,52288123432.603096,0.1660668634135053,1203596431579.444,523177260163.6117,
eb6efa67df,180,4,148,1.48,12278024614.453661,0.08130531752467315,583235045579.6254,277018710974.68835,
eb6efa67df,180,5,185,1.85,3262467487.147893,0.043753646770462146,300643939408.0535,121596947485.83432,
eb6efa67df,180,6,222,2.22,1385465812.0913775,0.028863790459713677,195919315577.17645,94004887568.02396,
eb6efa67df,180,7,259,2.59,664573813.647347,0.02022209564017653,135690968830.06058,61778879216.559715,
eb6efa67df,180,8,296,2.96,356098781.1330937,0.015031526859610362,99326365881.33136,49293990930.55564,
eb6efa67df,180,9,333,3.33,219983015.66545472,0.01187245115932941,78068141366.77002,40887897176.356735,
eb6efa67df,180,10,370,3.7,142046487.43811053,0.0094314129872359,62732769189.96265,22145196685.98614,
eb6efa67df,180,11,407,4.07,82616652.76395014,0.007321573584379407,47842393189.17385,21301883554.459946,
eb6efa67df,180,12,444,4.44,56413782.2147803,0.0059610021972391685,39534075159.85243,20108259680.80845,
eb6efa67df,180,13,481,4.81,33703635.46958978,0.004583090056586643,30557448391.66942,11213548342.657217,
eb6efa67df,180,14,518,5.18,19171681.115333587,0.0036189390657612166,23046677094.61628,12211895748.953157,
eb6efa67df,180,15,555,5.55,16327464.498570113,0.003343654780721637,21268526034.1837,8451665154.763638,
eb6efa67df,180,16,592,5.92,14042082.378776781,0.0031476387619325556,19723934810.686028,7202655783.525289,
eb6efa67df,180,17,629,6.29,13651903.33462268,0.0030398380475393817,19447973666.203064,5371409297.501005,
eb6efa67df,180,18,666,6.66,11187308.691781694,0.0027527460594796507,17605169552.219128,7142634476.312387,
eb6efa67df,180,19,703,7.03,9194311.916888556,0.0024753593277691806,15960136164.53843,6652507441.414617,
eb6efa67df,180,20,740,7.4,7053361.241338248,0.0011198949769219537,13978942362.980139,6013217782.264198,
eb6efa67df,180,21,777,7.77,108.19184175464926,2.1450925307792998e-06,13991928.879598845,7097343.81297061,
eb6efa67df,180,22,814,8.14,106.0274032879314,1.7959261573972652e-06,11653678.68291192,5236705.397370861,
eb6efa67df,180,23,851,8.51,104.68410271548834,1.5205579867700656e-06,9929352.210829018,5388859.941084314,
eb6efa67df,180,24,888,8.88,103.56984033790644,1.296482444060218e-06,8229298.59886339,4176681.722943899,
eb6efa67df,180,25,925,9.25,103.26495045412432,1.208517970447662e-06,7698984.997745478,3180431.7075468507,
eb6efa67df,180,26,962,9.62,102.9421909243012,1.115901650694851e-06,7094526.4424071135,3095347.272565708,
eb6efa67df,180,27,999,9.99,102.69444410102737,1.0492082975390727e-06,6593062.313255679,2845002.704065702,
eb6efa67df,180,28,1036,10.36,102.61670462882833,1.023550853905618e-06,6427650.8709544465,3156399.9590927763,
eb6efa67df,180,29,1073,10.73,102.55030517066254,9.90432642340287e-07,6282920.997693759,2927359.651279231,
eb6efa67df,180,30,1110,11.1,102.37876210826786,9.196190217816646e-07,5892579.185378206,3433895.526211874,
eb6efa67df,180,31,1147,11.47,102.13915664646036,8.207594887736043e-07,5299453.875881755,2301284.7916968763,
eb6efa67df,180,32,1184,11.84,101.89369075465875,6.970820815948666e-07,4613411.952820939,2258786.496150852,
eb6efa67df,180,33,1221,12.21,101.59335633831428,5.483764080640542e-07,3600388.0167294326,1583491.9351195574,
eb6efa67df,180,34,1258,12.58,101.43175238252476,4.4674542889982934e-07,2912996.800688156,1419477.832789116,
eb6efa67df,180,35,1295,12.95,101.33859173884309,3.751678026536241e-07,2429924.132355347,1221378.0853511887,
eb6efa67df,180,36,1332,13.32,101.2827048282264,3.282158461816358e-07,2087146.9524481145,1023474.5068305957,
eb6efa67df,180,37,1369,13.69,101.26101365540559,3.0112539238602993e-07,1937840.9757239071,991149.6098211709,
eb6efa67df,180,38,1406,14.06,101.2311589511387,2.6666852884092044e-07,1711169.775955989,641324.5644003124,
eb6efa67df,180,39,1443,14.43,101.20992063645532,2.397213889246222e-07,1529605.7400511347,992539.9690709803,
eb6efa67df,180,40,1480,14.8,101.19623173241457,2.22576159400071e-07,1400157.9053984683,614793.1832642776,
eb6efa67df,180,41,1517,15.17,101.19213419104955,2.140313924467613e-07,1359014.2067030927,690611.7002137376,
eb6efa67df,180,42,1554,15.54,101.1836521545671,2.0140657740381893e-07,1269615.8928003318,678948.9332314582,
eb6efa67df,180,43,1591,15.91,101.17936602544793,1.9390551294834602e-07,1221956.2613644279,584024.7181549886,
eb6efa67df,180,44,1628,16.28,101.17552064654059,9.443306838822666e-08,1177557.0992946748,488862.4825026037,
eb6efa67df,180,45,1665,16.65,101.12547097279447,5.678856350906319e-10,3564.856176243251,1634.7941548402066,
eb6efa67df,180,46,1702,17.02,101.12547095324528,5.543488056440209e-10,3489.8375662246954,1904.6419621459604,
eb6efa67df,180,47,1739,17.39,101.12547092615445,5.378471618775357e-10,3377.0437010340506,1142.858298117601,
eb6efa67df,180,48,1776,17.76,101.12547090875603,5.053632523885542e-10,3303.0056638763185,1614.139643229388,
eb6efa67df,180,49,1813,18.13,101.12547078314581,4.214015037224083e-10,2726.7087046733004,1030.3708487576353,
eb6efa67df,180,50,1850,18.5,101.1254707146303,3.6899396864643684e-10,2351.9866848614065,1001.6406876130442,
eb6efa67df,180,51,1887,18.87,101.12547068517001,3.277123676910734e-10,2162.4374727350787,943.2858014339648,
eb6efa67df,180,52,1924,19.24,101.12547061991393,2.6790065305035034e-10,1710.500537957956,720.1499171770625,
eb6efa67df,180,53,1961,19.61,101.12547060260903,2.425020922888926e-10,1561.5717370422224,774.4670822935375,
eb6efa67df,180,54,1998,19.98,101.1254705823359,2.1339008071921834e-10,1375.1808689999025,526.7259823294918,
eb6efa67df,180,55,2035,20.35,101.12547056588153,1.8124356617631364e-10,1207.0010984439568,533.312190729636,
eb6efa67df,180,56,2072,20.72,101.1254705458968,1.3873425260694162e-10,915.3466816976369,374.2723249676433,
eb6efa67df,180,57,2109,21.09,101.12547053340703,1.115738912149042e-10,724.4152956568147,300.89737195087366,
eb6efa67df,180,58,2146,21.46,101.1254705286457,9.290216438956274e-11,615.6814074790042,276.00622761871637,
eb6efa67df,180,59,2183,21.83,101.12547052350683,7.139344243569628e-11,477.50567137690996,201.23972426580073,
eb6efa67df,180,60,2220,22.2,101.12547051806918,5.216168529769848e-11,354.90213052683936,165.28496316361569,
eb6efa67df,180,61,2257,22.57,101.12547051650637,1.873878750393837e-11,242.94918642507855,93.52159401005676,
eb6efa67df,180,62,2294,22.94,101.12547051508582,1.045636448073698e-11,17.529062192837277,8.059856168575324,
eb6efa67df,180,63,2331,23.31,101.12547051470564,1.5833527462310646e-11,104.07172664087912,45.59199962922657,
eb6efa67df,180,64,2368,23.68,101.12547051362297,3.254849456071426e-12,83.78336776751426,39.60562055895668,
eb6efa67df,180,65,2405,24.05,101.12547051336564,1.0696575349126723e-13,44.338273260658696,21.137435469931358,
eb6efa67df,180,66,2442,24.42,101.12547051246545,2.5394302819461996e-17,43.0505659796036,20.958455825889715,
eb6efa67df,180,67,2479,24.79,101.12547051246254,2.0394978586716337e-16,43.05054870235672,17.895504695905355,
eb6efa67df,180,68,2516,25.16,101.12547051239957,2.5128582252128262e-17,43.04999025673909,15.16147657371533,
eb6efa67df,180,69,2553,25.53,101.12547051239957,1.2360093192375273e-17,43.04999025673909,19.410330216325573,
eb6efa67df,180,70,2590,25.9,101.12547051239957,6.2938931605476106e-18,43.04999025673909,17.46353593245909,
eb6efa67df,180,71,2627,26.27,101.12547051239957,6.275598749124662e-18,43.04999025673909,21.606778577685137,
eb6efa67df,180,72,2664,26.64,101.12547051239957,6.056970609820762e-18,43.04999025673909,18.568811661706988,
eb6efa67df,180,73,2701,27.01,101.12547051239957,6.134203016693404e-18,43.04999025673909,20.133821476875575,
eb6efa67df,180,74,2738,27.38,101.12547051239957,6.200574533618376e-18,43.04999025673909,18.453490042301635,
eb6efa67df,180,75,2775,27.75,101.12547051239957,6.1939929370306025e-18,43.04999025673909,18.81104694492363,
eb6efa67df,180,76,2812,28.12,101.12547051239957,6.161049483368717e-18,43.04999025673909,19.748940635337956,
eb6efa67df,180,77,2849,28.49,101.12547051239957,6.2944894538486345e-18,43.04999025673909,16.054524178832114,
eb6efa67df,180,78,2886,28.86,101.12547051239957,6.3216953604289515e-18,43.04999025673909,23.669565925264983,
eb6efa67df,180,79,2923,29.23,101.12547051239957,1.2477661708382764e-17,43.04999025673909,15.145233741663422,
eb6efa67df,180,80,2960,29.6,101.12547051239957,2.5435508603650468e-17,43.04999025673909,21.219407035400458,
eb6efa67df,180,81,2997,29.97,101.12547051239957,2.5206323319464447e-17,43.04999025673909,15.84657121429611,
eb6efa67df,180,82,3034,30.34,101.12547051239957,4.0394815210769866e-13,43.04999025673909,21.520959983831283,
eb6efa67df,180,83,3071,30.71,101.12547051223302,4.3169373303039234e-17,38.320132864493786,17.120323547628544,
eb6efa67df,180,84,3108,31.08,101.12547051223302,4.379849846908516e-17,38.320132864493786,13.577995120175526,
eb6efa67df,180,85,3145,31.45,101.12547051222424,3.5054889435036984e-16,38.32010096985336,18.06121813001904,
eb6efa67df,180,86,3182,31.82,101.12547051214815,1.751218670451026e-16,38.317847369284415,17.848158490027245,
eb6efa67df,180,87,3219,32.19,101.12547051205603,2.2347491812167824e-17,38.31757669195865,13.259228169916955,
eb6efa67df,180,88,3256,32.56,101.12547051205603,8.873031983025602e-17,38.31757669195865,17.15487022368096,
eb6efa67df,180,89,3293,32.93,101.12547051204812,7.040641416178184e-16,38.31758897460559,16.221112252744273,
eb6efa67df,180,90,3330,33.3,101.125470512035,8.863626611136544e-17,38.31315094854458,22.483863016021537,
eb6efa67df,180,91,3367,33.67,101.12547051202843,2.2406980404351076e-17,38.313117607089914,15.443348895773093,
eb6efa67df,180,92,3404,34.04,101.12547051202843,2.249035041971536e-17,38.313117607089914,15.957222815338035,
eb6efa67df,180,93,3441,34.41,101.12547051202843,2.2119949277702943e-17,38.313117607089914,18.810150037635847,
eb6efa67df,180,94,3478,34.78,101.12547051202843,2.2098359834316592e-17,38.313117607089914,14.503147629077219,
eb6efa67df,180,95,3515,35.15,101.12547051202843,2.2157540030945397e-17,38.313117607089914,11.98530124494595,
eb6efa67df,180,96,3552,35.52,101.12547051202843,2.1766204488948172e-17,38.313117607089914,13.423333263057831,
eb6efa67df,180,97,3589,35.89,101.12547051202843,2.230447895493538e-17,38.313117607089914,17.025815118114235,
eb6efa67df,180,98,3626,36.26,101.12547051202843,2.2841489253593917e-17,38.313117607089914,16.564421389928466,
eb6efa67df,180,99,3663,36.63,101.12547051202843,2.1796965559249256e-17,38.313117607089914,16.351876475085334,
eb6efa67df,180,100,3700,37.0,101.12547051202843,4.361812509532786e-17,38.313117607089914,15.081955169752408,
eb6efa67df,180,101,3737,37.37,101.12547051202843,4.53659885788333e-17,38.313117607089914,18.203265525206277,
eb6efa67df,180,102,3774,37.74,101.12547051202843,2.1258318616504446e-17,38.313117607089914,19.13319607780485,
eb6efa67df,180,103,3811,38.11,101.12547051202843,4.3094092012434605e-17,38.313117607089914,14.815936305004952,
eb6efa67df,180,104,3848,38.48,101.12547051202843,4.4178625788691077e-17,38.313117607089914,15.584202272563262,
eb6efa67df,180,105,3885,38.85,101.12547051202843,2.1751693316895668e-17,38.313117607089914,13.812881543234685,
eb6efa67df,180,106,3922,39.22,101.12547051202843,4.476317043239481e-17,38.313117607089914,17.26799773251301,
eb6efa67df,180,107,3959,39.59,101.12547051202843,2.2532650416475097e-17,38.313117607089914,18.20636310814716,
eb6efa67df,180,108,3996,39.96,101.12547051202843,2.2471998118975847e-17,38.313117607089914,15.748970244263928,
eb6efa67df,180,109,4033,40.33,101.12547051202843,2.2853731046486497e-17,38.313117607089914,16.402384225339397,
eb6efa67df,180,110,4070,40.7,101.12547051202843,1.1161372530075757e-17,38.313117607089914,18.428085032630154,
eb6efa67df,180,111,4107,41.07,101.12547051202843,1.777167531424664e-16,38.313117607089914,16.641743792521343,
eb6efa67df,180,112,4144,41.44,101.12547051201592,1.1329100133548638e-17,38.31267937444368,15.536668603821234,
eb6efa67df,180,113,4181,41.81,101.12547051201592,2.1997428566370136e-17,38.31267937444368,20.7830346476456,
eb6efa67df,180,114,4218,42.18,101.12547051201592,7.207444103549846e-16,38.31267937444368,15.60592281004441,
eb6efa67df,180,115,4255,42.55,101.12547051199289,8.827718855045373e-17,38.30742486404878,16.003283932121548,
eb6efa67df,180,116,4292,42.92,101.12547051195477,8.749517775979302e-17,38.30724569076049,17.712713187412188,
eb6efa67df,180,117,4329,43.29,101.12547051195106,2.2071810576950662e-17,38.307146571083216,13.919683216419592,
eb6efa67df,180,118,4366,43.66,101.12547051195106,2.1916600550981966e-17,38.307146571083216,18.60470556911955,
eb6efa67df,180,119,4403,44.03,101.12547051195106,1.0921771628129539e-17,38.307146571083216,16.045572385870557,
eb6efa67df,180,120,4440,44.4,101.12547051195106,1.0959410734878312e-17,38.307146571083216,17.016419310367553,
eb6efa67df,180,121,4477,44.77,101.12547051195106,1.118888291681964e-17,38.307146571083216,21.994322257040277,
eb6efa67df,180,122,4514,45.14,101.12547051195106,1.1261847629367923e-17,38.307146571083216,21.721632551407072,
eb6efa67df,180,123,4551,45.51,101.12547051195106,1.1159936312945563e-17,38.307146571083216,14.076152943766909,
eb6efa67df,180,124,4588,45.88,101.12547051195106,1.1074277156269381e-17,38.307146571083216,14.560739066413149,
eb6efa67df,180,125,4625,46.25,101.12547051195106,1.1157135612459634e-17,38.307146571083216,13.668413097702565,
eb6efa67df,180,126,4662,46.62,101.12547051195106,1.1248032886914316e-17,38.307146571083216,16.17199935046962,
eb6efa67df,180,127,4699,46.99,101.12547051195106,5.633905129681786e-18,38.307146571083216,19.964884934254606,
eb6efa67df,180,128,4736,47.36,101.12547051195106,2.290005156944884e-14,38.307146571083216,18.001808244295816,
eb6efa67df,180,129,4773,47.73,101.125470511932,6.993895604894431e-16,38.03480912362656,16.117478093343696,
eb6efa67df,180,130,4810,48.1,101.12547051174728,4.3024028138182756e-17,38.02911568556648,17.194524208311325,
eb6efa67df,180,131,4847,48.47,101.12547051171656,2.04149937735747e-17,38.02907827095615,15.451012384090422,
eb6efa67df,180,132,4884,48.84,101.12547051170546,1.0100175125466921e-17,38.029071099564696,15.510211706191225,
eb6efa67df,180,133,4921,49.21,101.12547051170546,5.29376036397729e-18,38.029071099564696,16.434642748091125,
eb6efa67df,180,134,4958,49.58,101.12547051170546,5.539841847891722e-18,38.029071099564696,20.2542612563364,
eb6efa67df,180,135,4995,49.95,101.12547051170546,5.527548380238865e-18,38.029071099564696,13.912339762073,
eb6efa67df,180,136,5032,50.32,101.12547051170546,1.1007544081476928e-17,38.029071099564696,20.398973530180694,
eb6efa67df,180,137,5069,50.69,101.12547051170546,5.525544631291638e-18,38.029071099564696,16.47128662455577,
eb6efa67df,180,138,5106,51.06,101.12547051170546,5.5812858564716544e-18,38.029071099564696,15.391248515020303,
eb6efa67df,180,139,5143,51.43,101.12547051170546,5.441111175919183e-18,38.029071099564696,16.306338174888324,
eb6efa67df,180,140,5180,51.8,101.12547051170546,5.581186354841014e-18,38.029071099564696,14.039340441699705,
eb6efa67df,180,141,5217,52.17,101.12547051170546,5.645415518408903e-18,38.029071099564696,18.983877847791454,
eb6efa67df,180,142,5254,52.54,101.12547051170546,1.0894965884276394e-17,38.029071099564696,18.094271092738506,
eb6efa67df,180,143,5291,52.91,101.12547051170546,1.0743750705532296e-17,38.029071099564696,16.16911925977688,
eb6efa67df,180,144,5328,53.28,101.12547051170546,5.430020577724152e-18,38.029071099564696,17.44699667903077,
eb6efa67df,180,145,5365,53.65,101.12547051170546,5.544926691291782e-18,38.029071099564696,18.150080582890975,
eb6efa67df,180,146,5402,54.02,101.12547051170546,5.523784441486686e-18,38.029071099564696,16.97451379956181,
eb6efa67df,180,147,5439,54.39,101.12547051170546,5.519635874729163e-18,38.029071099564696,16.412124329734652,
eb6efa67df,180,148,5476,54.76,101.12547051170546,3.595975826985271e-16,38.029071099564696,15.41578008844562,
eb6efa67df,180,149,5513,55.13,101.1254705116775,3.595022342377158e-16,38.027858698161694,19.215604810355863,
eb6efa67df,180,150,5550,55.5,101.12547051163423,2.887531511490884e-15,38.02671715336128,16.830986818387046,
eb6efa67df,180,151,5587,55.87,101.12547051153935,4.5140983142746567e-17,37.99353268371804,18.293740774849283,
eb6efa67df,180,152,5624,56.24,101.12547051153935,1.1301942560044206e-17,37.99353268371804,13.808848893062189,
eb6efa67df,180,153,5661,56.61,101.12547051153935,1.1170951266078376e-17,37.99353268371804,17.829622017231635,
eb6efa67df,180,154,5698,56.98,101.12547051153935,5.718759016484287e-18,37.99353268371804,20.029878617265705,
eb6efa67df,180,155,5735,57.35,101.12547051153935,8.995782055978271e-17,37.99353268371804,14.945253526449134,
eb6efa67df,180,156,5772,57.72,101.1254705115282,4.509405007133156e-17,37.99346349053076,15.730111635975707,
eb6efa67df,180,157,5809,58.09,101.1254705115282,2.267601521042267e-17,37.99346349053076,16.388443210701308,
eb6efa67df,180,158,5846,58.46,101.1254705115282,2.2218993812013406e-17,37.99346349053076,16.282584719921395,
eb6efa67df,180,159,5883,58.83,101.1254705115282,2.222462726251475e-17,37.99346349053076,16.150075142933115,
eb6efa67df,180,160,5920,59.2,101.1254705115282,1.1065227715316678e-17,37.99346349053076,19.472557483138765,
eb6efa67df,180,161,5957,59.57,101.1254705115282,2.23537181162316e-17,37.99346349053076,14.176219382226494,
eb6efa67df,180,162,5994,59.94,101.1254705115282,1.117849052978306e-17,37.99346349053076,18.6294072762048,
eb6efa67df,180,163,6031,60.31,101.1254705115282,2.1485628636104534e-17,37.99346349053076,13.893651040058153,
eb6efa67df,180,164,6068,60.68,101.1254705115282,4.363762483068406e-17,37.99346349053076,18.64317311919033,
eb6efa67df,180,165,6105,61.05,101.1254705115282,4.380608540393741e-17,37.99346349053076,16.897981756553005,
eb6efa67df,180,166,6142,61.42,101.12547051152106,2.2033392370323026e-17,37.99340255266443,17.528927664384128,
eb6efa67df,180,167,6179,61.79,101.12547051152106,1.0787466911031022e-17,37.99340255266443,18.514587385990968,
eb6efa67df,180,168,6216,62.16,101.12547051152106,1.0980036694102353e-17,37.99340255266443,15.417579068115414,
eb6efa67df,180,169,6253,62.53,101.12547051152106,1.0723289060218039e-17,37.99340255266443,14.422685293863212,
eb6efa67df,180,170,6290,62.9,101.12547051152106,1.097943365844465e-17,37.99340255266443,17.836313674220843,
eb6efa67df,180,171,6327,63.27,101.12547051152106,1.0869042236608113e-17,37.99340255266443,18.273295449250753,
eb6efa67df,180,172,6364,63.64,101.12547051152106,1.0855482307135222e-17,37.99340255266443,14.495476619410505,
eb6efa67df,180,173,6401,64.01,101.12547051152106,3.4074494591419955e-16,37.99340255266443,17.021960461474464,
eb6efa67df,180,174,6438,64.38,101.12547051150149,1.7191410388364247e-16,37.99228710660221,16.48950285410468,
eb6efa67df,180,175,6475,64.75,101.12547051150047,4.3472094577757195e-17,37.99211336992335,16.880228987609282,
eb6efa67df,180,176,6512,65.12,101.12547051150047,6.934220581082256e-16,37.99211336992335,18.941606517795655,
eb6efa67df,180,177,6549,65.49,101.12547051134612,2.786384114986991e-15,37.987584964305114,17.938337009690894,
eb6efa67df,180,178,6586,65.86,101.12547051127437,6.970927655987245e-16,37.95630758337513,13.371064044990945,
eb6efa67df,180,179,6623,66.23,101.12547051116152,4.2825932678609895e-17,37.95136500751191,15.124152736268506,
eb6efa67df,180,180,6660,66.6,101.12547051116152,8.641910118791214e-17,37.95136500751191,17.748491654943045,
eb6efa67df,180,181,6697,66.97,101.12547051114576,4.4859356318932683e-17,37.9512660605919,18.44078689210158,
eb6efa67df,180,182,6734,67.34,101.12547051112689,4.430888203050693e-17,37.951255637314986,17.63487625444849,
eb6efa67df,180,183,6771,67.71,101.12547051112689,4.355961692259054e-17,37.951255637314986,14.982678167561987,
eb6efa67df,180,184,6808,68.08,101.12547051112689,4.3276589742419043e-17,37.951255637314986,17.197582353093697,
eb6efa67df,180,185,6845,68.45,101.12547051112689,2.1967080385344462e-17,37.951255637314986,17.950373093754,
eb6efa67df,180,186,6882,68.82,101.12547051112689,2.1746937724092104e-17,37.951255637314986,22.867182960525728,
eb6efa67df,180,187,6919,69.19,101.12547051111405,4.52344228000289e-17,37.95124873301807,15.797464987105757,
eb6efa67df,180,188,6956,69.56,101.12547051110376,4.5170070403215296e-17,37.95119048880073,15.136366704716325,
eb6efa67df,180,189,6993,69.93,101.12547051110376,2.2348307130387532e-17,37.95119048880073,15.217997446542975,
eb6efa67df,180,190,7030,70.3,101.12547051110376,2.2770109904830372e-17,37.95119048880073,15.757332637109897,
eb6efa67df,180,191,7067,70.67,101.12547051110376,4.368983915223622e-17,37.95119048880073,20.693331283150336,
eb6efa67df,180,192,7104,71.04,101.12547051110376,2.247610628285243e-17,37.95119048880073,17.908990188376386,
eb6efa67df,180,193,7141,71.41,101.12547051110376,2.2214324306222653e-17,37.95119048880073,17.076994415180575,
eb6efa67df,180,194,7178,71.78,101.12547051110376,4.403597797964858e-17,37.95119048880073,13.598521140270147,
eb6efa67df,180,195,7215,72.15,101.12547051110376,4.4036957527567486e-17,37.95119048880073,16.571683886170884,
eb6efa67df,180,196,7252,72.52,101.12547051110376,4.3270429910397026e-17,37.95119048880073,17.506774140266796,
eb6efa67df,180,197,7289,72.89,101.12547051110376,4.269528233472764e-17,37.95119048880073,14.86284246956903,
eb6efa67df,180,198,7326,73.26,101.12547051110376,4.265218204112717e-17,37.95119048880073,14.36869333500102,
eb6efa67df,180,199,7363,73.63,101.12547051110376,4.250673776796627e-17,37.95119048880073,11.191907076152559,
eb6efa67df,180,200,7400,74.0,101.12547051110259,4.322838928655002e-17,37.95117294465517,21.590097552016008,
eb6efa67df,180,201,7437,74.37,101.12547051110259,2.1611173725205913e-17,37.95117294465517,13.967940340668397,
eb6efa67df,180,202,7474,74.74,101.12547051110259,2.1684143959834254e-17,37.95117294465517,11.950978448615908,
eb6efa67df,180,203,7511,75.11,101.12547051110259,2.104847872699516e-17,37.95117294465517,15.573062517364429,
eb6efa67df,180,204,7548,75.48,101.12547051110259,2.1273874770176928e-17,37.95117294465517,16.49615696404898,
eb6efa67df,180,205,7585,75.85,101.12547051110259,1.0558133289398215e-17,37.95117294465517,19.21574231771393,
eb6efa67df,180,206,7622,76.22,101.12547051110259,2.1838439372965045e-17,37.95117294465517,18.13271830311993,
eb6efa67df,180,207,7659,76.59,101.12547051110259,2.161533995714763e-17,37.95117294465517,17.812040271936716,
eb6efa67df,180,208,7696,76.96,101.12547051110259,2.1673334623285635e-17,37.95117294465517,14.506192901516899,
eb6efa67df,180,209,7733,77.33,101.12547051110259,2.144801055857897e-17,37.95117294465517,20.2587130276438,
eb6efa67df,180,210,7770,77.7,101.12547051110259,2.159131517743917e-17,37.95117294465517,17.558793473906967,
eb6efa67df,180,211,7807,78.07,101.12547051110259,2.2136431752109562e-17,37.95117294465517,18.28266146003354,
eb6efa67df,180,212,7844,78.44,101.12547051110259,2.2542663267040627e-17,37.95117294465517,17.539858256327815,
eb6efa67df,180,213,7881,78.81,101.12547051110259,2.224874395282421e-17,37.95117294465517,14.580757598413697,
eb6efa67df,180,214,7918,79.18,101.12547051110259,1.1018980170402696e-17,37.95117294465517,15.335122230226878,
eb6efa67df,180,215,7955,79.55,101.12547051110259,1.0812306398648673e-17,37.95117294465517,18.637170326162835,
eb6efa67df,180,216,7992,79.92,101.12547051110259,1.0868637097832683e-17,37.95117294465517,13.597192932596743,
eb6efa67df,180,217,8029,80.29,101.12547051110259,1.0773702259412219e-17,37.95117294465517,20.278828407868488,
eb6efa67df,180,218,8066,80.66,101.12547051110259,1.0800300771345077e-17,37.95117294465517,19.517282599947976,
eb6efa67df,180,219,8103,81.03,101.12547051110259,1.0779416062554479e-17,37.95117294465517,14.927179417343691,
eb6efa67df,180,220,8140,81.4,101.12547051110259,1.0874149320369529e-17,37.95117294465517,15.02831973769544,
eb6efa67df,180,221,8177,81.77,101.12547051110259,1.0923933650679322e-17,37.95117294465517,15.926225580500867,
eb6efa67df,180,222,8214,82.14,101.12547051110259,1.0927982982319023e-17,37.95117294465517,17.19070494116752,
eb6efa67df,180,223,8251,82.51,101.12547051110259,2.1664207556656672e-17,37.95117294465517,14.302939791389939,
eb6efa67df,180,224,8288,82.88,101.12547051110259,2.1582487582837498e-17,37.95117294465517,18.73792194412375,
eb6efa67df,180,225,8325,83.25,101.12547051110259,1.0869694726836376e-17,37.95117294465517,16.46497196868443,
eb6efa67df,180,226,8362,83.62,101.12547051110259,1.0926992306988595e-17,37.95117294465517,18.99310143886057,
eb6efa67df,180,227,8399,83.99,101.12547051110259,1.0730224738330484e-17,37.95117294465517,18.055871031153888,
eb6efa67df,180,228,8436,84.36,101.12547051110259,1.0858082070058697e-17,37.95117294465517,18.207317249315857,
eb6efa67df,180,229,8473,84.73,101.12547051110259,1.1036804389006896e-17,37.95117294465517,13.994644165747607,
eb6efa67df,180,230,8510,85.1,101.12547051110259,2.1976471072817467e-17,37.95117294465517,15.132351531905941,
eb6efa67df,180,231,8547,85.47,101.12547051110259,1.1317226390748725e-17,37.95117294465517,20.87209779774592,
eb6efa67df,180,232,8584,85.84,101.12547051110259,1.1141619087660986e-17,37.95117294465517,16.821560715957478,
eb6efa67df,180,233,8621,86.21,101.12547051110259,5.640705268255101e-18,37.95117294465517,17.419694972814504,
eb6efa67df,180,234,8658,86.58,101.12547051110259,5.622603595164086e-18,37.95117294465517,14.796216015363521,
eb6efa67df,180,235,8695,86.95,101.12547051110259,5.469236332285422e-18,37.95117294465517,15.86168381164125,
eb6efa67df,180,236,8732,87.32,101.12547051110259,5.436959299604909e-18,37.95117294465517,16.382119585009374,
eb6efa67df,180,237,8769,87.69,101.12547051110259,5.435758696852606e-18,37.95117294465517,18.903037387419605,
eb6efa67df,180,238,8806,88.06,101.12547051110259,5.532806710902899e-18,37.95117294465517,19.38264163629847,
eb6efa67df,180,239,8843,88.43,101.12547051110259,1.1126546112613118e-17,37.95117294465517,16.408958532259653,
eb6efa67df,180,240,8880,88.8,101.12547051110259,5.571066347195151e-18,37.95117294465517,19.681923186026808,
eb6efa67df,180,241,8917,89.17,101.12547051110259,1.1208032656345951e-17,37.95117294465517,20.10988005234673,
eb6efa67df,180,242,8954,89.54,101.12547051110259,4.539496005370816e-14,37.95117294465517,19.07879329470473,
eb6efa67df,180,243,8991,89.91,101.1254705109459,1.1103677815440946e-17,37.40885440136783,17.382641660161326,
eb6efa67df,180,244,9028,90.28,101.1254705109459,1.1121470854261121e-17,37.40885440136783,15.816249048883648,
eb6efa67df,180,245,9065,90.65,101.1254705109459,7.091596687736998e-16,37.40885440136783,16.956681456298263,
eb6efa67df,180,246,9102,91.02,101.1254705107001,2.1731737119346503e-17,37.40314812200869,15.962315578074078,
eb6efa67df,180,247,9139,91.39,101.1254705107001,6.829441713454336e-16,37.40314812200869,16.64702754385349,
eb6efa67df,180,248,9176,91.76,101.12547051067331,1.7383400073652028e-16,37.39826120239827,17.328789030558216,
eb6efa67df,180,249,9213,92.13,101.12547051063231,1.7433687670111537e-16,37.397703388512404,17.623925011488442,
eb6efa67df,180,250,9250,92.5,101.12547051062542,1.7221486861407195e-16,37.397282424204114,12.97015145948744,
eb6efa67df,180,251,9287,92.87,101.12547051056423,4.352664974896438e-17,37.39670417332624,17.266569367596514,
eb6efa67df,180,252,9324,93.24,101.12547051056423,5.412782642376703e-18,37.39670417332624,17.658261451674285,
eb6efa67df,180,253,9361,93.61,101.12547051056423,5.4618425716587e-18,37.39670417332624,17.53143169281509,
eb6efa67df,180,254,9398,93.98,101.12547051056423,5.5377488544051845e-18,37.39670417332624,17.005561723930526,
eb6efa67df,180,255,9435,94.35,101.12547051056423,5.674917358301937e-18,37.39670417332624,16.359836472632878,
eb6efa67df,180,256,9472,94.72,101.12547051056423,5.593645993417212e-18,37.39670417332624,15.595582217503663,
eb6efa67df,180,257,9509,95.09,101.12547051056423,1.1312705164029568e-17,37.39670417332624,15.310923801542536,
eb6efa67df,180,258,9546,95.46,101.12547051056102,1.0971081505146988e-17,37.396695801307615,14.92059108108501,
eb6efa67df,180,259,9583,95.83,101.12547051056102,1.1031745357353955e-17,37.396695801307615,18.404059254055806,
eb6efa67df,180,260,9620,96.2,101.12547051056102,1.0820706079714333e-17,37.396695801307615,15.048465971145061,
eb6efa67df,180,261,9657,96.57,101.12547051056102,5.233022841750758e-18,37.396695801307615,14.65979132020862,
eb6efa67df,180,262,9694,96.94,101.12547051056102,5.293565820750556e-18,37.396695801307615,14.687035920714978,
eb6efa67df,180,263,9731,97.31,101.12547051056102,1.0400325684637293e-17,37.396695801307615,14.377086220369833,
eb6efa67df,180,264,9768,97.68,101.12547051056102,1.072529654640778e-17,37.396695801307615,15.793585326664735,
eb6efa67df,180,265,9805,98.05,101.12547051056102,1.0586439275352157e-17,37.396695801307615,14.964934246039471,
eb6efa67df,180,266,9842,98.42,101.12547051056102,5.282417782928143e-18,37.396695801307615,17.109206455470403,
eb6efa67df,180,267,9879,98.79,101.12547051056102,5.286389603489863e-18,37.396695801307615,18.026911873737262,
eb6efa67df,180,268,9916,99.16,101.12547051056102,1.0585214669844877e-17,37.396695801307615,18.867853201534448,
eb6efa67df,180,269,9953,99.53,101.12547051056102,1.0712492489626831e-17,37.396695801307615,16.468483953975344,
eb6efa67df,180,270,9990,99.9,101.12547051056102,5.537334344097251e-18,37.396695801307615,20.64073775071781,
eb6efa67df,180,271,10027,100.27,101.12547051056102,5.5181261158734375e-18,37.396695801307615,19.820781246941895,
eb6efa67df,180,272,10064,100.64,101.12547051056102,5.621781367615488e-18,37.396695801307615,17.036568962523223,
eb6efa67df,180,273,10101,101.01,101.12547051056102,5.601443066083625e-18,37.396695801307615,15.331166818105455,
eb6efa67df,180,274,10138,101.38,101.12547051056102,1.1316782699663213e-17,37.396695801307615,17.85219002642228,
eb6efa67df,180,275,10175,101.75,101.12547051056102,1.1435994020744166e-17,37.396695801307615,16.901043098928312,
eb6efa67df,180,276,10212,102.12,101.12547051056102,5.623220323083274e-18,37.396695801307615,19.298353713298646,
eb6efa67df,180,277,10249,102.49,101.12547051056102,1.1262272740494287e-17,37.396695801307615,17.8151267248182,
eb6efa67df,180,278,10286,102.86,101.12547051056102,1.0994782668656458e-17,37.396695801307615,16.606483809840846,
eb6efa67df,180,279,10323,103.23,101.12547051056102,1.0856006579096668e-17,37.396695801307615,13.05384150474832,
eb6efa67df,180,280,10360,103.6,101.12547051056102,5.370469896023032e-18,37.396695801307615,18.888372446832705,
eb6efa67df,180,281,10397,103.97,101.12547051056102,1.0952878308752639e-17,37.396695801307615,15.235415865034103,
eb6efa67df,180,282,10434,104.34,101.12547051056102,1.0813254966708156e-17,37.396695801307615,17.058381018020516,
eb6efa67df,180,283,10471,104.71,101.12547051056102,1.1029175951140537e-17,37.396695801307615,20.34163742124624,
eb6efa67df,180,284,10508,105.08,101.12547051056102,1.10387559139117e-17,37.396695801307615,16.578651119435005,
eb6efa67df,180,285,10545,105.45,101.12547051056102,1.1164036040504608e-17,37.396695801307615,17.657063053632427,
eb6efa67df,180,286,10582,105.82,101.12547051056102,3.616922328531933e-16,37.396695801307615,16.92577545849609,
eb6efa67df,180,287,10619,106.19,101.1254705104725,4.410717033082153e-17,37.39559030500942,16.238539779427068,
eb6efa67df,180,288,10656,106.56,101.1254705104725,1.0943242361336736e-17,37.39559030500942,14.94058434671557,
eb6efa67df,180,289,10693,106.93,101.1254705104725,1.0894917047310512e-17,37.39559030500942,19.899242845619952,
eb6efa67df,180,290,10730,107.3,101.1254705104725,1.107790941997811e-17,37.39559030500942,19.98150530703556,
eb6efa67df,180,291,10767,107.67,101.1254705104725,1.1109052623019485e-17,37.39559030500942,16.845572638738663,
eb6efa67df,180,292,10804,108.04,101.1254705104725,1.1215649845351561e-17,37.39559030500942,20.10896121744218,
eb6efa67df,180,293,10841,108.41,101.1254705104725,5.542724460895738e-18,37.39559030500942,14.39891084646011,
eb6efa67df,180,294,10878,108.78,101.1254705104725,4.4797326502932425e-17,37.39559030500942,19.51029351350826,
eb6efa67df,180,295,10915,109.15,101.12547051046991,2.2260462661247452e-17,37.39551372115887,22.23731416098919,
eb6efa67df,180,296,10952,109.52,101.12547051046991,2.2668088711871705e-17,37.39551372115887,19.729867986064573,
eb6efa67df,180,297,10989,109.89,101.12547051046991,5.6885958794830636e-18,37.39551372115887,15.226808838614401,
eb6efa67df,180,298,11026,110.26,101.12547051046991,1.1383796201716075e-17,37.39551372115887,17.234862813853788,
eb6efa67df,180,299,11063,110.63,101.12547051046991,5.6494202624333946e-18,37.39551372115887,17.180933954649866,
eb6efa67df,180,300,11100,111.0,101.12547051046991,5.769642049191435e-18,37.39551372115887,19.433331821786805,
eb6efa67df,180,301,11137,111.37,101.12547051046991,5.622315294022992e-18,37.39551372115887,12.822697403591672,
eb6efa67df,180,302,11174,111.74,101.12547051046991,1.1250228555521207e-17,37.39551372115887,17.218049565884176,
eb6efa67df,180,303,11211,112.11,101.12547051046991,1.1287023618194168e-17,37.39551372115887,18.897461893304605,
eb6efa67df,180,304,11248,112.48,101.12547051046991,1.1104629640099378e-17,37.39551372115887,17.926681172759796,
eb6efa67df,180,305,11285,112.85,101.12547051046991,1.0985087457640395e-17,37.39551372115887,17.099285075932595,
eb6efa67df,180,306,11322,113.22,101.12547051046991,5.485718547933711e-18,37.39551372115887,14.743394128343242,
eb6efa67df,180,307,11359,113.59,101.12547051046991,5.528564620774001e-18,37.39551372115887,14.343890439649423,
eb6efa67df,180,308,11396,113.96,101.12547051046991,5.4205700879251564e-18,37.39551372115887,11.579929884982512,
eb6efa67df,180,309,11433,114.33,101.12547051046991,5.393636597214031e-18,37.39551372115887,17.48414666347937,
eb6efa67df,180,310,11470,114.7,101.12547051046991,5.513710521862049e-18,37.39551372115887,18.4475031502132,
eb6efa67df,180,311,11507,115.07,101.12547051046991,5.475784450457351e-18,37.39551372115887,18.48052587819187,
eb6efa67df,180,312,11544,115.44,101.12547051046991,5.463519494306778e-18,37.39551372115887,13.811507186774513,
eb6efa67df,180,313,11581,115.81,101.12547051046991,5.328744457697631e-18,37.39551372115887,14.765215406729423,
eb6efa67df,180,314,11618,116.18,101.12547051046991,5.4090151432233625e-18,37.39551372115887,16.865866264705218,
eb6efa67df,180,315,11655,116.55,101.12547051046991,5.475456985455271e-18,37.39551372115887,14.094653382147655,
eb6efa67df,180,316,11692,116.92,101.12547051046991,1.0532926281357086e-17,37.39551372115887,15.000449778380329,
eb6efa67df,180,317,11729,117.29,101.12547051046991,1.0712311181666573e-17,37.39551372115887,14.458065006272726,
eb6efa67df,180,318,11766,117.66,101.12547051046991,1.0252710078292678e-17,37.39551372115887,17.145343270995355,
eb6efa67df,180,319,11803,118.03,101.12547051046991,1.0622789168408951e-17,37.39551372115887,13.175644662099756,
eb6efa67df,180,320,11840,118.4,101.12547051046991,3.9970747031115925e-17,37.39551372115887,13.980203556709982,
eb6efa67df,180,321,11877,118.77,101.12547051046991,1.0303784718277359e-17,37.39551372115887,18.548624917543542,
eb6efa67df,180,322,11914,119.14,101.12547051046991,1.0480629360084728e-17,37.39551372115887,13.721492696638402,
eb6efa67df,180,323,11951,119.51,101.12547051046991,2.0489422265043086e-17,37.39551372115887,15.518013857417989,
eb6efa67df,180,324,11988,119.88,101.12547051046991,1.070056461031338e-17,37.39551372115887,12.260510950830849,
eb6efa67df,180,325,12025,120.25,101.12547051046991,1.053907895522794e-17,37.39551372115887,16.4451276808447,
eb6efa67df,180,326,12062,120.62,101.12547051046991,1.0704886340908536e-17,37.39551372115887,17.515304952849114,
eb6efa67df,180,327,12099,120.99,101.12547051046991,1.0825061720513924e-17,37.39551372115887,15.629108740704144,
eb6efa67df,180,328,12136,121.36,101.12547051046991,1.0805624118267652e-17,37.39551372115887,20.775369311875334,
eb6efa67df,180,329,12173,121.73,101.12547051046991,1.0987300666118068e-17,37.39551372115887,19.026603447063874,
eb6efa67df,180,330,12210,122.1,101.12547051046991,1.0844390027811514e-17,37.39551372115887,13.66038646119174,
eb6efa67df,180,331,12247,122.47,101.12547051046991,1.0758736442358178e-17,37.39551372115887,15.661823682806286,
eb6efa67df,180,332,12284,122.84,101.12547051046991,1.0823623442244159e-17,37.39551372115887,13.147366140357606,
eb6efa67df,180,333,12321,123.21,101.12547051046991,1.1167146511491361e-17,37.39551372115887,15.845530183497978,
eb6efa67df,180,334,12358,123.58,101.12547051046991,1.1127989890171922e-17,37.39551372115887,14.490225973801477,
eb6efa67df,180,335,12395,123.95,101.12547051046991,1.1121835402189729e-17,37.39551372115887,16.375716652375,
eb6efa67df,180,336,12432,124.32,101.12547051046991,1.0770830221243414e-17,37.39551372115887,18.589863251455377,
eb6efa67df,180,337,12469,124.69,101.12547051046991,1.0890722629016587e-17,37.39551372115887,12.175256014591874,
eb6efa67df,180,338,12506,125.06,101.12547051046991,2.1273192703315435e-17,37.39551372115887,12.865623154754914,
eb6efa67df,180,339,12543,125.43,101.12547051046991,2.2002521910996002e-17,37.39551372115887,17.244223344661787,
eb6efa67df,180,340,12580,125.8,101.12547051046991,2.1493833989394764e-17,37.39551372115887,15.63601590853682,
eb6efa67df,180,341,12617,126.17,101.12547051046991,2.19559449757386e-17,37.39551372115887,16.93079818178006,
eb6efa67df,180,342,12654,126.54,101.12547051046991,2.1466938440287345e-17,37.39551372115887,16.29829262117335,
eb6efa67df,180,343,12691,126.91,101.12547051046991,2.116750152029607e-17,37.39551372115887,13.359549547737464,
eb6efa67df,180,344,12728,127.28,101.12547051046991,2.1475216009437383e-17,37.39551372115887,15.587196499268364,
eb6efa67df,180,345,12765,127.65,101.12547051046991,2.095267927878595e-17,37.39551372115887,15.276422978850762,
eb6efa67df,180,346,12802,128.02,101.12547051046991,1.1035418751088108e-17,37.39551372115887,18.232878002440884,
eb6efa67df,180,347,12839,128.39,101.12547051046991,2.096236985214177e-17,37.39551372115887,16.328072365914895,
eb6efa67df,180,348,12876,128.76,101.12547051046991,2.126447581087954e-17,37.39551372115887,14.033420464284816,
eb6efa67df,180,349,12913,129.13,101.12547051046991,1.0650501546945265e-17,37.39551372115887,19.092331902799604,
eb6efa67df,180,350,12950,129.5,101.12547051046991,1.0671289088479792e-17,37.39551372115887,17.831082528202675,
eb6efa67df,180,351,12987,129.87,101.12547051046991,5.306426471220667e-18,37.39551372115887,13.82321536225963,
eb6efa67df,180,352,13024,130.24,101.12547051046991,5.292640110689215e-18,37.39551372115887,16.436681325713042,
eb6efa67df,180,353,13061,130.61,101.12547051046991,1.0715405089527764e-17,37.39551372115887,19.978814744769352,
eb6efa67df,180,354,13098,130.98,101.12547051046991,5.5203638951929526e-18,37.39551372115887,14.913518557971285,
eb6efa67df,180,355,13135,131.35,101.12547051046991,5.51658491965821e-18,37.39551372115887,15.956822261153674,
eb6efa67df,180,356,13172,131.72,101.12547051046991,5.494819964756402e-18,37.39551372115887,11.858834385113743,
eb6efa67df,180,357,13209,132.09,101.12547051046991,5.361992351702216e-18,37.39551372115887,12.307813939138018,
eb6efa67df,180,358,13246,132.46,101.12547051046991,1.0427687160159173e-17,37.39551372115887,14.04541921842325,
eb6efa67df,180,359,13283,132.83,101.12547051046991,1.046763641446831e-17,37.39551372115887,13.542641220079755,
eb6efa67df,180,360,13320,133.2,101.12547051046991,1.0517703378110645e-17,37.39551372115887,15.443466833870596,
eb6efa67df,180,361,13357,133.57,101.12547051046991,2.0753603660564968e-17,37.39551372115887,13.616994741101824,
eb6efa67df,180,362,13394,133.94,101.12547051046991,4.142721699525779e-17,37.39551372115887,17.70641482440417,
eb6efa67df,180,363,13431,134.31,101.12547051046991,4.2563208649260346e-17,37.39551372115887,17.969525878226484,
eb6efa67df,180,364,13468,134.68,101.12547051046991,2.0718017452379463e-17,37.39551372115887,15.68441320294967,
eb6efa67df,180,365,13505,135.05,101.12547051046991,1.0290506126672777e-17,37.39551372115887,17.859859187504718,
eb6efa67df,180,366,13542,135.42,101.12547051046991,4.202028395044803e-17,37.39551372115887,13.058487106588586,
eb6efa67df,180,367,13579,135.79,101.12547051046991,4.1691085514269173e-17,37.39551372115887,16.980022053843946,
eb6efa67df,180,368,13616,136.16,101.12547051046991,1.0925619953491474e-17,37.39551372115887,14.542550753643965,
eb6efa67df,180,369,13653,136.53,101.12547051046991,1.0877416158191151e-17,37.39551372115887,15.077502349979497,
eb6efa67df,180,370,13690,136.9,101.12547051046991,1.1028239233607672e-17,37.39551372115887,19.49977645969791,
eb6efa67df,180,371,13727,137.27,101.12547051046991,1.113424641064478e-17,37.39551372115887,18.651938317878216,
eb6efa67df,180,372,13764,137.64,101.12547051046991,1.0725066677468753e-17,37.39551372115887,15.723371122392642,
eb6efa67df,180,373,13801,138.01,101.12547051046991,1.0512745314188975e-17,37.39551372115887,14.18634145089967,
eb6efa67df,180,374,13838,138.38,101.12547051046991,1.0580411356316262e-17,37.39551372115887,13.74509986565966,
eb6efa67df,180,375,13875,138.75,101.12547051046991,1.077518758983711e-17,37.39551372115887,18.906052806128358,
eb6efa67df,180,376,13912,139.12,101.12547051046991,5.393270610782866e-18,37.39551372115887,21.29622635349515,
eb6efa67df,180,377,13949,139.49,101.12547051046991,5.4172469268774814e-18,37.39551372115887,14.838403028406386,
eb6efa67df,180,378,13986,139.86,101.12547051046991,5.347256264072288e-18,37.39551372115887,13.333504430858923,
eb6efa67df,180,379,14023,140.23,101.12547051046991,5.377924467573593e-18,37.39551372115887,14.49826496398591,
eb6efa67df,180,380,14060,140.6,101.12547051046991,5.396791378981139e-18,37.39551372115887,12.833906118719488,
eb6efa67df,180,381,14097,140.97,101.12547051046991,5.575838550852913e-18,37.39551372115887,17.15066017954664,
eb6efa67df,180,382,14134,141.34,101.12547051046991,5.60962370357708e-18,37.39551372115887,17.69639592345433,
eb6efa67df,180,383,14171,141.71,101.12547051046991,5.5808268158908944e-18,37.39551372115887,20.45553636070487,
eb6efa67df,180,384,14208,142.08,101.12547051046991,5.438722367334598e-18,37.39551372115887,14.119256952856963,
eb6efa67df,180,385,14245,142.45,101.12547051046991,5.569779529256963e-18,37.39551372115887,21.480300774190056,
eb6efa67df,180,386,14282,142.82,101.12547051046991,5.609140880227046e-18,37.39551372115887,12.143895661583324,
eb6efa67df,180,387,14319,143.19,101.12547051046991,1.0984136799011902e-17,37.39551372115887,15.29491462850467,
eb6efa67df,180,388,14356,143.56,101.12547051046991,1.116063210709648e-17,37.39551372115887,17.898843394674113,
eb6efa67df,180,389,14393,143.93,101.12547051046991,5.582415213455405e-18,37.39551372115887,18.403388405272953,
eb6efa67df,180,390,14430,144.3,101.12547051046991,1.1128475415120748e-17,37.39551372115887,15.148131338092204,
eb6efa67df,180,391,14467,144.67,101.12547051046991,5.580621005182213e-18,37.39551372115887,21.079214433549154,
eb6efa67df,180,392,14504,145.04,101.12547051046991,1.136202363133646e-17,37.39551372115887,13.227543533268083,
eb6efa67df,180,393,14541,145.41,101.12547051046991,1.125162346326484e-17,37.39551372115887,18.42313520526561,
eb6efa67df,180,394,14578,145.78,101.12547051046991,1.1237277258956257e-17,37.39551372115887,17.27720932713474,
eb6efa67df,180,395,14615,146.15,101.12547051046991,1.132938019566352e-17,37.39551372115887,16.356493983250058,
eb6efa67df,180,396,14652,146.52,101.12547051046991,1.123417534236826e-17,37.39551372115887,20.588090825591166,
eb6efa67df,180,397,14689,146.89,101.12547051046991,1.1351759129170496e-17,37.39551372115887,17.789591604610923,
eb6efa67df,180,398,14726,147.26,101.12547051046991,1.123315313185407e-17,37.39551372115887,16.889267545588933,
eb6efa67df,180,399,14763,147.63,101.12547051046991,1.1319028195393062e-17,37.39551372115887,17.476573406308212,
eb6efa67df,180,400,14800,148.0,101.12547051046991,2.20898979054879e-17,37.39551372115887,15.896724560801553,
eb6efa67df,180,401,14837,148.37,101.12547051046991,2.2150900092090838e-17,37.39551372115887,14.627936944408987,
eb6efa67df,180,402,14874,148.74,101.12547051046991,1.096906888634622e-17,37.39551372115887,16.41443036565612,
eb6efa67df,180,403,14911,149.11,101.12547051046991,1.0839961030101082e-17,37.39551372115887,18.510673545496903,
eb6efa67df,180,404,14948,149.48,101.12547051046991,1.105320804475113e-17,37.39551372115887,15.707072324805573,
eb6efa67df,180,405,14985,149.85,101.12547051046991,1.0408434671868665e-17,37.39551372115887,13.300952661146557,
eb6efa67df,180,406,15022,150.22,101.12547051046991,2.068615980548215e-17,37.39551372115887,15.498785443142626,
eb6efa67df,180,407,15059,150.59,101.12547051046991,1.047092540621827e-17,37.39551372115887,17.995915380786734,
eb6efa67df,180,408,15096,150.96,101.12547051046991,1.0795959051080463e-17,37.39551372115887,16.6525336589216,
eb6efa67df,180,409,15133,151.33,101.12547051046991,5.398485801992626e-18,37.39551372115887,19.69401897097784,
eb6efa67df,180,410,15170,151.7,101.12547051046991,1.0902351209389566e-17,37.39551372115887,17.307117730260373,
eb6efa67df,180,411,15207,152.07,101.12547051046991,1.0979766096612618e-17,37.39551372115887,13.592449220175137,
eb6efa67df,180,412,15244,152.44,101.12547051046991,1.0757927211360995e-17,37.39551372115887,14.590733847534281,
eb6efa67df,180,413,15281,152.81,101.12547051046991,5.334481611697978e-18,37.39551372115887,14.020112377191454,
eb6efa67df,180,414,15318,153.18,101.12547051046991,1.0904075922598986e-17,37.39551372115887,18.392155870370345,
eb6efa67df,180,415,15355,153.55,101.12547051046991,5.576183680677075e-18,37.39551372115887,20.943475561681435,
eb6efa67df,180,416,15392,153.92,101.12547051046991,5.515894538985113e-18,37.39551372115887,17.936432885087452,
eb6efa67df,180,417,15429,154.29,101.12547051046991,5.4912198695508214e-18,37.39551372115887,16.61367788722629,
eb6efa67df,180,418,15466,154.66,101.12547051046991,5.562452179395407e-18,37.39551372115887,20.62036216297129,
eb6efa67df,180,419,15503,155.03,101.12547051046991,1.1146877451271046e-17,37.39551372115887,16.824727230643326,
eb6efa67df,180,420,15540,155.4,101.12547051046991,5.6228499100552614e-18,37.39551372115887,20.3245272101897,
eb6efa67df,180,421,15577,155.77,101.12547051046991,1.1281937382593119e-17,37.39551372115887,18.14847187281375,
eb6efa67df,180,422,15614,156.14,101.12547051046991,1.139297546635356e-17,37.39551372115887,14.76849128750789,
eb6efa67df,180,423,15651,156.51,101.12547051046991,2.2597776029176083e-17,37.39551372115887,16.04899820683821,
eb6efa67df,180,424,15688,156.88,101.12547051046991,2.180638706539891e-17,37.39551372115887,14.780247653417455,
eb6efa67df,180,425,15725,157.25,101.12547051046991,2.1678145853882315e-17,37.39551372115887,18.950676483932188,
eb6efa67df,180,426,15762,157.62,101.12547051046991,2.1989635144048847e-17,37.39551372115887,14.874886148187203,
eb6efa67df,180,427,15799,157.99,101.12547051046991,2.2031912827149943e-17,37.39551372115887,17.66272236398243,
eb6efa67df,180,428,15836,158.36,101.12547051046991,2.2517162813518333e-17,37.39551372115887,17.035273915857868,
eb6efa67df,180,429,15873,158.73,101.12547051046991,1.0873688915340562e-17,37.39551372115887,16.56317329145763,
eb6efa67df,180,430,15910,159.1,101.12547051046991,1.0929027119505933e-17,37.39551372115887,17.275283240012723,
eb6efa67df,180,431,15947,159.47,101.12547051046991,2.2227771628787825e-17,37.39551372115887,17.13641342438934,
eb6efa67df,180,432,15984,159.84,101.12547051046991,1.06433522829715e-17,37.39551372115887,14.637369698676391,
eb6efa67df,180,433,16021,160.21,101.12547051046991,2.6946838171274e-18,37.39551372115887,18.989092562894445,
eb6efa67df,180,434,16058,160.58,101.12547051046991,2.694094863993418e-18,37.39551372115887,15.375864401013324,
eb6efa67df,180,435,16095,160.95,101.12547051046991,5.328612786714713e-18,37.39551372115887,18.349112793038625,
eb6efa67df,180,436,16132,161.32,101.12547051046991,5.357698010400128e-18,37.39551372115887,16.859628456165023,
eb6efa67df,180,437,16169,161.69,101.12547051046991,5.334786987051394e-18,37.39551372115887,14.05557890378502,
eb6efa67df,180,438,16206,162.06,101.12547051046991,1.083353610647597e-17,37.39551372115887,16.599328558127127,
eb6efa67df,180,439,16243,162.43,101.12547051046991,1.0945259384923156e-17,37.39551372115887,18.21557610535446,
eb6efa67df,180,440,16280,162.8,101.12547051046991,5.409215787984271e-18,37.39551372115887,17.282633461431377,
eb6efa67df,180,441,16317,163.17,101.12547051046991,1.0864138732684588e-17,37.39551372115887,14.753042134227266,
eb6efa67df,180,442,16354,163.54,101.12547051046991,1.0916360565541781e-17,37.39551372115887,17.002045911657408,
eb6efa67df,180,443,16391,163.91,101.12547051046991,5.484703649928131e-18,37.39551372115887,13.938557382125488,
eb6efa67df,180,444,16428,164.28,101.12547051046991,5.379531988001984e-18,37.39551372115887,18.18036444939814,
eb6efa67df,180,445,16465,164.65,101.12547051046991,5.371495501893557e-18,37.39551372115887,18.533055770912714,
eb6efa67df,180,446,16502,165.02,101.12547051046991,1.0667794779920333e-17,37.39551372115887,13.839289405509902,
eb6efa67df,180,447,16539,165.39,101.12547051046991,1.1132864310938055e-17,37.39551372115887,21.194099946921106,
eb6efa67df,180,448,16576,165.76,101.12547051046991,1.0943903533436858e-17,37.39551372115887,18.975133583039383,
eb6efa67df,180,449,16613,166.13,101.12547051046991,1.0860127603911901e-17,37.39551372115887,13.87055255377876,
eb6efa67df,180,450,16650,166.5,101.12547051046991,1.1072293834978142e-17,37.39551372115887,17.04567425559905,
eb6efa67df,180,451,16687,166.87,101.12547051046991,1.1077345310651965e-17,37.39551372115887,12.1087412287998,
eb6efa67df,180,452,16724,167.24,101.12547051046991,1.1170071149513897e-17,37.39551372115887,15.015638209449813,
eb6efa67df,180,453,16761,167.61,101.12547051046991,5.5852136056415974e-18,37.39551372115887,17.62281449346147,
eb6efa67df,180,454,16798,167.98,101.12547051046991,1.1088377691864541e-17,37.39551372115887,17.453431702630134,
eb6efa67df,180,455,16835,168.35,101.12547051046991,1.1071151045332192e-17,37.39551372115887,15.233337282259779,
eb6efa67df,180,456,16872,168.72,101.12547051046991,5.499344962654621e-18,37.39551372115887,19.36752887777807,
eb6efa67df,180,457,16909,169.09,101.12547051046991,1.0339012825924622e-17,37.39551372115887,16.127191641941668,
eb6efa67df,180,458,16946,169.46,101.12547051046991,5.296363019711417e-18,37.39551372115887,10.440807909277554,
eb6efa67df,180,459,16983,169.83,101.12547051046991,5.407503829046797e-18,37.39551372115887,18.3182690307547,
eb6efa67df,180,460,17020,170.2,101.12547051046991,5.4848047480919865e-18,37.39551372115887,16.614052553402576,
eb6efa67df,180,461,17057,170.57,101.12547051046991,1.1031333548218906e-17,37.39551372115887,15.540178366830794,
eb6efa67df,180,462,17094,170.94,101.12547051046991,1.0895831120326658e-17,37.39551372115887,18.715010098346124,
eb6efa67df,180,463,17131,171.31,101.12547051046991,1.1143512330611573e-17,37.39551372115887,17.297077600767313,
eb6efa67df,180,464,17168,171.68,101.12547051046991,5.644158623691626e-18,37.39551372115887,20.56126636028288,
eb6efa67df,180,465,17205,172.05,101.12547051046991,1.1269350951534317e-17,37.39551372115887,14.618355852455126,
eb6efa67df,180,466,17242,172.42,101.12547051046991,5.39036397518621e-18,37.39551372115887,17.73644875370356,
eb6efa67df,180,467,17279,172.79,101.12547051046991,1.1028454619846121e-17,37.39551372115887,16.964734594587167,
eb6efa67df,180,468,17316,173.16,101.12547051046991,1.0904016365565345e-17,37.39551372115887,14.607480891514692,
eb6efa67df,180,469,17353,173.53,101.12547051046991,1.0542270685837144e-17,37.39551372115887,18.625402196259635,
eb6efa67df,180,470,17390,173.9,101.12547051046991,1.0901846407747521e-17,37.39551372115887,14.985840521908912,
eb6efa67df,180,471,17427,174.27,101.12547051046991,1.0703537362229775e-17,37.39551372115887,13.257098072609269,
eb6efa67df,180,472,17464,174.64,101.12547051046991,1.0553743047256831e-17,37.39551372115887,19.371372519626608,
eb6efa67df,180,473,17501,175.01,101.12547051046991,1.0334149664453355e-17,37.39551372115887,15.390276751015037,
eb6efa67df,180,474,17538,175.38,101.12547051046991,1.0391212465819501e-17,37.39551372115887,14.485591079770295,
eb6efa67df,180,475,17575,175.75,101.12547051046991,5.3399741881286885e-18,37.39551372115887,14.317625014592997,
eb6efa67df,180,476,17612,176.12,101.12547051046991,1.0645660777555505e-17,37.39551372115887,15.334707218744063,
eb6efa67df,180,477,17649,176.49,101.12547051046991,1.0733361500971234e-17,37.39551372115887,20.898087138842353,
eb6efa67df,180,478,17686,176.86,101.12547051046991,1.0710024346239328e-17,37.39551372115887,18.376302443363755,
eb6efa67df,180,479,17723,177.23,101.12547051046991,1.0558438597784044e-17,37.39551372115887,16.31409159617068,
eb6efa67df,180,480,17760,177.6,101.12547051046991,1.0788790410239619e-17,37.39551372115887,14.04740427648063,
eb6efa67df,180,481,17797,177.97,101.12547051046991,5.5202260360709805e-18,37.39551372115887,18.968611438987754,
eb6efa67df,180,482,17834,178.34,101.12547051046991,5.369819529702165e-18,37.39551372115887,14.398287533715685,
eb6efa67df,180,483,17871,178.71,101.12547051046991,5.478639198591752e-18,37.39551372115887,15.79060613450069,
eb6efa67df,180,484,17908,179.08,101.12547051046991,5.6105346167111116e-18,37.39551372115887,17.02170295895852,
eb6efa67df,180,485,17945,179.45,101.12547051046991,5.467543110479553e-18,37.39551372115887,16.40456069808788,
eb6efa67df,180,486,17982,179.82,101.12547051046991,,37.39551372115887,19.08361528993861,
3936ead4c8,180,0,0,0.0,516651013610901.0,23.246349205336028,119640441474639.08,47643894053780.586,"ProjectedCommonDirectionsConfig(subspace_frac_grads=0.09, subspace_frac_updates=0, subspace_frac_random=0.09, direction_str=sd, random_proj=True, random_proj_dim_frac=0.2, ensemble=haar, inner_use_full_grad=True, orth_P_k=True, beta=0.001, tau=0.5, c_const=inf, N_try=200, alpha_max=100, p_const=1)"
3936ead4c8,180,1,37,0.37,115125080085782.55,11.441581000017846,56476052944393.34,17924588707989.523,
3936ead4c8,180,2,74,0.74,41491844812903.0,4.077473259360272,33904764837956.7,15345168424384.906,
3936ead4c8,180,3,111,1.11,678428989900.9419,0.5666811542754774,4335423853095.2974,1780085549947.7544,
3936ead4c8,180,4,148,1.48,74929447626.94528,0.19636319434455846,1440806401067.346,683993836710.4861,
3936ead4c8,180,5,185,1.85,15069747564.800882,0.08891845472021381,646148516117.0249,297545369207.24316,
3936ead4c8,180,6,222,2.22,3425731913.341288,0.0458400365778087,308074707180.409,142219704735.41162,
3936ead4c8,180,7,259,2.59,1808302188.0768514,0.03359158941573306,223828227630.9379,98569483479.45506,
3936ead4c8,180,8,296,2.96,1034675559.6119236,0.025374194079379683,169309543251.22794,63897727844.48857,
3936ead4c8,180,9,333,3.33,584398219.0955704,0.01848694589288921,127242961461.03415,54860105199.31433,
3936ead4c8,180,10,370,3.7,243968918.69991353,0.012569631275846418,82214141226.86656,36641582285.425156,
3936ead4c8,180,11,407,4.07,165186375.5510359,0.010385542256044478,67649772927.14067,32873076779.185432,
3936ead4c8,180,12,444,4.44,115976193.7976834,0.008689528250629708,56684406065.744026,22637453871.104656,
3936ead4c8,180,13,481,4.81,80394137.62352808,0.007164447464165815,47194488266.96529,17679080080.492344,
3936ead4c8,180,14,518,5.18,51084767.98590665,0.005910635332309474,37620507234.038345,18971679347.318283,
3936ead4c8,180,15,555,5.55,43703899.895487495,0.00547109294426079,34796772034.7269,15125547740.210129,
3936ead4c8,180,16,592,5.92,37623345.08904794,0.0050080768072495035,32285497528.116783,14904141639.340462,
3936ead4c8,180,17,629,6.29,28897673.805957988,0.004524034367054776,28295022680.136276,16047607983.69338,
3936ead4c8,180,18,666,6.66,28526910.59745771,0.004378063961597982,28112920520.852562,10743467422.380728,
3936ead4c8,180,19,703,7.03,22660114.08533484,0.00391303710639643,25055867340.375072,10179849549.90883,
3936ead4c8,180,20,740,7.4,18435851.580242343,0.003467396140249765,22600069489.051334,9834612705.198044,
3936ead4c8,180,21,777,7.77,12873468.082612658,0.002975160907612557,18885367419.81995,7722085928.901103,
3936ead4c8,180,22,814,8.14,11263718.14941066,0.0027856273332996545,17665189548.425484,8571472418.598241,
3936ead4c8,180,23,851,8.51,9934315.367597159,0.0026282455468691706,16589990026.18961,9887523707.535486,
3936ead4c8,180,24,888,8.88,9102396.285310216,0.0024990440105080174,15880158073.978813,6672625386.251608,
3936ead4c8,180,25,925,9.25,7893716.809384556,0.0023180420126502417,14788269383.152622,5626821378.694767,
3936ead4c8,180,26,962,9.62,6623983.111807013,0.0020433905027336416,13546766876.19582,6709446347.7721405,
3936ead4c8,180,27,999,9.99,3971507.8643470914,0.0016134951466223028,10489421767.360188,4688280639.871851,
3936ead4c8,180,28,1036,10.36,2836765.2159740077,0.0013684803134822432,8865093480.634167,4013122525.0130343,
3936ead4c8,180,29,1073,10.73,2089669.215422365,0.0011629193405919215,7608650365.800946,3693170860.862519,
3936ead4c8,180,30,1110,11.1,1411039.0256762041,0.0009694085735897618,6252206502.59889,3129110849.6192946,
3936ead4c8,180,31,1147,11.47,1079757.157096485,0.0008357309927800711,5469178170.493266,1908501254.0473995,
3936ead4c8,180,32,1184,11.84,727665.9263110879,0.0006817681119775062,4489678098.565817,1830175519.081272,
3936ead4c8,180,33,1221,12.21,463666.33925238193,0.0005242355417715583,3583725883.7119465,1735997120.9686458,
3936ead4c8,180,34,1258,12.58,207397.40326587076,0.00036384091982433913,2396487212.8285036,1301767179.4226522,
3936ead4c8,180,35,1295,12.95,131946.23490189962,0.00028601577228135576,1911223058.9293458,850435522.604274,
3936ead4c8,180,36,1332,13.32,73563.2503497059,0.00021889091564095047,1426629194.199648,724021668.5082589,
3936ead4c8,180,37,1369,13.69,51422.27851143142,0.00017902807025813302,1192415373.4456604,530479348.4886624,
3936ead4c8,180,38,1406,14.06,29577.95041119326,0.00013609539136234656,903690496.5378127,391382948.5574448,
3936ead4c8,180,39,1443,14.43,17517.44988738228,0.00010699587580198676,694636527.4222231,364839258.8233023,
3936ead4c8,180,40,1480,14.8,12690.176248990914,9.112190180366672e-05,590576085.2325358,262238902.65206563,
3936ead4c8,180,41,1517,15.17,9336.116214031366,7.979723801199684e-05,505821862.3741507,248086359.92096573,
3936ead4c8,180,42,1554,15.54,8274.923744686314,7.427070940718243e-05,475873281.7290953,192031072.8573353,
3936ead4c8,180,43,1591,15.91,6715.30168984788,6.610882105966817e-05,428072416.9670571,180004482.66604775,
3936ead4c8,180,44,1628,16.28,4991.504330017365,5.829379496168294e-05,368087116.3740164,195362372.01489285,
3936ead4c8,180,45,1665,16.65,4569.485789444,5.5181052590470484e-05,351846679.8655883,178260709.92730686,
3936ead4c8,180,46,1702,17.02,3867.5520225660707,5.060497622335755e-05,323030935.7281859,116999131.90252373,
3936ead4c8,180,47,1739,17.39,3246.212027597207,4.5808132542290924e-05,295185938.2525915,168964549.88091806,
3936ead4c8,180,48,1776,17.76,2525.545385776412,4.0760328690768806e-05,259169138.71326384,120967238.65246202,
3936ead4c8,180,49,1813,18.13,2193.000633203224,3.7504178434474416e-05,240739439.90042248,102764339.43951379,
3936ead4c8,180,50,1850,18.5,1767.8684447918056,3.25419841692394e-05,214888750.49226904,66889276.65964387,
3936ead4c8,180,51,1887,18.87,1137.0715902267893,2.6364564727943947e-05,169413473.93785408,72308446.44754326,
3936ead4c8,180,52,1924,19.24,919.1496672671805,2.2912976678662e-05,150543649.15999863,52881222.646141164,
3936ead4c8,180,53,1961,19.61,633.195845738698,1.8798650601995298e-05,121412640.25595136,64847539.34097408,
3936ead4c8,180,54,1998,19.98,503.38117556371844,1.6188378516121883e-05,105567556.69635957,49031630.75657105,
3936ead4c8,180,55,2035,20.35,380.76088866151264,1.3588011843664502e-05,88018801.92075703,26287549.535758104,
3936ead4c8,180,56,2072,20.72,307.21658994799276,1.146670114713184e-05,75562967.15104115,29173863.788315326,
3936ead4c8,180,57,2109,21.09,231.6418580080631,9.067795822014614e-06,60132863.65235907,22665082.14853596,
3936ead4c8,180,58,2146,21.46,179.17004415641233,6.9753770607561586e-06,46499760.95009868,16800516.093327254,
3936ead4c8,180,59,2183,21.83,145.59156221685404,5.378639582919031e-06,35098927.299935214,18294185.844606068,
3936ead4c8,180,60,2220,22.2,131.8530170829222,4.4458245247856555e-06,29177179.473100904,15037809.959993701,
3936ead4c8,180,61,2257,22.57,121.31445112793514,3.518397026697798e-06,23650294.85229319,11599960.782998804,
3936ead4c8,180,62,2294,22.94,111.76360376888621,2.5454861328738527e-06,17167698.480084546,6831401.498692611,
3936ead4c8,180,63,2331,23.31,106.55504723155273,1.8608273365362185e-06,12264853.101785524,4560056.393776081,
3936ead4c8,180,64,2368,23.68,104.55786666918891,1.5042133406839876e-06,9751649.14528763,3894257.003980631,
3936ead4c8,180,65,2405,24.05,103.63758096232176,1.2839176004031894e-06,8342548.282767257,3001503.7995025893,
3936ead4c8,180,66,2442,24.42,102.9278344808838,1.0804624753766419e-06,7066438.965653711,3360561.795391148,
3936ead4c8,180,67,2479,24.79,102.3466375735891,9.090346140845783e-07,5816569.270007459,3331407.81376478,
3936ead4c8,180,68,2516,25.16,102.12496390013007,8.323888322616199e-07,5262223.944654267,2821417.21906853,
3936ead4c8,180,69,2553,25.53,102.02988387599332,7.792485708946238e-07,5005677.305712946,1688812.5839362314,
3936ead4c8,180,70,2590,25.9,101.84159748008206,6.811585520566092e-07,4454247.836901821,1605122.859891636,
3936ead4c8,180,71,2627,26.27,101.61131384959381,5.670899668749316e-07,3668829.1534743914,1388362.3072804755,
3936ead4c8,180,72,2664,26.64,101.48743610482393,4.805424188516766e-07,3166744.3701224425,1433897.8657533769,
3936ead4c8,180,73,2701,27.01,101.3546500612044,3.793247422431015e-07,2519807.0842117597,964048.5046092537,
3936ead4c8,180,74,2738,27.38,101.26036546471494,2.9515089655679765e-07,1933201.8884818393,986692.9227367745,
3936ead4c8,180,75,2775,27.75,101.21567510012022,2.436922967900267e-07,1580860.9477197032,723571.8453128721,
3936ead4c8,180,76,2812,28.12,101.1911168937197,2.0211107144675797e-07,1348604.9817524785,626684.2892892715,
3936ead4c8,180,77,2849,28.49,101.16254408477195,1.532905619176918e-07,1013471.5736514378,533606.0363619517,
3936ead4c8,180,78,2886,28.86,101.14826071876105,1.2045781764737053e-07,794609.0012521192,385494.308460997,
3936ead4c8,180,79,2923,29.23,101.13976949666224,9.625346403126629e-08,629407.4972247115,241783.5599798106,
3936ead4c8,180,80,2960,29.6,101.1351735017758,7.929648369759663e-08,518480.0516294541,209681.94200212945,
3936ead4c8,180,81,2997,29.97,101.13205978026626,6.578543866276656e-08,427265.5457575134,195245.87841061465,
3936ead4c8,180,82,3034,30.34,101.13021651267307,5.525908323082001e-08,362612.7787328163,139210.9563628329,
3936ead4c8,180,83,3071,30.71,101.12859209376595,4.4457394357716445e-08,294080.79440515995,124271.02978817765,
3936ead4c8,180,84,3108,31.08,101.12738034573374,3.4124220726677975e-08,230026.0934414528,95691.74437166656,
3936ead4c8,180,85,3145,31.45,101.12645016910216,2.4314598500545763e-08,164746.4158718766,75162.35860840316,
3936ead4c8,180,86,3182,31.82,101.12594867998088,1.725102977901608e-08,115098.06562513947,52331.36953403394,
3936ead4c8,180,87,3219,32.19,101.1257407988786,1.3080887383501337e-08,86534.43889822108,45129.8192622222,
3936ead4c8,180,88,3256,32.56,101.12563577843422,1.0303610975120077e-08,67665.41121272893,30309.79060472547,
3936ead4c8,180,89,3293,32.93,101.12557845889492,8.291063119834335e-09,54686.48555706987,22561.39141647683,
3936ead4c8,180,90,3330,33.3,101.12553831168157,6.51054306213536e-09,43338.98612944893,19503.163001522043,
3936ead4c8,180,91,3367,33.67,101.12550965681372,4.96055000354666e-09,32931.095242164534,16111.031032686957,
3936ead4c8,180,92,3404,34.04,101.1254936910531,3.774393362552993e-09,25339.841867413616,12774.922363789983,
3936ead4c8,180,93,3441,34.41,101.12548287020918,2.7778638853931436e-09,18502.015182582436,7026.911433756926,
3936ead4c8,180,94,3478,34.78,101.12547761115097,2.0892574109275587e-09,14021.79625465905,5756.155136816151,
3936ead4c8,180,95,3515,35.15,101.12547430979703,1.5447490384854291e-09,10254.297560225197,3790.530928052327,
3936ead4c8,180,96,3552,35.52,101.12547276313981,1.2108449301873469e-09,7892.856121103504,3783.8602294659518,
3936ead4c8,180,97,3589,35.89,101.12547208318985,1.0045529144653142e-09,6592.908600210875,3165.967820072629,
3936ead4c8,180,98,3626,36.26,101.1254715444949,8.223255851582577e-10,5343.318540660542,2524.73697754739,
3936ead4c8,180,99,3663,36.63,101.12547125353936,6.964397946599507e-10,4525.7234331844875,1828.3662969654677,
3936ead4c8,180,100,3700,37.0,101.12547104467988,5.796925962890931e-10,3831.799671947569,1967.0869141613703,
3936ead4c8,180,101,3737,37.37,101.1254708404785,4.530408226590739e-10,3007.179531210837,1078.7192342987216,
3936ead4c8,180,102,3774,37.74,101.12547070785955,3.5077090567409354e-10,2315.2994556912945,912.5970958475715,
3936ead4c8,180,103,3811,38.11,101.12547063406087,2.732729690132873e-10,1828.8754460024577,731.8532471571856,
3936ead4c8,180,104,3848,38.48,101.12547058115403,2.0884003095188745e-10,1355.3781469314008,550.2960058510633,
3936ead4c8,180,105,3885,38.85,101.1254705632939,1.7387683792978624e-10,1153.9943019256796,433.0326567667785,
3936ead4c8,180,106,3922,39.22,101.12547054312584,1.3630758049449122e-10,889.0520727925367,464.11631225164007,
3936ead4c8,180,107,3959,39.59,101.12547053482798,1.1362380432557413e-10,740.65873625915,321.7376897295188,
3936ead4c8,180,108,3996,39.96,101.12547052827058,9.17432556273405e-11,618.6522442602165,312.4369686662386,
3936ead4c8,180,109,4033,40.33,101.1254705202364,6.5406967541391e-11,442.31299110574247,184.9908379405072,
3936ead4c8,180,110,4070,40.7,101.12547051761642,2.3821464501628755e-11,311.94028827336,157.03212456879686,
3936ead4c8,180,111,4107,41.07,101.12547051619339,1.709604350991397e-11,28.218740386455657,10.792188336787564,
3936ead4c8,180,112,4144,41.44,101.12547051502168,2.6115608177703942e-11,173.70886714013517,86.60848766564814,
3936ead4c8,180,113,4181,41.81,101.12547051480216,2.505024775917804e-12,132.47110274801508,54.381277082224194,
3936ead4c8,180,114,4218,42.18,101.12547051461311,3.808705658153392e-12,102.9198898932265,49.36645946277584,
3936ead4c8,180,115,4255,42.55,101.12547051390429,4.5023283220857495e-12,58.95479724846768,30.936754235107614,
3936ead4c8,180,116,4292,42.92,101.1254705129192,6.543419253516726e-12,5.326518239057491,2.408032444475806,
3936ead4c8,180,117,4329,43.29,101.12547051272611,2.1900760048845004e-14,73.02949144748385,23.952034919078596,
3936ead4c8,180,118,4366,43.66,101.12547051230716,2.715257339211158e-15,72.76518524854642,28.223192708429792,
3936ead4c8,180,119,4403,44.03,101.12547051167279,5.65547991278843e-12,72.73661184727189,34.97984977282914,
3936ead4c8,180,120,4440,44.4,101.12547051103871,6.170707349064575e-16,4.15426236030083,1.1521432745287683,
3936ead4c8,180,121,4477,44.77,101.12547051091228,1.570924356396612e-16,4.150490410276952,2.002326739969676,
3936ead4c8,180,122,4514,45.14,101.12547051085983,3.8944387574834165e-17,4.150195431021194,1.6028856976950847,
3936ead4c8,180,123,4551,45.51,101.12547051085983,1.5943069773360926e-16,4.150195431021194,2.1888641173035492,
3936ead4c8,180,124,4588,45.88,101.12547051085532,7.936197059218261e-17,4.150048455973333,1.8260185717432778,
3936ead4c8,180,125,4625,46.25,101.12547051084802,1.9582210536861275e-17,4.150034631282516,1.77425271503631,
3936ead4c8,180,126,4662,46.62,101.12547051084802,8.000748359902452e-17,4.150034631282516,1.5844667882052983,
3936ead4c8,180,127,4699,46.99,101.12547051084317,9.776623894675891e-18,4.150001346586358,1.5343927407710622,
3936ead4c8,180,128,4736,47.36,101.12547051084317,3.0804258717424797e-16,4.150001346586358,1.628994715270199,
3936ead4c8,180,129,4773,47.73,101.12547051080571,1.5775457169229916e-16,4.149263694010814,1.7276446410131776,
3936ead4c8,180,130,4810,48.1,101.12547051078448,1.5155878387618655e-16,4.149040504317394,1.5334739099870383,
3936ead4c8,180,131,4847,48.47,101.12547051069477,1.4973583415314653e-16,4.148766279731695,1.1417703519037272,
3936ead4c8,180,132,4884,48.84,101.12547051068005,2.931728537998457e-16,4.148533738825038,1.9286687248089445,
3936ead4c8,180,133,4921,49.21,101.12547051061932,3.04859750053459e-16,4.147624774624677,2.270470297318533,
3936ead4c8,180,134,4958,49.58,101.12547051049067,3.038617306140244e-16,4.146573281721138,1.7925703207992774,
3936ead4c8,180,135,4995,49.95,101.12547051047284,9.354155859823772e-18,4.14553148669086,1.8676025407944892,
3936ead4c8,180,136,5032,50.32,101.12547051047284,1.917526425559833e-17,4.14553148669086,2.232506678872533,
3936ead4c8,180,137,5069,50.69,101.12547051047284,9.709830893620955e-18,4.14553148669086,1.7954940305104887,
3936ead4c8,180,138,5106,51.06,101.12547051047284,9.398815567243669e-18,4.14553148669086,1.5576100077229045,
3936ead4c8,180,139,5143,51.43,101.12547051047284,1.5215239557859972e-16,4.14553148669086,1.8584312309972617,
3936ead4c8,180,140,5180,51.8,101.12547051045574,7.966770604213211e-17,4.14526267785012,2.182941977843046,
3936ead4c8,180,141,5217,52.17,101.12547051045306,1.0043383511944386e-17,4.145227082335381,2.085381750822322,
3936ead4c8,180,142,5254,52.54,101.12547051045306,9.629181327924111e-18,4.145227082335381,2.037536557119415,
3936ead4c8,180,143,5291,52.91,101.12547051045306,1.9323548738648064e-17,4.145227082335381,1.7802436563257489,
3936ead4c8,180,144,5328,53.28,101.12547051045306,1.914627863409585e-17,4.145227082335381,1.3603087220463077,
3936ead4c8,180,145,5365,53.65,101.12547051045306,1.9567731465237304e-17,4.145227082335381,2.1307123231391287,
3936ead4c8,180,146,5402,54.02,101.12547051045306,1.9539442510764914e-17,4.145227082335381,2.1757691759008644,
3936ead4c8,180,147,5439,54.39,101.12547051045306,3.950163080348476e-17,4.145227082335381,1.1861076515056252,
3936ead4c8,180,148,5476,54.76,101.12547051045306,1.942139406253108e-17,4.145227082335381,1.8483097661979304,
3936ead4c8,180,149,5513,55.13,101.12547051045306,1.951719163931757e-17,4.145227082335381,2.1560963807697755,
3936ead4c8,180,150,5550,55.5,101.12547051045306,3.7962985490699133e-17,4.145227082335381,1.948445026618856,
3936ead4c8,180,151,5587,55.87,101.12547051045306,3.8813455770570434e-17,4.145227082335381,2.1709736762816605,
3936ead4c8,180,152,5624,56.24,101.12547051045306,3.825159947837911e-17,4.145227082335381,1.4565522294890845,
3936ead4c8,180,153,5661,56.61,101.12547051045306,1.9512055192078387e-17,4.145227082335381,1.2893723837594602,
3936ead4c8,180,154,5698,56.98,101.12547051045306,3.17982389997297e-16,4.145227082335381,2.2194776450608122,
3936ead4c8,180,155,5735,57.35,101.12547051036859,1.5712607604720584e-16,4.143835680528415,2.0537363981149905,
3936ead4c8,180,156,5772,57.72,101.12547051036285,2.0145091366583468e-17,4.143423729300519,1.608469405505607,
3936ead4c8,180,157,5809,58.09,101.12547051036285,1.9584053283361688e-17,4.143423729300519,1.7831370892727543,
3936ead4c8,180,158,5846,58.46,101.12547051036285,1.9537187280231524e-17,4.143423729300519,1.9723264439787553,
3936ead4c8,180,159,5883,58.83,101.12547051036285,1.970605781622902e-17,4.143423729300519,1.745364932329627,
3936ead4c8,180,160,5920,59.2,101.12547051036285,3.138339679980439e-16,4.143423729300519,1.5727420524116087,
3936ead4c8,180,161,5957,59.57,101.12547051035132,3.8802840773077497e-17,4.142088394420448,1.6450866640939337,
3936ead4c8,180,162,5994,59.94,101.12547051034522,3.1319938906407694e-16,4.142072023378026,1.9926704678622027,
3936ead4c8,180,163,6031,60.31,101.12547051031547,7.677907266255818e-17,4.140791162844401,1.8776534317025,
3936ead4c8,180,164,6068,60.68,101.12547051029969,1.986424629529026e-17,4.14077300412055,2.0452737357806114,
3936ead4c8,180,165,6105,61.05,101.12547051029969,1.988172703996356e-17,4.14077300412055,2.0263219646708137,
3936ead4c8,180,166,6142,61.42,101.12547051029969,2.0008976664077936e-17,4.14077300412055,2.5001378176278406,
3936ead4c8,180,167,6179,61.79,101.12547051029969,3.993935983249288e-17,4.14077300412055,2.0483165137855686,
3936ead4c8,180,168,6216,62.16,101.12547051029969,1.975512829469608e-17,4.14077300412055,1.5024983243318843,
3936ead4c8,180,169,6253,62.53,101.12547051029969,3.141802958565788e-16,4.14077300412055,1.4800438350550797,
3936ead4c8,180,170,6290,62.9,101.12547051022432,1.566991094758907e-16,4.139438387391951,2.013929537688603,
3936ead4c8,180,171,6327,63.27,101.12547051021265,1.5549124234362688e-16,4.139214212622258,1.9610133819976077,
3936ead4c8,180,172,6364,63.64,101.12547051016547,1.9470447513049847e-17,4.139008838793128,2.0535986848153134,
3936ead4c8,180,173,6401,64.01,101.12547051016547,3.1147009106336127e-16,4.139008838793128,1.9805068145709757,
3936ead4c8,180,174,6438,64.38,101.1254705101552,1.5801316877845596e-16,4.137937519172287,1.9332214712013747,
3936ead4c8,180,175,6475,64.75,101.12547051013912,7.770015944388251e-17,4.137642336985001,1.7363958946853224,
3936ead4c8,180,176,6512,65.12,101.12547051013081,3.961560030428539e-17,4.137590569094798,1.8535168732397524,
3936ead4c8,180,177,6549,65.49,101.12547051012861,7.90030586512222e-17,4.137576572759007,1.160997172366401,
3936ead4c8,180,178,6586,65.86,101.12547051012399,7.990801348216409e-17,4.137480009319905,1.9234991383408133,
3936ead4c8,180,179,6623,66.23,101.12547051011947,1.9999924943129035e-17,4.137405507536286,2.2376839283039383,
3936ead4c8,180,180,6660,66.6,101.12547051011947,2.0107402160867456e-17,4.137405507536286,1.9650380116030015,
3936ead4c8,180,181,6697,66.97,101.12547051011947,1.9319883157816862e-17,4.137405507536286,1.5565817892449383,
3936ead4c8,180,182,6734,67.34,101.12547051011947,1.9535673675707876e-17,4.137405507536286,2.3903375187312887,
3936ead4c8,180,183,6771,67.71,101.12547051011947,1.983487105322416e-17,4.137405507536286,1.7119554809495006,
3936ead4c8,180,184,6808,68.08,101.12547051011947,1.903530363060284e-17,4.137405507536286,1.3326849478865597,
3936ead4c8,180,185,6845,68.45,101.12547051011947,1.9303434787116414e-17,4.137405507536286,1.7313772131892886,
3936ead4c8,180,186,6882,68.82,101.12547051011947,1.953188411290621e-17,4.137405507536286,1.7413151120601145,
3936ead4c8,180,187,6919,69.19,101.12547051011947,1.9112420705277773e-17,4.137405507536286,2.0364617826507483,
3936ead4c8,180,188,6956,69.56,101.12547051011947,1.909587405324349e-17,4.137405507536286,1.6463871094524445,
3936ead4c8,180,189,6993,69.93,101.12547051011947,1.8673545045324018e-17,4.137405507536286,1.4612397354170397,
3936ead4c8,180,190,7030,70.3,101.12547051011947,3.870433604818054e-17,4.137405507536286,1.9245529200779914,
3936ead4c8,180,191,7067,70.67,101.12547051011947,3.740557679698864e-17,4.137405507536286,1.7404673645876985,
3936ead4c8,180,192,7104,71.04,101.12547051011947,3.766152377084743e-17,4.137405507536286,1.6121312067914086,
3936ead4c8,180,193,7141,71.41,101.12547051011947,1.8881341381443838e-17,4.137405507536286,1.9580768853960053,
3936ead4c8,180,194,7178,71.78,101.12547051011947,3.791316208372855e-17,4.137405507536286,1.921695444930928,
3936ead4c8,180,195,7215,72.15,101.12547051011947,3.784545897009519e-17,4.137405507536286,2.0562903422202106,
3936ead4c8,180,196,7252,72.52,101.12547051011947,1.9005529171814727e-17,4.137405507536286,1.5478301194822282,
3936ead4c8,180,197,7289,72.89,101.12547051011947,1.9360280502664835e-17,4.137405507536286,1.880325295647762,
3936ead4c8,180,198,7326,73.26,101.12547051011947,1.9606994746045955e-17,4.137405507536286,2.058408380550263,
3936ead4c8,180,199,7363,73.63,101.12547051011947,1.9256060385081278e-17,4.137405507536286,1.899836745637878,
3936ead4c8,180,200,7400,74.0,101.12547051011947,1.964116670570771e-17,4.137405507536286,1.945475327416291,
3936ead4c8,180,201,7437,74.37,101.12547051011947,1.9518530064844922e-17,4.137405507536286,1.8493831179366975,
3936ead4c8,180,202,7474,74.74,101.12547051011947,1.9603505552128297e-17,4.137405507536286,2.025758828275455,
3936ead4c8,180,203,7511,75.11,101.12547051011947,1.9397502488699923e-17,4.137405507536286,1.5186836170952693,
3936ead4c8,180,204,7548,75.48,101.12547051011947,1.9189962026833123e-17,4.137405507536286,1.7701901120255221,
3936ead4c8,180,205,7585,75.85,101.12547051011947,1.9919745553128758e-17,4.137405507536286,2.037313302634259,
3936ead4c8,180,206,7622,76.22,101.12547051011947,1.9632674937562692e-17,4.137405507536286,1.5998171316846204,
3936ead4c8,180,207,7659,76.59,101.12547051011947,2.0105741986587627e-17,4.137405507536286,2.4509035735333766,
3936ead4c8,180,208,7696,76.96,101.12547051011947,1.998960562220556e-17,4.137405507536286,2.103090464052841,
3936ead4c8,180,209,7733,77.33,101.12547051011947,1.9757284463622164e-17,4.137405507536286,1.4808042383399374,
3936ead4c8,180,210,7770,77.7,101.12547051011947,1.9389899984171998e-17,4.137405507536286,1.4677460652390648,
3936ead4c8,180,211,7807,78.07,101.12547051011947,1.9591362715657626e-17,4.137405507536286,2.2541503584246874,
3936ead4c8,180,212,7844,78.44,101.12547051011947,1.919050124083849e-17,4.137405507536286,1.8029831727822723,
3936ead4c8,180,213,7881,78.81,101.12547051011947,1.91096572247545e-17,4.137405507536286,1.8605726051373177,
3936ead4c8,180,214,7918,79.18,101.12547051011947,1.966474352094933e-17,4.137405507536286,2.0344346840818215,
3936ead4c8,180,215,7955,79.55,101.12547051011947,1.9189957408930346e-17,4.137405507536286,1.4909362106045636,
3936ead4c8,180,216,7992,79.92,101.12547051011947,1.8641128745587192e-17,4.137405507536286,1.6935726910379505,
3936ead4c8,180,217,8029,80.29,101.12547051011947,1.826723787149443e-17,4.137405507536286,1.6561249355631107,
3936ead4c8,180,218,8066,80.66,101.12547051011947,1.840641657862586e-17,4.137405507536286,1.6535048710305138,
3936ead4c8,180,219,8103,81.03,101.12547051011947,9.345993325986161e-18,4.137405507536286,1.8460291925511008,
3936ead4c8,180,220,8140,81.4,101.12547051011947,1.8697698041445337e-17,4.137405507536286,1.7119902184054843,
3936ead4c8,180,221,8177,81.77,101.12547051011947,1.923030705041768e-17,4.137405507536286,1.8090435183493785,
3936ead4c8,180,222,8214,82.14,101.12547051011947,1.918578682536619e-17,4.137405507536286,1.8393414126084375,
3936ead4c8,180,223,8251,82.51,101.12547051011947,9.804315376777668e-18,4.137405507536286,1.5594951599956155,
3936ead4c8,180,224,8288,82.88,101.12547051011947,1.9699326576272885e-17,4.137405507536286,1.9247332782648738,
3936ead4c8,180,225,8325,83.25,101.12547051011947,9.89120545968722e-18,4.137405507536286,1.8771063044689185,
3936ead4c8,180,226,8362,83.62,101.12547051011947,1.0004779723795661e-17,4.137405507536286,1.7629426498262202,
3936ead4c8,180,227,8399,83.99,101.12547051011947,1.9831079923021418e-17,4.137405507536286,2.038826101767553,
3936ead4c8,180,228,8436,84.36,101.12547051011947,1.9164067008378628e-17,4.137405507536286,1.8804716826314316,
3936ead4c8,180,229,8473,84.73,101.12547051011947,1.9161367175989654e-17,4.137405507536286,2.0435881291678255,
3936ead4c8,180,230,8510,85.1,101.12547051011947,1.9033586728894825e-17,4.137405507536286,2.113929125615346,
3936ead4c8,180,231,8547,85.47,101.12547051011947,1.9583047648155722e-17,4.137405507536286,1.4933765801916397,
3936ead4c8,180,232,8584,85.84,101.12547051011947,1.9288960627308602e-17,4.137405507536286,2.0636409543476213,
3936ead4c8,180,233,8621,86.21,101.12547051011947,1.9323007719952626e-17,4.137405507536286,1.6368366640654346,
3936ead4c8,180,234,8658,86.58,101.12547051011947,1.9074182263652472e-17,4.137405507536286,1.9733374597110889,
3936ead4c8,180,235,8695,86.95,101.12547051011947,1.9323502616184577e-17,4.137405507536286,1.15428029756028,
3936ead4c8,180,236,8732,87.32,101.12547051011947,1.8763503941797927e-17,4.137405507536286,1.4098954217851725,
3936ead4c8,180,237,8769,87.69,101.12547051011947,1.8969311772786162e-17,4.137405507536286,1.7444743432753347,
3936ead4c8,180,238,8806,88.06,101.12547051011947,1.898452104830251e-17,4.137405507536286,2.055618338323032,
3936ead4c8,180,239,8843,88.43,101.12547051011947,3.7994897460196354e-17,4.137405507536286,1.7255044174923542,
3936ead4c8,180,240,8880,88.8,101.12547051011947,1.9018969687783037e-17,4.137405507536286,1.9313598791214623,
3936ead4c8,180,241,8917,89.17,101.12547051011947,3.844112700833577e-17,4.137405507536286,2.298246681399888,
3936ead4c8,180,242,8954,89.54,101.12547051011947,3.815150043566737e-17,4.137405507536286,1.8956964771658018,
3936ead4c8,180,243,8991,89.91,101.12547051011947,3.8843425186201014e-17,4.137405507536286,2.149517521868369,
3936ead4c8,180,244,9028,90.28,101.12547051011947,1.931173517661237e-17,4.137405507536286,1.7130253673159417,
3936ead4c8,180,245,9065,90.65,101.12547051011947,1.9426694416057843e-17,4.137405507536286,1.483034078266091,
3936ead4c8,180,246,9102,91.02,101.12547051011947,1.9480656678220533e-17,4.137405507536286,2.0602441743371,
3936ead4c8,180,247,9139,91.39,101.12547051011947,1.9985364880047855e-17,4.137405507536286,2.1043450641635286,
3936ead4c8,180,248,9176,91.76,101.12547051011947,1.937011432800861e-17,4.137405507536286,1.2985983694473504,
3936ead4c8,180,249,9213,92.13,101.12547051011947,2.0157077508218855e-17,4.137405507536286,1.7003133504340942,
3936ead4c8,180,250,9250,92.5,101.12547051011947,1.9809609457599463e-17,4.137405507536286,1.61295455304831,
3936ead4c8,180,251,9287,92.87,101.12547051011947,1.9662059934455344e-17,4.137405507536286,2.1972475934754314,
3936ead4c8,180,252,9324,93.24,101.12547051011947,2.02642449553379e-17,4.137405507536286,2.137994349534213,
3936ead4c8,180,253,9361,93.61,101.12547051011947,1.9159725158800985e-17,4.137405507536286,1.6570322984285693,
3936ead4c8,180,254,9398,93.98,101.12547051011947,1.8973991992389605e-17,4.137405507536286,1.692394388862461,
3936ead4c8,180,255,9435,94.35,101.12547051011947,3.7850009103134884e-17,4.137405507536286,2.0226380119427274,
3936ead4c8,180,256,9472,94.72,101.12547051011947,1.896525561294838e-17,4.137405507536286,1.9434461308117115,
3936ead4c8,180,257,9509,95.09,101.12547051011947,9.466239931374608e-18,4.137405507536286,1.790945867645439,
3936ead4c8,180,258,9546,95.46,101.12547051011947,1.9131887961417265e-17,4.137405507536286,1.9117999034660214,
3936ead4c8,180,259,9583,95.83,101.12547051011947,1.9411557396099165e-17,4.137405507536286,1.882085528347872,
3936ead4c8,180,260,9620,96.2,101.12547051011947,1.9280387135378272e-17,4.137405507536286,1.200874302187951,
3936ead4c8,180,261,9657,96.57,101.12547051011947,3.783304867786093e-17,4.137405507536286,1.8482909101922653,
3936ead4c8,180,262,9694,96.94,101.12547051011947,3.784043705009219e-17,4.137405507536286,1.728175014538938,
3936ead4c8,180,263,9731,97.31,101.12547051011947,1.9585098300094814e-17,4.137405507536286,2.3161563406710535,
3936ead4c8,180,264,9768,97.68,101.12547051011947,1.964303006184198e-17,4.137405507536286,1.7398384385218033,
3936ead4c8,180,265,9805,98.05,101.12547051011947,1.9434393778754174e-17,4.137405507536286,1.840611679782842,
3936ead4c8,180,266,9842,98.42,101.12547051011947,3.9126658830407314e-17,4.137405507536286,1.4435927867103022,
3936ead4c8,180,267,9879,98.79,101.12547051011947,1.9155162177724727e-17,4.137405507536286,1.810506021364626,
3936ead4c8,180,268,9916,99.16,101.12547051011947,1.9509166329701166e-17,4.137405507536286,1.5888639157290962,
3936ead4c8,180,269,9953,99.53,101.12547051011947,1.9499758945861116e-17,4.137405507536286,2.031646735250454,
3936ead4c8,180,270,9990,99.9,101.12547051011947,9.533282475449014e-18,4.137405507536286,1.886695483003651,
3936ead4c8,180,271,10027,100.27,101.12547051011947,9.514625152684597e-18,4.137405507536286,1.7183499751380091,
3936ead4c8,180,272,10064,100.64,101.12547051011947,1.876255183485005e-17,4.137405507536286,1.8539621113134814,
3936ead4c8,180,273,10101,101.01,101.12547051011947,9.541898625623934e-18,4.137405507536286,1.2976414188932939,
3936ead4c8,180,274,10138,101.38,101.12547051011947,9.27033273405084e-18,4.137405507536286,1.6287921997530368,
3936ead4c8,180,275,10175,101.75,101.12547051011947,9.422311367556387e-18,4.137405507536286,1.9189687989698094,
3936ead4c8,180,276,10212,102.12,101.12547051011947,9.317185721413726e-18,4.137405507536286,1.8945525225471644,
3936ead4c8,180,277,10249,102.49,101.12547051011947,9.662226255696264e-18,4.137405507536286,2.143345419002749,
3936ead4c8,180,278,10286,102.86,101.12547051011947,9.380461399300768e-18,4.137405507536286,2.0418129984162876,
3936ead4c8,180,279,10323,103.23,101.12547051011947,9.480314878307714e-18,4.137405507536286,2.0046377561285587,
3936ead4c8,180,280,10360,103.6,101.12547051011947,9.827884844821012e-18,4.137405507536286,1.9578014897912652,
3936ead4c8,180,281,10397,103.97,101.12547051011947,9.614038021467367e-18,4.137405507536286,1.6992389796122924,
3936ead4c8,180,282,10434,104.34,101.12547051011947,9.907141745868907e-18,4.137405507536286,1.5109913930814534,
3936ead4c8,180,283,10471,104.71,101.12547051011947,1.5482387931362885e-16,4.137405507536286,1.4291983229688758,
3936ead4c8,180,284,10508,105.08,101.12547051011924,7.799867354205675e-17,4.137070919955892,1.3924443862119684,
3936ead4c8,180,285,10545,105.45,101.12547051011349,1.9128379369267075e-17,4.13702610570561,2.1079383720670464,
3936ead4c8,180,286,10582,105.82,101.12547051011349,9.481230336913009e-18,4.13702610570561,1.7655489506369053,
3936ead4c8,180,287,10619,106.19,101.12547051011349,1.8863089908384198e-17,4.13702610570561,1.8991743246801036,
3936ead4c8,180,288,10656,106.56,101.12547051011349,9.680241083260898e-18,4.13702610570561,1.6583797320284166,
3936ead4c8,180,289,10693,106.93,101.12547051011349,1.87005703406716e-17,4.13702610570561,1.7631980356303072,
3936ead4c8,180,290,10730,107.3,101.12547051011349,9.252160612085537e-18,4.13702610570561,1.659655951104971,
3936ead4c8,180,291,10767,107.67,101.12547051011349,1.9093845204762037e-17,4.13702610570561,2.1800839481729795,
3936ead4c8,180,292,10804,108.04,101.12547051011349,3.801399610824711e-17,4.13702610570561,1.720827664946751,
3936ead4c8,180,293,10841,108.41,101.12547051011349,1.9469851600773957e-17,4.13702610570561,1.944890857323053,
3936ead4c8,180,294,10878,108.78,101.12547051011349,1.9518531887133667e-17,4.13702610570561,1.636926437774262,
3936ead4c8,180,295,10915,109.15,101.12547051011349,1.9310380572673684e-17,4.13702610570561,1.3279604377088856,
3936ead4c8,180,296,10952,109.52,101.12547051011349,1.9482496083419243e-17,4.13702610570561,1.664127713018912,
3936ead4c8,180,297,10989,109.89,101.12547051011349,1.9370950552583912e-17,4.13702610570561,1.859815332043404,
3936ead4c8,180,298,11026,110.26,101.12547051011349,1.925433614552953e-17,4.13702610570561,1.7732242039470512,
3936ead4c8,180,299,11063,110.63,101.12547051011349,2.0018049796845125e-17,4.13702610570561,2.241237620411556,
3936ead4c8,180,300,11100,111.0,101.12547051011349,1.9572112989944743e-17,4.13702610570561,1.9619816440380293,
3936ead4c8,180,301,11137,111.37,101.12547051011349,1.931378047624715e-17,4.13702610570561,2.060691121308463,
3936ead4c8,180,302,11174,111.74,101.12547051011349,1.961076981375682e-17,4.13702610570561,2.098329085715907,
3936ead4c8,180,303,11211,112.11,101.12547051011349,1.978487978014864e-17,4.13702610570561,1.626191642534215,
3936ead4c8,180,304,11248,112.48,101.12547051011349,1.9873712801038316e-17,4.13702610570561,1.8803202445965845,
3936ead4c8,180,305,11285,112.85,101.12547051011349,1.9971300409962844e-17,4.13702610570561,1.9653072686926396,
3936ead4c8,180,306,11322,113.22,101.12547051011349,1.9733396339298205e-17,4.13702610570561,2.3905090012141614,
3936ead4c8,180,307,11359,113.59,101.12547051011349,1.9553899379385323e-17,4.13702610570561,1.7419881975864377,
3936ead4c8,180,308,11396,113.96,101.12547051011349,1.9470566489716736e-17,4.13702610570561,1.4864733859868187,
3936ead4c8,180,309,11433,114.33,101.12547051011349,9.811815155579851e-18,4.13702610570561,1.7170873479325617,
3936ead4c8,180,310,11470,114.7,101.12547051011349,9.740754888632443e-18,4.13702610570561,2.562742502087659,
3936ead4c8,180,311,11507,115.07,101.12547051011349,9.858490546407275e-18,4.13702610570561,2.1521689632460976,
3936ead4c8,180,312,11544,115.44,101.12547051011349,9.756292536096861e-18,4.13702610570561,1.809726206037344,
3936ead4c8,180,313,11581,115.81,101.12547051011349,9.676691951462627e-18,4.13702610570561,1.7532451888444007,
3936ead4c8,180,314,11618,116.18,101.12547051011349,9.515048714801437e-18,4.13702610570561,1.5556298578464702,
3936ead4c8,180,315,11655,116.55,101.12547051011349,9.770975575790829e-18,4.13702610570561,2.1294074710624793,
3936ead4c8,180,316,11692,116.92,101.12547051011349,7.862127535865051e-17,4.13702610570561,1.937641798462797,
3936ead4c8,180,317,11729,117.29,101.12547051010685,3.872211452718884e-17,4.13697782528603,2.285464092163947,
3936ead4c8,180,318,11766,117.66,101.12547051009703,1.9389582294527964e-17,4.136958343212762,1.4840593871114696,
3936ead4c8,180,319,11803,118.03,101.12547051009703,1.8918127933572242e-17,4.136958343212762,1.7271684532637728,
3936ead4c8,180,320,11840,118.4,101.12547051009703,1.853548799983448e-17,4.136958343212762,1.6206532641869078,
3936ead4c8,180,321,11877,118.77,101.12547051009703,1.9301148153328137e-17,4.136958343212762,2.1519711134089246,
3936ead4c8,180,322,11914,119.14,101.12547051009703,1.9196058298721128e-17,4.136958343212762,1.987048257398583,
3936ead4c8,180,323,11951,119.51,101.12547051009703,1.9560065483778467e-17,4.136958343212762,1.716818213032611,
3936ead4c8,180,324,11988,119.88,101.12547051009703,3.8603422670218497e-17,4.136958343212762,1.9620641927921831,
3936ead4c8,180,325,12025,120.25,101.12547051009703,1.9393726046220653e-17,4.136958343212762,2.252110463645997,
3936ead4c8,180,326,12062,120.62,101.12547051009703,1.8782902749703506e-17,4.136958343212762,1.546111949928421,
3936ead4c8,180,327,12099,120.99,101.12547051009703,1.9070496319032877e-17,4.136958343212762,2.0024481205139444,
3936ead4c8,180,328,12136,121.36,101.12547051009703,1.9060061350492473e-17,4.136958343212762,1.4448734928321092,
3936ead4c8,180,329,12173,121.73,101.12547051009703,9.611902287079162e-18,4.136958343212762,2.0510221136482256,
3936ead4c8,180,330,12210,122.1,101.12547051009703,1.9570495869071968e-17,4.136958343212762,1.9116738516868828,
3936ead4c8,180,331,12247,122.47,101.12547051009703,1.886282839797188e-17,4.136958343212762,1.7862910907784568,
3936ead4c8,180,332,12284,122.84,101.12547051009703,1.920109072136744e-17,4.136958343212762,1.6958466650108048,
3936ead4c8,180,333,12321,123.21,101.12547051009703,1.891325062939223e-17,4.136958343212762,1.8891497356980078,
3936ead4c8,180,334,12358,123.58,101.12547051009703,1.890579878016451e-17,4.136958343212762,1.8622040818085814,
3936ead4c8,180,335,12395,123.95,101.12547051009703,1.875506266731599e-17,4.136958343212762,1.80130277056903,
3936ead4c8,180,336,12432,124.32,101.12547051009703,1.9439302062019465e-17,4.136958343212762,1.8377458130275295,
3936ead4c8,180,337,12469,124.69,101.12547051009703,1.9549558937639796e-17,4.136958343212762,2.0077121742638457,
3936ead4c8,180,338,12506,125.06,101.12547051009703,1.9098079921340142e-17,4.136958343212762,1.9274091730274623,
3936ead4c8,180,339,12543,125.43,101.12547051009703,1.870781328093217e-17,4.136958343212762,1.051706409560248,
3936ead4c8,180,340,12580,125.8,101.12547051009703,1.9129191410962972e-17,4.136958343212762,1.9867392088049847,
3936ead4c8,180,341,12617,126.17,101.12547051009703,1.927321414904505e-17,4.136958343212762,1.9651509761586312,
3936ead4c8,180,342,12654,126.54,101.12547051009703,1.9202675150767304e-17,4.136958343212762,1.6843900449266027,
3936ead4c8,180,343,12691,126.91,101.12547051009703,1.951926876061242e-17,4.136958343212762,1.9137741698894815,
3936ead4c8,180,344,12728,127.28,101.12547051009703,1.8917208530336413e-17,4.136958343212762,1.8360371411308427,
3936ead4c8,180,345,12765,127.65,101.12547051009703,9.808882878084409e-18,4.136958343212762,2.266270634459236,
3936ead4c8,180,346,12802,128.02,101.12547051009703,9.883400581497668e-18,4.136958343212762,1.8688252747086553,
3936ead4c8,180,347,12839,128.39,101.12547051009703,1.9573577094880528e-17,4.136958343212762,2.174459069808403,
3936ead4c8,180,348,12876,128.76,101.12547051009703,1.9611735159768065e-17,4.136958343212762,2.0041441371253557,
3936ead4c8,180,349,12913,129.13,101.12547051009703,1.90025360637757e-17,4.136958343212762,1.879907014318226,
3936ead4c8,180,350,12950,129.5,101.12547051009703,1.905638594878236e-17,4.136958343212762,1.4166785105802921,
3936ead4c8,180,351,12987,129.87,101.12547051009703,1.8728043641901166e-17,4.136958343212762,1.3916850655545963,
3936ead4c8,180,352,13024,130.24,101.12547051009703,1.9466545923160455e-17,4.136958343212762,1.8622191304928264,
3936ead4c8,180,353,13061,130.61,101.12547051009703,3.747839875310914e-17,4.136958343212762,1.4671367218949833,
3936ead4c8,180,354,13098,130.98,101.12547051009703,3.6885313213740436e-17,4.136958343212762,1.9736645400675994,
3936ead4c8,180,355,13135,131.35,101.12547051009703,7.50955379961713e-17,4.136958343212762,1.5741270465378843,
3936ead4c8,180,356,13172,131.72,101.12547051009703,3.900467907033329e-17,4.136958343212762,2.61686301037016,
3936ead4c8,180,357,13209,132.09,101.12547051009703,1.9121387860139297e-17,4.136958343212762,1.79162825795517,
3936ead4c8,180,358,13246,132.46,101.12547051009703,1.9050840473480397e-17,4.136958343212762,1.77131564362955,
3936ead4c8,180,359,13283,132.83,101.12547051009703,1.9283989712907816e-17,4.136958343212762,1.3905671323445103,
3936ead4c8,180,360,13320,133.2,101.12547051009703,1.944504580047865e-17,4.136958343212762,1.7651175655859805,
3936ead4c8,180,361,13357,133.57,101.12547051009703,1.91946151913403e-17,4.136958343212762,1.7422302706159059,
3936ead4c8,180,362,13394,133.94,101.12547051009703,9.792108131641886e-18,4.136958343212762,1.8569244799611484,
3936ead4c8,180,363,13431,134.31,101.12547051009703,9.766914087900154e-18,4.136958343212762,1.8739523261716564,
3936ead4c8,180,364,13468,134.68,101.12547051009703,9.777621907023644e-18,4.136958343212762,2.1540076616031607,
3936ead4c8,180,365,13505,135.05,101.12547051009703,1.9321479103357477e-17,4.136958343212762,1.6539656821034348,
3936ead4c8,180,366,13542,135.42,101.12547051009703,1.952485784442273e-17,4.136958343212762,2.1407494617556453,
3936ead4c8,180,367,13579,135.79,101.12547051009703,9.79190834412036e-18,4.136958343212762,2.4804340297767107,
3936ead4c8,180,368,13616,136.16,101.12547051009703,1.960767468688386e-17,4.136958343212762,1.665278295374379,
3936ead4c8,180,369,13653,136.53,101.12547051009703,1.9504519299482225e-17,4.136958343212762,1.6092122321057258,
3936ead4c8,180,370,13690,136.9,101.12547051009703,2.0022285294967934e-17,4.136958343212762,2.0955222407913228,
3936ead4c8,180,371,13727,137.27,101.12547051009703,1.9677802280553174e-17,4.136958343212762,1.6962829503732582,
3936ead4c8,180,372,13764,137.64,101.12547051009703,1.984938078570827e-17,4.136958343212762,2.043063923655789,
3936ead4c8,180,373,13801,138.01,101.12547051009703,1.978521147383569e-17,4.136958343212762,2.049345139990124,
3936ead4c8,180,374,13838,138.38,101.12547051009703,2.0071579431768123e-17,4.136958343212762,2.039641639032452,
3936ead4c8,180,375,13875,138.75,101.12547051009703,2.0102674300065392e-17,4.136958343212762,1.680651686870034,
3936ead4c8,180,376,13912,139.12,101.12547051009703,2.0025088004398663e-17,4.136958343212762,1.6242495977338343,
3936ead4c8,180,377,13949,139.49,101.12547051009703,1.9791506838968412e-17,4.136958343212762,1.2592486570986414,
3936ead4c8,180,378,13986,139.86,101.12547051009703,1.9859389199594007e-17,4.136958343212762,1.4870085023445472,
3936ead4c8,180,379,14023,140.23,101.12547051009703,1.8730344813480502e-17,4.136958343212762,1.2805337230195406,
3936ead4c8,180,380,14060,140.6,101.12547051009703,1.9188321690954262e-17,4.136958343212762,2.0530904712951408,
3936ead4c8,180,381,14097,140.97,101.12547051009703,1.8557628987371973e-17,4.136958343212762,2.1324965160885156,
3936ead4c8,180,382,14134,141.34,101.12547051009703,1.8870653107558583e-17,4.136958343212762,1.7211744038772572,
3936ead4c8,180,383,14171,141.71,101.12547051009703,1.859183400951035e-17,4.136958343212762,1.9037925967672844,
3936ead4c8,180,384,14208,142.08,101.12547051009703,1.936960093453052e-17,4.136958343212762,2.1525202348408903,
3936ead4c8,180,385,14245,142.45,101.12547051009703,1.9365756550979467e-17,4.136958343212762,1.5265546209490308,
3936ead4c8,180,386,14282,142.82,101.12547051009703,1.949488286787407e-17,4.136958343212762,1.461817924690131,
3936ead4c8,180,387,14319,143.19,101.12547051009703,1.9703126691198163e-17,4.136958343212762,2.0105564496213213,
3936ead4c8,180,388,14356,143.56,101.12547051009703,1.987662361780726e-17,4.136958343212762,1.8415751404165368,
3936ead4c8,180,389,14393,143.93,101.12547051009703,1.9838489829617702e-17,4.136958343212762,1.7803144567384763,
3936ead4c8,180,390,14430,144.3,101.12547051009703,1.9472378378499073e-17,4.136958343212762,1.556719446890553,
3936ead4c8,180,391,14467,144.67,101.12547051009703,1.952924920646749e-17,4.136958343212762,2.1726384867133572,
3936ead4c8,180,392,14504,145.04,101.12547051009703,1.8948817956994326e-17,4.136958343212762,1.2814409664610575,
3936ead4c8,180,393,14541,145.41,101.12547051009703,1.8875462776248114e-17,4.136958343212762,2.1028974606777733,
3936ead4c8,180,394,14578,145.78,101.12547051009703,1.927928992580935e-17,4.136958343212762,1.8024981112939458,
3936ead4c8,180,395,14615,146.15,101.12547051009703,1.9464299837912092e-17,4.136958343212762,1.8526374930160867,
3936ead4c8,180,396,14652,146.52,101.12547051009703,1.923420328013643e-17,4.136958343212762,1.969666881677872,
3936ead4c8,180,397,14689,146.89,101.12547051009703,1.943944725976073e-17,4.136958343212762,1.606908452586338,
3936ead4c8,180,398,14726,147.26,101.12547051009703,1.9390803051528505e-17,4.136958343212762,1.6915941804652932,
3936ead4c8,180,399,14763,147.63,101.12547051009703,1.9208614613528274e-17,4.136958343212762,1.7963519050174042,
3936ead4c8,180,400,14800,148.0,101.12547051009703,9.544505791744689e-18,4.136958343212762,1.667291383672751,
3936ead4c8,180,401,14837,148.37,101.12547051009703,9.538237263384828e-18,4.136958343212762,1.8577762950454728,
3936ead4c8,180,402,14874,148.74,101.12547051009703,1.8371873057438814e-17,4.136958343212762,1.3542508287904873,
3936ead4c8,180,403,14911,149.11,101.12547051009703,9.19890301967163e-18,4.136958343212762,1.7032616433966445,
3936ead4c8,180,404,14948,149.48,101.12547051009703,9.297282823554709e-18,4.136958343212762,1.3179932819024258,
3936ead4c8,180,405,14985,149.85,101.12547051009703,9.044502441190049e-18,4.136958343212762,1.7135825354059642,
3936ead4c8,180,406,15022,150.22,101.12547051009703,9.044493334261046e-18,4.136958343212762,1.5027502705954603,
3936ead4c8,180,407,15059,150.59,101.12547051009703,1.806004465691754e-17,4.136958343212762,1.628700055768736,
3936ead4c8,180,408,15096,150.96,101.12547051009703,8.967021935263013e-18,4.136958343212762,1.8438061816461215,
3936ead4c8,180,409,15133,151.33,101.12547051009703,8.939349705396173e-18,4.136958343212762,1.4185965369460845,
3936ead4c8,180,410,15170,151.7,101.12547051009703,1.8046657706026802e-17,4.136958343212762,2.0591043945776617,
3936ead4c8,180,411,15207,152.07,101.12547051009703,1.8701966181810535e-17,4.136958343212762,1.8634242822455156,
3936ead4c8,180,412,15244,152.44,101.12547051009703,1.9290366554583707e-17,4.136958343212762,1.8652238240166825,
3936ead4c8,180,413,15281,152.81,101.12547051009703,1.9253773004654203e-17,4.136958343212762,2.061280688294036,
3936ead4c8,180,414,15318,153.18,101.12547051009703,1.926495658341752e-17,4.136958343212762,2.2405703078283676,
3936ead4c8,180,415,15355,153.55,101.12547051009703,1.958538942006352e-17,4.136958343212762,1.7361788510144196,
3936ead4c8,180,416,15392,153.92,101.12547051009703,1.9780564641755205e-17,4.136958343212762,2.087423103858459,
3936ead4c8,180,417,15429,154.29,101.12547051009703,1.9783768721035558e-17,4.136958343212762,2.038585063831773,
3936ead4c8,180,418,15466,154.66,101.12547051009703,1.9690413811230686e-17,4.136958343212762,1.676679463265738,
3936ead4c8,180,419,15503,155.03,101.12547051009703,9.684678542798366e-18,4.136958343212762,1.941338161624491,
3936ead4c8,180,420,15540,155.4,101.12547051009703,9.861354070654339e-18,4.136958343212762,2.463714670893082,
3936ead4c8,180,421,15577,155.77,101.12547051009703,1.9717617179235154e-17,4.136958343212762,1.8410588122502076,
3936ead4c8,180,422,15614,156.14,101.12547051009703,9.802510339681703e-18,4.136958343212762,1.4895804609917636,
3936ead4c8,180,423,15651,156.51,101.12547051009703,9.828002850243013e-18,4.136958343212762,1.715220614236211,
3936ead4c8,180,424,15688,156.88,101.12547051009703,9.938516595997106e-18,4.136958343212762,1.6007070908516199,
3936ead4c8,180,425,15725,157.25,101.12547051009703,9.69337024397144e-18,4.136958343212762,1.6411582828359508,
3936ead4c8,180,426,15762,157.62,101.12547051009703,9.876919559532682e-18,4.136958343212762,1.784963698184003,
3936ead4c8,180,427,15799,157.99,101.12547051009703,9.715290273879783e-18,4.136958343212762,1.699445381201035,
3936ead4c8,180,428,15836,158.36,101.12547051009703,9.53877542182926e-18,4.136958343212762,1.923022862473966,
3936ead4c8,180,429,15873,158.73,101.12547051009703,1.884719451521957e-17,4.136958343212762,1.9982747133451886,
3936ead4c8,180,430,15910,159.1,101.12547051009703,1.8664364343455188e-17,4.136958343212762,1.7978268657325989,
3936ead4c8,180,431,15947,159.47,101.12547051009703,1.890011430005501e-17,4.136958343212762,1.6805197324700876,
3936ead4c8,180,432,15984,159.84,101.12547051009703,1.9018858947183676e-17,4.136958343212762,1.7382122379281213,
3936ead4c8,180,433,16021,160.21,101.12547051009703,1.85766308795471e-17,4.136958343212762,1.2972341565854755,
3936ead4c8,180,434,16058,160.58,101.12547051009703,1.8716188613374762e-17,4.136958343212762,1.6465020689105696,
3936ead4c8,180,435,16095,160.95,101.12547051009703,1.9241353898607854e-17,4.136958343212762,1.4896182585072997,
3936ead4c8,180,436,16132,161.32,101.12547051009703,1.9032636664043505e-17,4.136958343212762,2.038034410349079,
3936ead4c8,180,437,16169,161.69,101.12547051009703,1.911597918189827e-17,4.136958343212762,1.8345148294838476,
3936ead4c8,180,438,16206,162.06,101.12547051009703,1.8326944067510393e-17,4.136958343212762,1.6583479428441332,
3936ead4c8,180,439,16243,162.43,101.12547051009703,1.8543198630821183e-17,4.136958343212762,2.255764754835048,
3936ead4c8,180,440,16280,162.8,101.12547051009703,1.855207602886705e-17,4.136958343212762,1.7065652722178652,
3936ead4c8,180,441,16317,163.17,101.12547051009703,1.902868261421852e-17,4.136958343212762,1.8730428854431433,
3936ead4c8,180,442,16354,163.54,101.12547051009703,1.9272950533827064e-17,4.136958343212762,1.6679514683618646,
3936ead4c8,180,443,16391,163.91,101.12547051009703,9.739296704890847e-18,4.136958343212762,2.2263933452813824,
3936ead4c8,180,444,16428,164.28,101.12547051009703,1.9488342226426976e-17,4.136958343212762,2.0302182114218557,
3936ead4c8,180,445,16465,164.65,101.12547051009703,1.958952415153283e-17,4.136958343212762,2.0637064305126267,
3936ead4c8,180,446,16502,165.02,101.12547051009703,2.024849582544595e-17,4.136958343212762,2.2670755776133094,
3936ead4c8,180,447,16539,165.39,101.12547051009703,1.0238836815709856e-17,4.136958343212762,2.246799458979065,
3936ead4c8,180,448,16576,165.76,101.12547051009703,1.0064383064209986e-17,4.136958343212762,1.4519414474306536,
3936ead4c8,180,449,16613,166.13,101.12547051009703,1.0039510064265232e-17,4.136958343212762,1.6495677460570517,
3936ead4c8,180,450,16650,166.5,101.12547051009703,9.93390573426105e-18,4.136958343212762,1.7637171341096134,
3936ead4c8,180,451,16687,166.87,101.12547051009703,2.007985861838682e-17,4.136958343212762,1.305923080559615,
3936ead4c8,180,452,16724,167.24,101.12547051009703,2.0019712905114525e-17,4.136958343212762,1.9573943992829597,
3936ead4c8,180,453,16761,167.61,101.12547051009703,2.0349779298810452e-17,4.136958343212762,1.6793774093614342,
3936ead4c8,180,454,16798,167.98,101.12547051009703,2.014997035316554e-17,4.136958343212762,1.9634367432375968,
3936ead4c8,180,455,16835,168.35,101.12547051009703,3.762916370711076e-17,4.136958343212762,1.4003021916954572,
3936ead4c8,180,456,16872,168.72,101.12547051009703,3.7769492004446134e-17,4.136958343212762,2.1247796374936585,
3936ead4c8,180,457,16909,169.09,101.12547051009703,3.833037233249183e-17,4.136958343212762,1.8957122491885607,
3936ead4c8,180,458,16946,169.46,101.12547051009703,3.851775224304565e-17,4.136958343212762,1.6407620812694779,
3936ead4c8,180,459,16983,169.83,101.12547051009703,3.7855145348869254e-17,4.136958343212762,1.8108978239942084,
3936ead4c8,180,460,17020,170.2,101.12547051009703,3.9353613441073624e-17,4.136958343212762,2.186004971828469,
3936ead4c8,180,461,17057,170.57,101.12547051009703,3.8182366126339204e-17,4.136958343212762,1.5714686864518472,
3936ead4c8,180,462,17094,170.94,101.12547051009703,3.7595468820530987e-17,4.136958343212762,1.8515554675718562,
3936ead4c8,180,463,17131,171.31,101.12547051009703,1.944574138477959e-17,4.136958343212762,1.8797090986903962,
3936ead4c8,180,464,17168,171.68,101.12547051009703,1.9508988797295806e-17,4.136958343212762,1.9332161671426737,
3936ead4c8,180,465,17205,172.05,101.12547051009703,1.9177181485717685e-17,4.136958343212762,1.4907956022239068,
3936ead4c8,180,466,17242,172.42,101.12547051009703,3.757823879233916e-17,4.136958343212762,1.3885701535087742,
3936ead4c8,180,467,17279,172.79,101.12547051009703,3.7257201137936896e-17,4.136958343212762,1.5383980813544544,
3936ead4c8,180,468,17316,173.16,101.12547051009703,1.9178419881743078e-17,4.136958343212762,1.9810583271578948,
3936ead4c8,180,469,17353,173.53,101.12547051009703,1.972323637219692e-17,4.136958343212762,2.054159034757211,
3936ead4c8,180,470,17390,173.9,101.12547051009703,3.892289304907444e-17,4.136958343212762,1.7707250413022602,
3936ead4c8,180,471,17427,174.27,101.12547051009703,3.874054178927809e-17,4.136958343212762,1.791752534838909,
3936ead4c8,180,472,17464,174.64,101.12547051009703,3.9151784092170055e-17,4.136958343212762,2.2200137303298733,
3936ead4c8,180,473,17501,175.01,101.12547051009703,7.670288506187379e-17,4.136958343212762,1.5836217984459176,
3936ead4c8,180,474,17538,175.38,101.12547051009703,3.942919395586794e-17,4.136958343212762,1.8779509660827485,
3936ead4c8,180,475,17575,175.75,101.12547051009703,3.87415516951677e-17,4.136958343212762,1.145598153182082,
3936ead4c8,180,476,17612,176.12,101.12547051009703,1.9474895339282455e-17,4.136958343212762,1.6481085408047718,
3936ead4c8,180,477,17649,176.49,101.12547051009703,3.754838475186884e-17,4.136958343212762,1.8531725022311243,
3936ead4c8,180,478,17686,176.86,101.12547051009703,1.8533324064668275e-17,4.136958343212762,1.828980323695741,
3936ead4c8,180,479,17723,177.23,101.12547051009703,1.8862670698289048e-17,4.136958343212762,1.7660812063857914,
3936ead4c8,180,480,17760,177.6,101.12547051009703,3.729763103774633e-17,4.136958343212762,1.8594030974892013,
3936ead4c8,180,481,17797,177.97,101.12547051009703,3.6150414613481427e-17,4.136958343212762,2.1232975506543004,
3936ead4c8,180,482,17834,178.34,101.12547051009703,1.8784634824992254e-17,4.136958343212762,1.6586348785749778,
3936ead4c8,180,483,17871,178.71,101.12547051009703,9.427005926290285e-18,4.136958343212762,1.7041285674463396,
3936ead4c8,180,484,17908,179.08,101.12547051009703,9.351443990308013e-18,4.136958343212762,1.8686602920685922,
3936ead4c8,180,485,17945,179.45,101.12547051009703,1.8226351949491534e-17,4.136958343212762,1.669228979461158,
3936ead4c8,180,486,17982,179.82,101.12547051009703,,4.136958343212762,2.0335629791968284,
4460df2038,180,0,0,0.0,516651013610901.0,25.97895798283542,119640441474639.08,54951888489218.836,"ProjectedCommonDirectionsConfig(subspace_frac_grads=0.09, subspace_frac_updates=0, subspace_frac_random=0.09, direction_str=sd, random_proj=True, random_proj_dim_frac=0.2, ensemble=haar, inner_use_full_grad=True, orth_P_k=True, beta=0.001, tau=0.5, c_const=inf, N_try=200, alpha_max=100, p_const=1)"
4460df2038,180,1,37,0.37,363220030279065.6,22.428458903417592,100314626196923.19,42689002911813.195,
4460df2038,180,2,74,0.74,327199967949717.25,11.623348750604663,95210750885741.94,34363777783908.184,
4460df2038,180,3,111,1.11,8610582598429.635,1.8765018136919762,15445274550690.926,5891232295364.663,
4460df2038,180,4,148,1.48,196536074910.49792,0.3118348962433868,2333460765431.919,1017159373218.9504,
4460df2038,180,5,185,1.85,30303211118.416866,0.12647635269012542,916270467723.7009,366225455025.6977,
4460df2038,180,6,222,2.22,7152559901.563745,0.0634551884288044,445153828447.9911,198627024261.74115,
4460df2038,180,7,259,2.59,2444222566.787253,0.03743818642195051,260225426975.88312,133883087269.64304,
4460df2038,180,8,296,2.96,921742596.7000577,0.023653231957274447,159802720772.42984,55123211321.07803,
4460df2038,180,9,333,3.33,462669626.85956085,0.016307529374668412,113217826067.49805,48419354919.53534,
4460df2038,180,10,370,3.7,176633800.20352522,0.010163074735384687,69954578806.17921,34067301211.938625,
4460df2038,180,11,407,4.07,73700611.04802021,0.006890631784672999,45187114580.2811,21781012932.247623,
4460df2038,180,12,444,4.44,48758683.238628246,0.005562788818113742,36754024290.02841,17711473822.71023,
4460df2038,180,13,481,4.81,30152098.55906179,0.004420773600512569,28902632962.298126,12913224194.901583,
4460df2038,180,14,518,5.18,20492504.236225635,0.00371072475259863,23827353566.782948,11263590442.814117,
4460df2038,180,15,555,5.55,16280217.880148508,0.0032538814706778107,21237731290.66838,9901751300.232927,
4460df2038,180,16,592,5.92,11230813.974403644,0.0027444243306853485,17639368197.56519,6791663646.087893,
4460df2038,180,17,629,6.29,8850204.252233021,0.0024418189027397416,15658621617.195242,7154659289.355273,
4460df2038,180,18,666,6.66,7110648.191234562,0.002175979495496821,14035596411.64266,5851205927.677361,
4460df2038,180,19,703,7.03,5435796.824527201,0.0019012191587515117,12271762230.15284,5589047382.568633,
4460df2038,180,20,740,7.4,4130995.661270816,0.0017001549339035642,10697971034.872396,3715253727.5948815,
4460df2038,180,21,777,7.77,3883460.492904586,0.001625734384192958,10372493112.36788,5527088717.371219,
4460df2038,180,22,814,8.14,3256445.2801985894,0.0014758266005156398,9498270050.684792,4251343311.556919,
4460df2038,180,23,851,8.51,2537287.9727559886,0.0012887285119583963,8384083398.870357,3857833392.314308,
4460df2038,180,24,888,8.88,1801061.504710973,0.001104334310017937,7063686941.2258215,2844981601.899938,
4460df2038,180,25,925,9.25,1478592.8589360723,0.0009898024515025904,6400130277.844818,2450404588.6205072,
4460df2038,180,26,962,9.62,1106775.1956429004,0.0008418879193619113,5537187517.784931,2632487050.7959394,
4460df2038,180,27,999,9.99,713199.4406082198,0.0006718081778441261,4444818884.163639,1882961415.6242871,
4460df2038,180,28,1036,10.36,435598.1165595686,0.0005238210521840792,3473537112.6377525,1560857124.0409577,
4460df2038,180,29,1073,10.73,260630.62154734912,0.000412301545635957,2686629714.257604,1124585696.9207144,
4460df2038,180,30,1110,11.1,182442.35736897407,0.00034489938566284234,2247614402.3334465,1147013968.3272831,
4460df2038,180,31,1147,11.47,127625.15163364225,0.00028995994582938265,1879643000.925597,726445185.8484826,
4460df2038,180,32,1184,11.84,93492.03331832722,0.00024777460254359876,1608539250.0895584,740081976.8361734,
4460df2038,180,33,1221,12.21,67628.17517259097,0.0002063627080034521,1367786307.431661,637248689.7540532,
4460df2038,180,34,1258,12.58,40670.72401655022,0.00016013485234079314,1060180273.4212612,496133542.0787941,
4460df2038,180,35,1295,12.95,24729.448480350242,0.00012846471297560372,826031833.6075277,352242214.90600306,
4460df2038,180,36,1332,13.32,19440.1295552154,0.00011484974480357767,731975283.5834037,372461202.4384882,
4460df2038,180,37,1369,13.69,16464.07882747975,0.0001057391375668401,673302473.983261,265014752.73762512,
4460df2038,180,38,1406,14.06,14050.610564463013,9.71305310297547e-05,621667913.7101798,279549363.3365018,
4460df2038,180,39,1443,14.43,11492.709588685024,8.840301049882357e-05,561786663.0757191,269099856.20377195,
4460df2038,180,40,1480,14.8,9975.614260017319,8.071066961032096e-05,523042133.3112551,261731797.3540139,
4460df2038,180,41,1517,15.17,7351.636971989355,6.955239315574596e-05,448191573.3736503,229468028.78095195,
4460df2038,180,42,1554,15.54,5690.413015249633,6.112822281833209e-05,393511646.50849164,152578192.0920231,
4460df2038,180,43,1591,15.91,4446.9134406881385,5.270957212856501e-05,346987340.87167454,153935215.5597628,
4460df2038,180,44,1628,16.28,2878.9078469613305,4.1325430138836145e-05,277414063.05011994,131890336.12631872,
4460df2038,180,45,1665,16.65,1583.5107507733933,3.160331377242057e-05,202656207.47897294,90869135.24622026,
4460df2038,180,46,1702,17.02,1292.4333485424575,2.7862463319973318e-05,181673411.23700827,73476358.83971766,
4460df2038,180,47,1739,17.39,930.2123485848454,2.325631269836671e-05,151558181.21453834,61628151.53277335,
4460df2038,180,48,1776,17.76,680.8569506212323,1.919658020603744e-05,126733901.81246214,52122516.90204229,
4460df2038,180,49,1813,18.13,462.2100906988438,1.5515859325185526e-05,100019311.20663288,40445538.37080024,
4460df2038,180,50,1850,18.5,378.6222676151003,1.322330862754753e-05,87681576.8403801,33752691.14315111,
4460df2038,180,51,1887,18.87,267.20659190080283,1.0326107221015858e-05,67832761.58964743,30200999.66307042,
4460df2038,180,52,1924,19.24,209.324264439682,8.34761283461584e-06,54750813.18740221,22649701.369375605,
4460df2038,180,53,1961,19.61,172.6005196092203,6.691398453525025e-06,44499650.00365253,22398569.59704888,
4460df2038,180,54,1998,19.98,142.7656130817133,5.092629961060598e-06,33965301.02070226,13233630.891321512,
4460df2038,180,55,2035,20.35,124.74337782893762,3.8131742626703993e-06,25579972.36781071,11501287.209583465,
4460df2038,180,56,2072,20.72,113.81139908286886,2.817759972907424e-06,18747376.220581923,5709449.709357076,
4460df2038,180,57,2109,21.09,108.48517565932205,2.0556918858669735e-06,14279387.252846682,6134728.200709115,
4460df2038,180,58,2146,21.46,103.91997922923464,1.2722481156550667e-06,8798975.293329237,3489410.780782811,
4460df2038,180,59,2183,21.83,102.23580550090088,7.955935023541925e-07,5546338.558707905,2037590.5963009163,
4460df2038,180,60,2220,22.2,101.53135077069639,4.962030388489346e-07,3353345.695390549,1689860.0970716653,
4460df2038,180,61,2257,22.57,101.32863639821669,3.5616864370045834e-07,2372491.9835265274,1388176.817191712,
4460df2038,180,62,2294,22.94,101.24205465024787,2.70212244383414e-07,1797211.1042113234,972505.0852732948,
4460df2038,180,63,2331,23.31,101.19331190683464,2.0811543437148183e-07,1370966.182742963,516955.86489583075,
4460df2038,180,64,2368,23.68,101.1685664557989,1.6613527122463965e-07,1092691.4620231888,467944.74553143803,
4460df2038,180,65,2405,24.05,101.15323945435499,1.3490070987456954e-07,877119.998938394,314456.252635737,
4460df2038,180,66,2442,24.42,101.14528081066287,1.1480035133058064e-07,740840.7303780189,297093.5770400635,
4460df2038,180,67,2479,24.79,101.14055322769367,9.92116132811874e-08,646426.4216035423,292596.12277947715,
4460df2038,180,68,2516,25.16,101.13603445339399,8.310978144315019e-08,540993.8077782764,250579.78220725205,
4460df2038,180,69,2553,25.53,101.13293198028369,6.978070473707942e-08,454664.9238393641,216097.35390072258,
4460df2038,180,70,2590,25.9,101.1306965803829,5.758536485319079e-08,380510.62704037305,184061.59808048152,
4460df2038,180,71,2627,26.27,101.12869941776506,4.568329380843177e-08,299093.4484548733,126723.44698435931,
4460df2038,180,72,2664,26.64,101.12763781802987,3.8120752573537915e-08,245041.27497758297,115234.91564322654,
4460df2038,180,73,2701,27.01,101.12717686840983,3.3331946593005066e-08,217427.27998528033,101572.24944776764,
4460df2038,180,74,2738,27.38,101.1266536880786,2.8295539603011274e-08,181052.08940416292,87668.80382311351,
4460df2038,180,75,2775,27.75,101.12643892837212,2.5469554114826396e-08,163798.47333472135,73582.71401481146,
4460df2038,180,76,2812,28.12,101.12622982049594,2.2318268704396617e-08,145039.9689019663,64320.59764079634,
4460df2038,180,77,2849,28.49,101.1260145760738,1.868599049245785e-08,122773.1374216617,59257.481881957436,
4460df2038,180,78,2886,28.86,101.1258243442706,1.491347465744246e-08,99009.43387361654,37534.28042356718,
4460df2038,180,79,2923,29.23,101.12567992266834,1.1566141322636985e-08,76168.59129189799,34928.13390757087,
4460df2038,180,80,2960,29.6,101.12560391343148,9.054959215220281e-09,60793.248183689284,28690.06276214243,
4460df2038,180,81,2997,29.97,101.12554161409511,6.65121342070058e-09,44382.634289865986,19405.37936020654,
4460df2038,180,82,3034,30.34,101.125510652222,5.110857019505904e-09,33347.10287202323,13087.988251236602,
4460df2038,180,83,3071,30.71,101.12549828370756,4.229100260755956e-09,27736.95274203963,13937.19111739425,
4460df2038,180,84,3108,31.08,101.12548886487849,3.4184997401645376e-09,22547.731166546244,9996.83369388624,
4460df2038,180,85,3145,31.45,101.12548204046965,2.7666196186929753e-09,17869.520333617926,9231.978795742407,
4460df2038,180,86,3182,31.82,101.12547922344183,2.4071977385573312e-09,15533.407144100103,6213.5617187492835,
4460df2038,180,87,3219,32.19,101.12547714903619,2.0530063278922132e-09,13557.369999127128,6690.848984495069,
4460df2038,180,88,3256,32.56,101.12547463720553,1.6100039944809644e-09,10686.594951469813,4477.782457577682,
4460df2038,180,89,3293,32.93,101.12547295829744,1.2346883223219127e-09,8228.700410978565,3719.8740835102503,
4460df2038,180,90,3330,33.3,101.12547191058135,9.493858455037592e-10,6218.442176531431,2109.860068896853,
4460df2038,180,91,3367,33.67,101.12547144762928,7.775440370516405e-10,5084.786251918866,2182.6790840721287,
4460df2038,180,92,3404,34.04,101.12547114772417,6.502857047338403e-10,4187.266754171178,1546.1349523336112,
4460df2038,180,93,3441,34.41,101.1254710055426,5.637305166084271e-10,3688.201090846472,1514.4448957679353,
4460df2038,180,94,3478,34.78,101.12547084600637,4.62517700014442e-10,3031.1463362306717,1642.5676169088317,
4460df2038,180,95,3515,35.15,101.12547073504159,3.7800973988658154e-10,2472.47246399488,988.8710981301123,
4460df2038,180,96,3552,35.52,101.12547066428168,3.106866386267776e-10,2034.3754927801863,1147.5683685908473,
4460df2038,180,97,3589,35.89,101.12547061487817,2.5643245154151613e-10,1665.7168832036148,837.7562674774713,
4460df2038,180,98,3626,36.26,101.12547058705528,2.1495006876281948e-10,1412.8147741756163,672.0392881868837,
4460df2038,180,99,3663,36.63,101.12547056033698,1.7716205503438858e-10,1137.4669537985203,418.25122969583464,
4460df2038,180,100,3700,37.0,101.12547055149882,1.5778604465856436e-10,1014.3301426250414,453.3952588191166,
4460df2038,180,101,3737,37.37,101.12547054356934,1.4096780620289305e-10,899.7322307319689,468.99231994921763,
4460df2038,180,102,3774,37.74,101.12547053832583,1.2726765710979727e-10,822.6317611100029,367.4027341707275,
4460df2038,180,103,3811,38.11,101.12547053274244,1.0849697844441085e-10,712.7927191383634,328.539999851094,
4460df2038,180,104,3848,38.48,101.12547052647106,8.847112362661241e-11,575.0735084468347,275.77670529807074,
4460df2038,180,105,3885,38.85,101.12547052251831,7.347175807592682e-11,486.32651310603495,196.49425726480118,
4460df2038,180,106,3922,39.22,101.12547051893036,5.839889619453257e-11,379.26106650647193,180.54508857420709,
4460df2038,180,107,3959,39.59,101.12547051833604,4.919581834983912e-11,321.9832211022014,121.25899063492261,
4460df2038,180,108,3996,39.96,101.1254705166796,4.0762141638322255e-11,264.18416604776365,106.07023841316115,
4460df2038,180,109,4033,40.33,101.12547051615873,3.428794685547358e-11,226.2777732951178,94.99670828094031,
4460df2038,180,110,4070,40.7,101.12547051565038,2.732822785780342e-11,178.89396176272643,67.66748679855318,
4460df2038,180,111,4107,41.07,101.12547051462671,1.1247944525394533e-11,146.66223878573427,60.96850955643926,
4460df2038,180,112,4144,41.44,101.12547051403354,1.8544613339676105e-12,12.11995274586121,4.77501440306018,
4460df2038,180,113,4181,41.81,101.12547051390322,1.8530821255365218e-16,10.009919527717367,4.021891605109343,
4460df2038,180,114,4218,42.18,101.1254705138728,1.4690721109401998e-15,10.009513792546244,3.9849416727072624,
4460df2038,180,115,4255,42.55,101.12547051384165,7.429615813906457e-13,9.992664916482754,4.997134242284322,
4460df2038,180,116,4292,42.92,101.12547051332963,2.5445972200213545e-17,1.3767282159377499,0.6519636896975121,
4460df2038,180,117,4329,43.29,101.12547051332963,2.519119536516814e-17,1.3767282159377499,0.39632306834835984,
4460df2038,180,118,4366,43.66,101.12547051332963,2.586189018309202e-17,1.3767282159377499,0.630378872469325,
4460df2038,180,119,4403,44.03,101.12547051332963,5.0620635957993663e-17,1.3767282159377499,0.5946756458514039,
4460df2038,180,120,4440,44.4,101.12547051332963,5.1254290678091656e-17,1.3767282159377499,0.6626903410646233,
4460df2038,180,121,4477,44.77,101.12547051332963,5.097466393106851e-17,1.3767282159377499,0.684617048317101,
4460df2038,180,122,4514,45.14,101.12547051332963,5.0596382351769545e-17,1.3767282159377499,0.48768314907456584,
4460df2038,180,123,4551,45.51,101.12547051332963,5.102423496053287e-17,1.3767282159377499,0.7365683285978885,
4460df2038,180,124,4588,45.88,101.12547051332963,5.1585639046326114e-17,1.3767282159377499,0.7429475151617843,
4460df2038,180,125,4625,46.25,101.12547051332963,5.1594281520571966e-17,1.3767282159377499,0.7387124920036627,
4460df2038,180,126,4662,46.62,101.12547051332963,5.194549369344355e-17,1.3767282159377499,0.4479457028267975,
4460df2038,180,127,4699,46.99,101.12547051332963,5.253233973477781e-17,1.3767282159377499,0.5915712455176175,
4460df2038,180,128,4736,47.36,101.12547051332963,5.3493611582293806e-17,1.3767282159377499,0.6759723374424801,
4460df2038,180,129,4773,47.73,101.12547051332963,5.362450586266408e-17,1.3767282159377499,0.7423395329821809,
4460df2038,180,130,4810,48.1,101.12547051332963,5.381529581487097e-17,1.3767282159377499,0.6492656554070676,
4460df2038,180,131,4847,48.47,101.12547051332963,1.0739547689655076e-16,1.3767282159377499,0.5966592125399114,
4460df2038,180,132,4884,48.84,101.12547051332963,5.3317651896783174e-17,1.3767282159377499,0.6471073881842571,
4460df2038,180,133,4921,49.21,101.12547051332963,8.326680419933378e-16,1.3767282159377499,0.4459892522497762,
4460df2038,180,134,4958,49.58,101.12547051322574,1.0197516061107603e-16,1.3696395389314748,0.5621794156646032,
4460df2038,180,135,4995,49.95,101.12547051322574,1.0257982704024625e-16,1.3696395389314748,0.532383780648873,
4460df2038,180,136,5032,50.32,101.12547051322574,8.305997567357835e-16,1.3696395389314748,0.6107503341184866,
4460df2038,180,137,5069,50.69,101.12547051304756,4.147183974545009e-16,1.362976450292289,0.6932717507261901,
4460df2038,180,138,5106,51.06,101.12547051292812,1.0110336630041593e-16,1.3613403410283025,0.5632354526218879,
4460df2038,180,139,5143,51.43,101.12547051291907,4.9974482281036336e-17,1.361330101347386,0.6085520697464489,
4460df2038,180,140,5180,51.8,101.12547051291907,4.976178522649868e-17,1.361330101347386,0.5241648664151596,
4460df2038,180,141,5217,52.17,101.12547051291907,9.998245081306645e-17,1.361330101347386,0.5428252358707951,
4460df2038,180,142,5254,52.54,101.12547051291907,5.0662709908780783e-17,1.361330101347386,0.525270720162675,
4460df2038,180,143,5291,52.91,101.12547051291907,4.90385766541224e-17,1.361330101347386,0.3893076261261924,
4460df2038,180,144,5328,53.28,101.12547051291907,5.0553557467615575e-17,1.361330101347386,0.6460461958631242,
4460df2038,180,145,5365,53.65,101.12547051291907,2.5637827818786906e-17,1.361330101347386,0.5475661854688704,
4460df2038,180,146,5402,54.02,101.12547051291907,2.5227365151312377e-17,1.361330101347386,0.7321926906917571,
4460df2038,180,147,5439,54.39,101.12547051291907,2.5287471258143358e-17,1.361330101347386,0.46643028029967754,
4460df2038,180,148,5476,54.76,101.12547051291907,2.5573772656240155e-17,1.361330101347386,0.7359506477355615,
4460df2038,180,149,5513,55.13,101.12547051291907,2.560371304411323e-17,1.361330101347386,0.591848471053052,
4460df2038,180,150,5550,55.5,101.12547051291907,2.5798812680663947e-17,1.361330101347386,0.5557449971125443,
4460df2038,180,151,5587,55.87,101.12547051291907,5.234978212123215e-17,1.361330101347386,0.5433385222443762,
4460df2038,180,152,5624,56.24,101.12547051291907,5.135078960449543e-17,1.361330101347386,0.6449829769182024,
4460df2038,180,153,5661,56.61,101.12547051291907,2.5857369595140118e-17,1.361330101347386,0.8136588249621011,
4460df2038,180,154,5698,56.98,101.12547051291907,5.14898236915962e-17,1.361330101347386,0.6485992572287993,
4460df2038,180,155,5735,57.35,101.12547051291907,5.0577668490286376e-17,1.361330101347386,0.5473239497635582,
4460df2038,180,156,5772,57.72,101.12547051291907,5.027798800401424e-17,1.361330101347386,0.5958161235176094,
4460df2038,180,157,5809,58.09,101.12547051291907,4.9970015639909876e-17,1.361330101347386,0.576286414044484,
4460df2038,180,158,5846,58.46,101.12547051291907,1.0012898607906135e-16,1.361330101347386,0.6128294206081292,
4460df2038,180,159,5883,58.83,101.12547051291907,5.270464599146524e-17,1.361330101347386,0.5381584809412918,
4460df2038,180,160,5920,59.2,101.12547051291907,5.189733092289733e-17,1.361330101347386,0.613881784354236,
4460df2038,180,161,5957,59.57,101.12547051291907,5.161619437118001e-17,1.361330101347386,0.5883242578814809,
4460df2038,180,162,5994,59.94,101.12547051291907,2.577932338020541e-17,1.361330101347386,0.5579496945564534,
4460df2038,180,163,6031,60.31,101.12547051291907,5.068759427315301e-17,1.361330101347386,0.5142414403870487,
4460df2038,180,164,6068,60.68,101.12547051291907,5.0470863205133725e-17,1.361330101347386,0.5960627612482017,
4460df2038,180,165,6105,61.05,101.12547051291907,5.009702328555618e-17,1.361330101347386,0.6158016014451917,
4460df2038,180,166,6142,61.42,101.12547051291907,5.01945199396118e-17,1.361330101347386,0.5096767170253494,
4460df2038,180,167,6179,61.79,101.12547051291907,2.4935879980858013e-17,1.361330101347386,0.6139678008267448,
4460df2038,180,168,6216,62.16,101.12547051291907,2.455220852923177e-17,1.361330101347386,0.5263667792074742,
4460df2038,180,169,6253,62.53,101.12547051291907,2.5561368292282192e-17,1.361330101347386,0.6032637190881842,
4460df2038,180,170,6290,62.9,101.12547051291907,5.1606931585250754e-17,1.361330101347386,0.6793941096510069,
4460df2038,180,171,6327,63.27,101.12547051291907,5.2009142264659755e-17,1.361330101347386,0.6202374191419002,
4460df2038,180,172,6364,63.64,101.12547051291907,5.236341949472145e-17,1.361330101347386,0.6254393572622333,
4460df2038,180,173,6401,64.01,101.12547051291907,5.27796452159776e-17,1.361330101347386,0.5461968382973269,
4460df2038,180,174,6438,64.38,101.12547051291907,5.270288780383482e-17,1.361330101347386,0.7122945332827545,
4460df2038,180,175,6475,64.75,101.12547051291907,5.304330829995992e-17,1.361330101347386,0.5102227124279786,
4460df2038,180,176,6512,65.12,101.12547051291234,5.331053326632522e-17,1.3613379395840919,0.6235943729302392,
4460df2038,180,177,6549,65.49,101.12547051291234,1.0301193979626826e-16,1.3613379395840919,0.5954791317835734,
4460df2038,180,178,6586,65.86,101.12547051291234,5.259476217151729e-17,1.3613379395840919,0.6563146918448759,
4460df2038,180,179,6623,66.23,101.12547051291234,5.184409755787932e-17,1.3613379395840919,0.6044198626796686,
4460df2038,180,180,6660,66.6,101.12547051291234,5.0395660544167625e-17,1.3613379395840919,0.5940489828913501,
4460df2038,180,181,6697,66.97,101.12547051291234,5.127769901546737e-17,1.3613379395840919,0.715894098586361,
4460df2038,180,182,6734,67.34,101.12547051291234,1.0242227709043196e-16,1.3613379395840919,0.47235838037973227,
4460df2038,180,183,6771,67.71,101.12547051291234,5.1415469464305964e-17,1.3613379395840919,0.698910248206068,
4460df2038,180,184,6808,68.08,101.12547051291234,5.040196643566144e-17,1.3613379395840919,0.7345612900626163,
4460df2038,180,185,6845,68.45,101.12547051291234,5.001800085981955e-17,1.3613379395840919,0.6024858292185179,
4460df2038,180,186,6882,68.82,101.12547051291234,5.051358338707188e-17,1.3613379395840919,0.6267481484522469,
4460df2038,180,187,6919,69.19,101.12547051291234,2.515421011507086e-17,1.3613379395840919,0.581659267926532,
4460df2038,180,188,6956,69.56,101.12547051291234,5.142058009758012e-17,1.3613379395840919,0.6261321331465485,
4460df2038,180,189,6993,69.93,101.12547051291234,5.1031391430961434e-17,1.3613379395840919,0.5832213492517708,
4460df2038,180,190,7030,70.3,101.12547051291234,5.133645305593637e-17,1.3613379395840919,0.8081084407447703,
4460df2038,180,191,7067,70.67,101.12547051291234,5.1639298904031066e-17,1.3613379395840919,0.6660222106012357,
4460df2038,180,192,7104,71.04,101.12547051291234,5.2534533671617175e-17,1.3613379395840919,0.6365100942980508,
4460df2038,180,193,7141,71.41,101.12547051291234,5.2349557626196904e-17,1.3613379395840919,0.7118710675439954,
4460df2038,180,194,7178,71.78,101.12547051291234,5.238895665458649e-17,1.3613379395840919,0.6189646661982859,
4460df2038,180,195,7215,72.15,101.12547051291234,5.1669524903466687e-17,1.3613379395840919,0.48217541353701343,
4460df2038,180,196,7252,72.52,101.12547051291234,5.196452205921531e-17,1.3613379395840919,0.622088464240764,
4460df2038,180,197,7289,72.89,101.12547051291234,1.0124707035882352e-16,1.3613379395840919,0.6122157328771664,
4460df2038,180,198,7326,73.26,101.12547051291234,1.0151914780753788e-16,1.3613379395840919,0.6958350416450942,
4460df2038,180,199,7363,73.63,101.12547051291234,1.0080866538507918e-16,1.3613379395840919,0.5832390394355401,
4460df2038,180,200,7400,74.0,101.12547051291234,9.766477581643885e-17,1.3613379395840919,0.5244230641388382,
4460df2038,180,201,7437,74.37,101.12547051291234,9.851259113526234e-17,1.3613379395840919,0.6653277087662495,
4460df2038,180,202,7474,74.74,101.12547051291234,9.916911537266741e-17,1.3613379395840919,0.5869523111286564,
4460df2038,180,203,7511,75.11,101.12547051291234,1.0076841599695709e-16,1.3613379395840919,0.6389730080396212,
4460df2038,180,204,7548,75.48,101.12547051291234,5.015446883195904e-17,1.3613379395840919,0.5859891121253794,
4460df2038,180,205,7585,75.85,101.12547051291234,1.0161915133713647e-16,1.3613379395840919,0.7336888117030579,
4460df2038,180,206,7622,76.22,101.12547051291234,5.071558145538758e-17,1.3613379395840919,0.6886703594054844,
4460df2038,180,207,7659,76.59,101.12547051291234,5.103281155357669e-17,1.3613379395840919,0.6549270041942838,
4460df2038,180,208,7696,76.96,101.12547051291234,5.138729097621076e-17,1.3613379395840919,0.6550496560140276,
4460df2038,180,209,7733,77.33,101.12547051291234,2.6019282657778352e-17,1.3613379395840919,0.713262321719878,
4460df2038,180,210,7770,77.7,101.12547051291234,2.6112497872674412e-17,1.3613379395840919,0.5169452244863086,
4460df2038,180,211,7807,78.07,101.12547051291234,5.0692865655128113e-17,1.3613379395840919,0.5857076390919701,
4460df2038,180,212,7844,78.44,101.12547051291234,2.622246199503881e-17,1.3613379395840919,0.6330437325891226,
4460df2038,180,213,7881,78.81,101.12547051291234,5.169437362518631e-17,1.3613379395840919,0.653825206305257,
4460df2038,180,214,7918,79.18,101.12547051291234,5.10068784404397e-17,1.3613379395840919,0.6906723682607948,
4460df2038,180,215,7955,79.55,101.12547051291234,5.196710190997774e-17,1.3613379395840919,0.55536507098367,
4460df2038,180,216,7992,79.92,101.12547051291234,2.510143119558313e-17,1.3613379395840919,0.5271848224841381,
4460df2038,180,217,8029,80.29,101.12547051291234,2.514565059242327e-17,1.3613379395840919,0.42160244427078086,
4460df2038,180,218,8066,80.66,101.12547051291234,2.486087168899585e-17,1.3613379395840919,0.6049183346147446,
4460df2038,180,219,8103,81.03,101.12547051291234,2.4699532794893922e-17,1.3613379395840919,0.6218683758446913,
4460df2038,180,220,8140,81.4,101.12547051291234,2.4012803521836098e-17,1.3613379395840919,0.533468297794835,
4460df2038,180,221,8177,81.77,101.12547051291234,4.663087069974188e-17,1.3613379395840919,0.5269757411175752,
4460df2038,180,222,8214,82.14,101.12547051291234,4.685483273899023e-17,1.3613379395840919,0.4589067544467506,
4460df2038,180,223,8251,82.51,101.12547051291234,4.633667461503305e-17,1.3613379395840919,0.6087630402297644,
4460df2038,180,224,8288,82.88,101.12547051291234,4.8271814466048495e-17,1.3613379395840919,0.6862749129600965,
4460df2038,180,225,8325,83.25,101.12547051291234,4.8669081817256746e-17,1.3613379395840919,0.695627299472364,
4460df2038,180,226,8362,83.62,101.12547051291234,4.8620502659129666e-17,1.3613379395840919,0.584797847035295,
4460df2038,180,227,8399,83.99,101.12547051291234,2.391525378541169e-17,1.3613379395840919,0.6471187222884971,
4460df2038,180,228,8436,84.36,101.12547051291234,2.4072602799912278e-17,1.3613379395840919,0.45731403248930363,
4460df2038,180,229,8473,84.73,101.12547051291234,2.4631253949539693e-17,1.3613379395840919,0.47657139089380873,
4460df2038,180,230,8510,85.1,101.12547051291234,2.470210260756055e-17,1.3613379395840919,0.6183021374437521,
4460df2038,180,231,8547,85.47,101.12547051291234,2.494807530295229e-17,1.3613379395840919,0.599602068992209,
4460df2038,180,232,8584,85.84,101.12547051291234,2.5240390805781835e-17,1.3613379395840919,0.7043782886755536,
4460df2038,180,233,8621,86.21,101.12547051291234,2.5150116443843083e-17,1.3613379395840919,0.3939744430211197,
4460df2038,180,234,8658,86.58,101.12547051291234,2.452382392203409e-17,1.3613379395840919,0.5338126470577884,
4460df2038,180,235,8695,86.95,101.12547051291234,5.0279365473736196e-17,1.3613379395840919,0.5113853691707735,
4460df2038,180,236,8732,87.32,101.12547051291234,5.133676923459786e-17,1.3613379395840919,0.6906086142449974,
4460df2038,180,237,8769,87.69,101.12547051291234,5.0685993746096295e-17,1.3613379395840919,0.4740870490645614,
4460df2038,180,238,8806,88.06,101.12547051291234,5.118810723842459e-17,1.3613379395840919,0.6604827425231627,
4460df2038,180,239,8843,88.43,101.12547051291234,1.0078163310421497e-16,1.3613379395840919,0.666725443891003,
4460df2038,180,240,8880,88.8,101.12547051291234,1.0102452806547925e-16,1.3613379395840919,0.5346103567725792,
4460df2038,180,241,8917,89.17,101.12547051291234,1.0254186196820551e-16,1.3613379395840919,0.6413740598517136,
4460df2038,180,242,8954,89.54,101.12547051291234,1.0032858431317453e-16,1.3613379395840919,0.5456773465554585,
4460df2038,180,243,8991,89.91,101.12547051291234,1.006508135379245e-16,1.3613379395840919,0.5729934009552647,
4460df2038,180,244,9028,90.28,101.12547051291234,1.025324753156926e-16,1.3613379395840919,0.5851154818314974,
4460df2038,180,245,9065,90.65,101.12547051291234,4.982529720294194e-17,1.3613379395840919,0.6254820230408091,
4460df2038,180,246,9102,91.02,101.12547051291234,4.954290768174334e-17,1.3613379395840919,0.6193751462379568,
4460df2038,180,247,9139,91.39,101.12547051291234,5.07025541549832e-17,1.3613379395840919,0.6166295284818625,
4460df2038,180,248,9176,91.76,101.12547051291234,4.972144161335027e-17,1.3613379395840919,0.6210826571254963,
4460df2038,180,249,9213,92.13,101.12547051291234,5.123630924074868e-17,1.3613379395840919,0.6311306491623992,
4460df2038,180,250,9250,92.5,101.12547051291234,5.0768944074234006e-17,1.3613379395840919,0.6466095512987983,
4460df2038,180,251,9287,92.87,101.12547051291234,5.2645818157878604e-17,1.3613379395840919,0.7541510409662184,
4460df2038,180,252,9324,93.24,101.12547051291234,1.0470729807465367e-16,1.3613379395840919,0.6070536963200052,
4460df2038,180,253,9361,93.61,101.12547051291234,5.112019363118941e-17,1.3613379395840919,0.4909219424485966,
4460df2038,180,254,9398,93.98,101.12547051291234,5.15046220817769e-17,1.3613379395840919,0.67676584244034,
4460df2038,180,255,9435,94.35,101.12547051291234,5.1707457291158876e-17,1.3613379395840919,0.6442794125282647,
4460df2038,180,256,9472,94.72,101.12547051291234,5.228795475562684e-17,1.3613379395840919,0.631673415262432,
4460df2038,180,257,9509,95.09,101.12547051291234,2.123456585881285e-13,1.3613379395840919,0.6890002133025592,
4460df2038,180,258,9546,95.46,101.12547051284207,4.6572381722350824e-17,1.2205202182399342,0.505706822248136,
4460df2038,180,259,9583,95.83,101.12547051284207,4.729474271939694e-17,1.2205202182399342,0.5553725688959325,
4460df2038,180,260,9620,96.2,101.12547051284207,4.51132453741205e-17,1.2205202182399342,0.4603270265688275,
4460df2038,180,261,9657,96.57,101.12547051284207,4.5258570334728134e-17,1.2205202182399342,0.41730785428370437,
4460df2038,180,262,9694,96.94,101.12547051284207,9.302567265653368e-17,1.2205202182399342,0.6487813202850222,
4460df2038,180,263,9731,97.31,101.12547051284207,4.693514519596881e-17,1.2205202182399342,0.6163914929559201,
4460df2038,180,264,9768,97.68,101.12547051284207,4.705149709458738e-17,1.2205202182399342,0.5370733581788636,
4460df2038,180,265,9805,98.05,101.12547051284207,4.6579492823582327e-17,1.2205202182399342,0.5063942853513523,
4460df2038,180,266,9842,98.42,101.12547051284207,4.650682377018004e-17,1.2205202182399342,0.4617209212599108,
4460df2038,180,267,9879,98.79,101.12547051284207,4.585007970389867e-17,1.2205202182399342,0.4356847110272537,
4460df2038,180,268,9916,99.16,101.12547051284207,4.4622541606320696e-17,1.2205202182399342,0.538946476931487,
4460df2038,180,269,9953,99.53,101.12547051284207,7.495380016577271e-16,1.2205202182399342,0.600770764467414,
4460df2038,180,270,9990,99.9,101.12547051282286,9.254874337976199e-17,1.2137425935182116,0.4996913432515293,
4460df2038,180,271,10027,100.27,101.12547051282107,9.152571990589973e-17,1.213727359017955,0.5005821541254764,
4460df2038,180,272,10064,100.64,101.12547051281756,9.227299574139539e-17,1.2137146011244522,0.6569083247777575,
4460df2038,180,273,10101,101.01,101.12547051281756,4.6134685854821785e-17,1.2137146011244522,0.6270674421928556,
4460df2038,180,274,10138,101.38,101.12547051281756,4.324753757550453e-17,1.2137146011244522,0.41887989891885935,
4460df2038,180,275,10175,101.75,101.12547051281756,4.3012998099098785e-17,1.2137146011244522,0.4797539203245054,
4460df2038,180,276,10212,102.12,101.12547051281756,4.5456120510258e-17,1.2137146011244522,0.40296069640565463,
4460df2038,180,277,10249,102.49,101.12547051281756,4.499289542014863e-17,1.2137146011244522,0.5990534396709281,
4460df2038,180,278,10286,102.86,101.12547051281756,4.4519235769897166e-17,1.2137146011244522,0.4796115934150042,
4460df2038,180,279,10323,103.23,101.12547051281756,4.363360028149655e-17,1.2137146011244522,0.4851372048681702,
4460df2038,180,280,10360,103.6,101.12547051281756,4.3887147590643685e-17,1.2137146011244522,0.600032449180708,
4460df2038,180,281,10397,103.97,101.12547051281756,4.512120535562584e-17,1.2137146011244522,0.46196824261851993,
4460df2038,180,282,10434,104.34,101.12547051281756,4.526141013383742e-17,1.2137146011244522,0.6899991445632934,
4460df2038,180,283,10471,104.71,101.12547051281756,8.910708709679579e-17,1.2137146011244522,0.3629630854596816,
4460df2038,180,284,10508,105.08,101.12547051281756,8.943571721456367e-17,1.2137146011244522,0.5926430503828212,
4460df2038,180,285,10545,105.45,101.12547051281756,8.639274489656904e-17,1.2137146011244522,0.46414033680536604,
4460df2038,180,286,10582,105.82,101.12547051281756,1.7407323291516376e-16,1.2137146011244522,0.5206903311493181,
4460df2038,180,287,10619,106.19,101.12547051281216,1.7645006597676481e-16,1.213719854255683,0.5653454861992991,
4460df2038,180,288,10656,106.56,101.12547051279498,8.845907030467119e-17,1.213636077539649,0.5363250717559223,
4460df2038,180,289,10693,106.93,101.12547051279498,8.927737415638073e-17,1.213636077539649,0.5445585073385875,
4460df2038,180,290,10730,107.3,101.12547051279498,4.609546590007786e-17,1.213636077539649,0.4944992168322378,
4460df2038,180,291,10767,107.67,101.12547051279498,9.069709434727943e-17,1.213636077539649,0.6611621842609642,
4460df2038,180,292,10804,108.04,101.12547051278256,9.098524079932438e-17,1.2136291064512175,0.40229922430609844,
4460df2038,180,293,10841,108.41,101.12547051278256,4.4487686085453735e-17,1.2136291064512175,0.5627673804616448,
4460df2038,180,294,10878,108.78,101.12547051278256,4.4887286600725336e-17,1.2136291064512175,0.5677154036028301,
4460df2038,180,295,10915,109.15,101.12547051278256,4.476071173444696e-17,1.2136291064512175,0.35460319098707943,
4460df2038,180,296,10952,109.52,101.12547051278256,8.888677682387087e-17,1.2136291064512175,0.7313841023078049,
4460df2038,180,297,10989,109.89,101.12547051278256,4.553536994026375e-17,1.2136291064512175,0.5444324134450862,
4460df2038,180,298,11026,110.26,101.12547051278256,4.559384008392449e-17,1.2136291064512175,0.5155564066626755,
4460df2038,180,299,11063,110.63,101.12547051278256,4.600158776078277e-17,1.2136291064512175,0.6333886467301368,
4460df2038,180,300,11100,111.0,101.12547051278256,4.591362057047411e-17,1.2136291064512175,0.5013856301020764,
4460df2038,180,301,11137,111.37,101.12547051278256,4.608936683632276e-17,1.2136291064512175,0.4367671078777412,
4460df2038,180,302,11174,111.74,101.12547051278256,9.004033359148856e-17,1.2136291064512175,0.6028115120119558,
4460df2038,180,303,11211,112.11,101.12547051278256,4.511591257043496e-17,1.2136291064512175,0.5268728617063052,
4460df2038,180,304,11248,112.48,101.12547051278256,4.4996359390139436e-17,1.2136291064512175,0.4815214884579403,
4460df2038,180,305,11285,112.85,101.12547051278256,4.446940548500209e-17,1.2136291064512175,0.5620920704247109,
4460df2038,180,306,11322,113.22,101.12547051278256,4.371994123456686e-17,1.2136291064512175,0.4691645421277986,
4460df2038,180,307,11359,113.59,101.12547051278256,8.757661918990975e-17,1.2136291064512175,0.3609546255366979,
4460df2038,180,308,11396,113.96,101.12547051278256,8.716245600733753e-17,1.2136291064512175,0.501205161779752,
4460df2038,180,309,11433,114.33,101.12547051278256,4.3531387176588314e-17,1.2136291064512175,0.5880088078491598,
4460df2038,180,310,11470,114.7,101.12547051278256,4.415630804199404e-17,1.2136291064512175,0.4892478045413496,
4460df2038,180,311,11507,115.07,101.12547051278256,4.419759091246914e-17,1.2136291064512175,0.37431376122711235,
4460df2038,180,312,11544,115.44,101.12547051278256,4.5819824103515965e-17,1.2136291064512175,0.6013796026176597,
4460df2038,180,313,11581,115.81,101.12547051278256,2.2303532968772176e-17,1.2136291064512175,0.4551012612177489,
4460df2038,180,314,11618,116.18,101.12547051278256,4.406286028417899e-17,1.2136291064512175,0.5960602028716437,
4460df2038,180,315,11655,116.55,101.12547051278256,4.595222168289256e-14,1.2136291064512175,0.6564327121823076,
4460df2038,180,316,11692,116.92,101.12547051246356,1.9848530903610573e-16,0.6696463233999081,0.3062860545618584,
4460df2038,180,317,11729,117.29,101.12547051242663,3.991313707565781e-16,0.6693736512354634,0.3118516386129243,
4460df2038,180,318,11766,117.66,101.12547051242653,4.0677709357509613e-16,0.6678410956906234,0.34470479926835285,
4460df2038,180,319,11803,118.03,101.1254705124146,2.006594963326532e-16,0.6665876516309863,0.19746573125873748,
4460df2038,180,320,11840,118.4,101.12547051241243,5.135238819563535e-17,0.6662165062575603,0.3589880289937056,
4460df2038,180,321,11877,118.77,101.12547051241243,5.1681727286070653e-17,0.6662165062575603,0.25940682672150017,
4460df2038,180,322,11914,119.14,101.12547051241243,1.0503469439284561e-16,0.6662165062575603,0.3415756608870318,
4460df2038,180,323,11951,119.51,101.12547051241243,5.0967368151204004e-17,0.6662165062575603,0.20416093516979306,
4460df2038,180,324,11988,119.88,101.12547051241243,5.0125224403278196e-17,0.6662165062575603,0.31144229801095147,
4460df2038,180,325,12025,120.25,101.12547051241243,4.9830506863130055e-17,0.6662165062575603,0.29105647698537834,
4460df2038,180,326,12062,120.62,101.12547051241243,4.895495203592554e-17,0.6662165062575603,0.26684680297749536,
4460df2038,180,327,12099,120.99,101.12547051241243,4.0175520525717923e-16,0.6662165062575603,0.31437217858425753,
4460df2038,180,328,12136,121.36,101.12547051237195,1.0092223781956298e-16,0.6639474884048345,0.3216601567680211,
4460df2038,180,329,12173,121.73,101.12547051237195,4.9957000014046014e-17,0.6639474884048345,0.24204855410824688,
4460df2038,180,330,12210,122.1,101.12547051237195,5.0176977701291016e-17,0.6639474884048345,0.2419570244857417,
4460df2038,180,331,12247,122.47,101.12547051237195,4.944489052169827e-17,0.6639474884048345,0.2800628685090772,
4460df2038,180,332,12284,122.84,101.12547051237195,4.6569223756992367e-17,0.6639474884048345,0.33841760174757013,
4460df2038,180,333,12321,123.21,101.12547051237195,9.371492670106502e-17,0.6639474884048345,0.23596515713907373,
4460df2038,180,334,12358,123.58,101.12547051237195,9.417872247104957e-17,0.6639474884048345,0.2400706650344518,
4460df2038,180,335,12395,123.95,101.12547051236076,4.714732476574775e-17,0.6639358979396689,0.3285446499800995,
4460df2038,180,336,12432,124.32,101.12547051233213,4.755241046484337e-17,0.6639181036622855,0.33597564858848716,
4460df2038,180,337,12469,124.69,101.12547051233213,4.6821256603525356e-17,0.6639181036622855,0.26540740748707436,
4460df2038,180,338,12506,125.06,101.12547051233213,4.9037906480168996e-17,0.6639181036622855,0.37945724294945393,
4460df2038,180,339,12543,125.43,101.12547051233213,4.931141498424516e-17,0.6639181036622855,0.3047845333819486,
4460df2038,180,340,12580,125.8,101.12547051233213,2.4756566602018473e-17,0.6639181036622855,0.33397442108223135,
4460df2038,180,341,12617,126.17,101.12547051233213,5.0051773411908886e-17,0.6639181036622855,0.26261858983203673,
4460df2038,180,342,12654,126.54,101.12547051233213,9.972786081485213e-17,0.6639181036622855,0.23002998656190618,
4460df2038,180,343,12691,126.91,101.12547051233213,4.9483832480776685e-17,0.6639181036622855,0.27504642530583007,
4460df2038,180,344,12728,127.28,101.12547051233213,9.935631687586607e-17,0.6639181036622855,0.24980432361548413,
4460df2038,180,345,12765,127.65,101.12547051233213,1.0069243912325614e-16,0.6639181036622855,0.2895750433807239,
4460df2038,180,346,12802,128.02,101.12547051233213,9.936082856393276e-17,0.6639181036622855,0.3204931966414649,
4460df2038,180,347,12839,128.39,101.12547051233213,1.0071524497636589e-16,0.6639181036622855,0.28401680442534166,
4460df2038,180,348,12876,128.76,101.12547051233213,4.9381971232320324e-17,0.6639181036622855,0.29462104489450663,
4460df2038,180,349,12913,129.13,101.12547051233213,4.968097539128449e-17,0.6639181036622855,0.35976991998389163,
4460df2038,180,350,12950,129.5,101.12547051233213,5.03607139431881e-17,0.6639181036622855,0.23871502771508676,
4460df2038,180,351,12987,129.87,101.12547051233213,5.051081286429083e-17,0.6639181036622855,0.33923656097505955,
4460df2038,180,352,13024,130.24,101.12547051233213,5.159153558398688e-17,0.6639181036622855,0.3590722593997488,
4460df2038,180,353,13061,130.61,101.12547051233213,2.544212240087947e-17,0.6639181036622855,0.24055260720529528,
4460df2038,180,354,13098,130.98,101.12547051233213,5.11822242359098e-17,0.6639181036622855,0.28462499798600355,
4460df2038,180,355,13135,131.35,101.12547051233213,5.105995183627579e-17,0.6639181036622855,0.2760967055813251,
4460df2038,180,356,13172,131.72,101.12547051233213,5.077987075158979e-17,0.6639181036622855,0.24407068891686134,
4460df2038,180,357,13209,132.09,101.12547051233213,5.182711933330548e-17,0.6639181036622855,0.35403491106396945,
4460df2038,180,358,13246,132.46,101.12547051233213,2.5342731039065777e-17,0.6639181036622855,0.3029239280342889,
4460df2038,180,359,13283,132.83,101.12547051233213,2.55584043048939e-17,0.6639181036622855,0.3558021236584295,
4460df2038,180,360,13320,133.2,101.12547051233213,2.4801549768348815e-17,0.6639181036622855,0.19313630857811395,
4460df2038,180,361,13357,133.57,101.12547051233213,2.472898578957424e-17,0.6639181036622855,0.2920885160663119,
4460df2038,180,362,13394,133.94,101.12547051233213,2.5122169887572055e-17,0.6639181036622855,0.30700783175809654,
4460df2038,180,363,13431,134.31,101.12547051233213,2.4976181914281805e-17,0.6639181036622855,0.29479613346022704,
4460df2038,180,364,13468,134.68,101.12547051233213,2.5044931705686284e-17,0.6639181036622855,0.3236601320153328,
4460df2038,180,365,13505,135.05,101.12547051233213,2.5087573375426172e-17,0.6639181036622855,0.3353501236647264,
4460df2038,180,366,13542,135.42,101.12547051233213,4.8634758109757495e-17,0.6639181036622855,0.2828838340948063,
4460df2038,180,367,13579,135.79,101.12547051233213,5.0361621881876165e-17,0.6639181036622855,0.34361584818402846,
4460df2038,180,368,13616,136.16,101.12547051233213,5.0675205368634324e-17,0.6639181036622855,0.26620627721930445,
4460df2038,180,369,13653,136.53,101.12547051233213,5.026160166799585e-17,0.6639181036622855,0.3413962546999542,
4460df2038,180,370,13690,136.9,101.12547051233213,5.14107383447928e-17,0.6639181036622855,0.2646016511772554,
4460df2038,180,371,13727,137.27,101.12547051233213,5.055114534422812e-17,0.6639181036622855,0.25698125298148244,
4460df2038,180,372,13764,137.64,101.12547051233213,5.111841909467656e-17,0.6639181036622855,0.43012932126453085,
4460df2038,180,373,13801,138.01,101.12547051233213,2.5574026007991046e-17,0.6639181036622855,0.22292437666661544,
4460df2038,180,374,13838,138.38,101.12547051233213,5.0152285189253026e-17,0.6639181036622855,0.3124400980358245,
4460df2038,180,375,13875,138.75,101.12547051233213,5.0566319785275523e-17,0.6639181036622855,0.30917790634996156,
4460df2038,180,376,13912,139.12,101.12547051233213,2.5244760314264125e-17,0.6639181036622855,0.27984354313098525,
4460df2038,180,377,13949,139.49,101.12547051233213,2.0474374200286545e-16,0.6639181036622855,0.2539975891631467,
4460df2038,180,378,13986,139.86,101.12547051231093,5.270007308852847e-17,0.6636649112438382,0.31556341205375366,
4460df2038,180,379,14023,140.23,101.12547051231093,5.192756028205969e-17,0.6636649112438382,0.3071759718724394,
4460df2038,180,380,14060,140.6,101.12547051231093,5.128015354191434e-17,0.6636649112438382,0.25511457549918953,
4460df2038,180,381,14097,140.97,101.12547051231093,5.123176436533364e-17,0.6636649112438382,0.3545227895207006,
4460df2038,180,382,14134,141.34,101.12547051231093,5.018637876650499e-17,0.6636649112438382,0.3338011281517084,
4460df2038,180,383,14171,141.71,101.12547051231093,9.92692800374456e-17,0.6636649112438382,0.30351830876011254,
4460df2038,180,384,14208,142.08,101.12547051231093,4.973802045217774e-17,0.6636649112438382,0.29580778566609667,
4460df2038,180,385,14245,142.45,101.12547051231093,9.905091164725934e-17,0.6636649112438382,0.3283176125854579,
4460df2038,180,386,14282,142.82,101.12547051231093,5.063119594327208e-17,0.6636649112438382,0.36103554990112385,
4460df2038,180,387,14319,143.19,101.12547051231093,1.0114610138942794e-16,0.6636649112438382,0.292507386951715,
4460df2038,180,388,14356,143.56,101.12547051231093,9.89667837375528e-17,0.6636649112438382,0.28290627507001376,
4460df2038,180,389,14393,143.93,101.12547051231093,1.0020686457701939e-16,0.6636649112438382,0.34730097807957555,
4460df2038,180,390,14430,144.3,101.12547051231093,4.992349502306835e-17,0.6636649112438382,0.2760915816156381,
4460df2038,180,391,14467,144.67,101.12547051231093,9.915495616284784e-17,0.6636649112438382,0.27980547306025716,
4460df2038,180,392,14504,145.04,101.12547051231093,5.0194669191454333e-17,0.6636649112438382,0.28713536124848915,
4460df2038,180,393,14541,145.41,101.12547051231093,4.922020933004616e-17,0.6636649112438382,0.2738021973897999,
4460df2038,180,394,14578,145.78,101.12547051231093,4.992050744392006e-17,0.6636649112438382,0.3266150497441628,
4460df2038,180,395,14615,146.15,101.12547051231093,4.849161012026576e-17,0.6636649112438382,0.22856971436911977,
4460df2038,180,396,14652,146.52,101.12547051231093,4.8237872631458773e-17,0.6636649112438382,0.29933056752899206,
4460df2038,180,397,14689,146.89,101.12547051231093,1.9642292447374363e-16,0.6636649112438382,0.2860128966533174,
4460df2038,180,398,14726,147.26,101.12547051230409,2.468438851327815e-17,0.6632440259965444,0.31345117405831036,
4460df2038,180,399,14763,147.63,101.12547051230409,2.4558713624853435e-17,0.6632440259965444,0.28995835182475327,
4460df2038,180,400,14800,148.0,101.12547051230409,2.4639809015944574e-17,0.6632440259965444,0.2810441685330049,
4460df2038,180,401,14837,148.37,101.12547051230409,1.9852790336057248e-16,0.6632440259965444,0.29183604306274363,
4460df2038,180,402,14874,148.74,101.12547051222727,9.895729838106429e-17,0.6628351555813061,0.3152029206490563,
4460df2038,180,403,14911,149.11,101.12547051220793,9.822900412714269e-17,0.6628037653481005,0.2948075682649723,
4460df2038,180,404,14948,149.48,101.12547051219616,9.905541924477503e-17,0.6627834026192877,0.3558107435600875,
4460df2038,180,405,14985,149.85,101.12547051218762,2.5032461195247008e-17,0.6627514745567935,0.35689054421545907,
4460df2038,180,406,15022,150.22,101.12547051218762,2.437184942625859e-17,0.6627514745567935,0.2843252151838026,
4460df2038,180,407,15059,150.59,101.12547051218762,2.4442245999891418e-17,0.6627514745567935,0.25910955720747386,
4460df2038,180,408,15096,150.96,101.12547051218762,2.507140458292465e-17,0.6627514745567935,0.2904059927148717,
4460df2038,180,409,15133,151.33,101.12547051218762,2.5380947340478817e-17,0.6627514745567935,0.33778649297180313,
4460df2038,180,410,15170,151.7,101.12547051218762,2.538634265123022e-17,0.6627514745567935,0.3649483546338801,
4460df2038,180,411,15207,152.07,101.12547051218762,2.5696478971054183e-17,0.6627514745567935,0.2856801614042048,
4460df2038,180,412,15244,152.44,101.12547051218762,2.5370105956616808e-17,0.6627514745567935,0.20494141359943446,
4460df2038,180,413,15281,152.81,101.12547051218762,2.5076198949775594e-17,0.6627514745567935,0.2701844537313684,
4460df2038,180,414,15318,153.18,101.12547051218762,2.4250755286714512e-17,0.6627514745567935,0.30842774273835116,
4460df2038,180,415,15355,153.55,101.12547051218762,4.801935201438827e-17,0.6627514745567935,0.213484738770643,
4460df2038,180,416,15392,153.92,101.12547051218397,2.479496972714781e-17,0.6627431695115057,0.2038598792193457,
4460df2038,180,417,15429,154.29,101.12547051218397,2.459656767497901e-17,0.6627431695115057,0.2451536928295609,
4460df2038,180,418,15466,154.66,101.12547051218397,2.4858066673703348e-17,0.6627431695115057,0.3263431905842704,
4460df2038,180,419,15503,155.03,101.12547051218397,2.438964245293781e-17,0.6627431695115057,0.305461648375592,
4460df2038,180,420,15540,155.4,101.12547051218397,4.8202509870925146e-17,0.6627431695115057,0.3180325204979506,
4460df2038,180,421,15577,155.77,101.12547051218397,4.7687042378704606e-17,0.6627431695115057,0.2562337149501436,
4460df2038,180,422,15614,156.14,101.12547051218397,4.7249343538247e-17,0.6627431695115057,0.30370070447499126,
4460df2038,180,423,15651,156.51,101.12547051218397,4.757374860518251e-17,0.6627431695115057,0.26144407702533967,
4460df2038,180,424,15688,156.88,101.12547051218397,9.536593107493344e-17,0.6627431695115057,0.2797762102878658,
4460df2038,180,425,15725,157.25,101.12547051218397,9.68753917034979e-17,0.6627431695115057,0.20036513380313958,
4460df2038,180,426,15762,157.62,101.12547051218397,9.667606620573427e-17,0.6627431695115057,0.27557566174429643,
4460df2038,180,427,15799,157.99,101.12547051218397,9.71198501193338e-17,0.6627431695115057,0.31283162827550504,
4460df2038,180,428,15836,158.36,101.12547051218397,4.742771743267469e-17,0.6627431695115057,0.23832309288129153,
4460df2038,180,429,15873,158.73,101.12547051218397,4.6598160171313127e-17,0.6627431695115057,0.23764762446024568,
4460df2038,180,430,15910,159.1,101.12547051218397,4.740088246993423e-17,0.6627431695115057,0.312283593665579,
4460df2038,180,431,15947,159.47,101.12547051218397,4.658152290042146e-17,0.6627431695115057,0.2638472414477908,
4460df2038,180,432,15984,159.84,101.12547051218397,4.7508842960231257e-17,0.6627431695115057,0.38270418501178394,
4460df2038,180,433,16021,160.21,101.12547051218397,4.908241685449744e-17,0.6627431695115057,0.35018186969815895,
4460df2038,180,434,16058,160.58,101.12547051218397,4.948994741973425e-17,0.6627431695115057,0.2959052653540153,
4460df2038,180,435,16095,160.95,101.12547051218397,5.0286976014271736e-17,0.6627431695115057,0.3002156914585053,
4460df2038,180,436,16132,161.32,101.12547051218397,5.063168627016848e-17,0.6627431695115057,0.32409624470020715,
4460df2038,180,437,16169,161.69,101.12547051218397,5.10980159380766e-17,0.6627431695115057,0.3106977836378026,
4460df2038,180,438,16206,162.06,101.12547051218397,1.0078493934505593e-16,0.6627431695115057,0.3517507789266399,
4460df2038,180,439,16243,162.43,101.12547051218397,5.124751878120712e-17,0.6627431695115057,0.210381434965277,
4460df2038,180,440,16280,162.8,101.12547051218397,1.0109283369549267e-16,0.6627431695115057,0.29878691631929655,
4460df2038,180,441,16317,163.17,101.12547051218397,9.977139462715389e-17,0.6627431695115057,0.33836043246767045,
4460df2038,180,442,16354,163.54,101.12547051218397,5.108706248579006e-17,0.6627431695115057,0.379180817903686,
4460df2038,180,443,16391,163.91,101.12547051218397,5.069245602799577e-17,0.6627431695115057,0.2767499189728348,
4460df2038,180,444,16428,164.28,101.12547051218397,1.014101756473013e-16,0.6627431695115057,0.25267771595818855,
4460df2038,180,445,16465,164.65,101.12547051218397,2.5059523220865628e-17,0.6627431695115057,0.3140979186597134,
4460df2038,180,446,16502,165.02,101.12547051218397,5.0160950014315415e-17,0.6627431695115057,0.295667953718568,
4460df2038,180,447,16539,165.39,101.12547051218397,1.0100089894241334e-16,0.6627431695115057,0.35313210838084924,
4460df2038,180,448,16576,165.76,101.12547051218397,5.0832052435862914e-17,0.6627431695115057,0.24197258053872853,
4460df2038,180,449,16613,166.13,101.12547051218397,1.0261273210315756e-16,0.6627431695115057,0.2896849165478167,
4460df2038,180,450,16650,166.5,101.12547051218397,1.0059596066850359e-16,0.6627431695115057,0.30934323783989043,
4460df2038,180,451,16687,166.87,101.12547051218397,4.8840778981602546e-17,0.6627431695115057,0.28720871032760503,
4460df2038,180,452,16724,167.24,101.12547051218397,9.759949799837138e-17,0.6627431695115057,0.3547949214289894,
4460df2038,180,453,16761,167.61,101.12547051218397,4.962370288839394e-17,0.6627431695115057,0.34955268612254914,
4460df2038,180,454,16798,167.98,101.12547051218397,5.0712146122159005e-17,0.6627431695115057,0.32883593213432993,
4460df2038,180,455,16835,168.35,101.12547051218397,5.0128876015973744e-17,0.6627431695115057,0.2868956080442601,
4460df2038,180,456,16872,168.72,101.12547051218397,4.79715781691736e-17,0.6627431695115057,0.23882442185589017,
4460df2038,180,457,16909,169.09,101.12547051218397,4.9912893669091526e-17,0.6627431695115057,0.2765820505906703,
4460df2038,180,458,16946,169.46,101.12547051218397,2.0484811923840337e-16,0.6627431695115057,0.3625476302454994,
4460df2038,180,459,16983,169.83,101.12547051216445,1.012505024629636e-16,0.662663614093096,0.28752382366302104,
4460df2038,180,460,17020,170.2,101.12547051216445,5.026420466517396e-17,0.662663614093096,0.2678105396071223,
4460df2038,180,461,17057,170.57,101.12547051216445,5.123200204590063e-17,0.662663614093096,0.33335023196916924,
4460df2038,180,462,17094,170.94,101.12547051216445,4.9725395154639257e-17,0.662663614093096,0.22671393589722744,
4460df2038,180,463,17131,171.31,101.12547051216445,4.915181987722104e-17,0.662663614093096,0.24639512119704485,
4460df2038,180,464,17168,171.68,101.12547051216445,4.858330358745634e-17,0.662663614093096,0.22623254046944277,
4460df2038,180,465,17205,172.05,101.12547051216445,4.8903137279127827e-17,0.662663614093096,0.2825366365781888,
4460df2038,180,466,17242,172.42,101.12547051216445,2.4548239143174964e-17,0.662663614093096,0.31211542445559665,
4460df2038,180,467,17279,172.79,101.12547051216445,4.958878697992295e-17,0.662663614093096,0.2791203990970495,
4460df2038,180,468,17316,173.16,101.12547051216445,5.0094712181651367e-17,0.662663614093096,0.3035538746262792,
4460df2038,180,469,17353,173.53,101.12547051216445,4.8423551457010976e-17,0.662663614093096,0.25296149920261657,
4460df2038,180,470,17390,173.9,101.12547051216445,4.746492525228629e-17,0.662663614093096,0.3185777376228093,
4460df2038,180,471,17427,174.27,101.12547051216445,4.7843630757210756e-17,0.662663614093096,0.21760851505734044,
4460df2038,180,472,17464,174.64,101.12547051216445,9.272561785630173e-17,0.662663614093096,0.24187752909833093,
4460df2038,180,473,17501,175.01,101.12547051216445,9.34040307060872e-17,0.662663614093096,0.19574063008419568,
4460df2038,180,474,17538,175.38,101.12547051216445,4.632091548555542e-17,0.662663614093096,0.2777098540363264,
4460df2038,180,475,17575,175.75,101.12547051216445,1.8858331185426942e-16,0.662663614093096,0.35453145328200203,
4460df2038,180,476,17612,176.12,101.12547051216445,4.7460299704836285e-17,0.662663614093096,0.25754221756823203,
4460df2038,180,477,17649,176.49,101.12547051216445,4.5715404894260704e-17,0.662663614093096,0.25227333956721365,
4460df2038,180,478,17686,176.86,101.12547051216445,4.715450208317058e-17,0.662663614093096,0.34781398693599713,
4460df2038,180,479,17723,177.23,101.12547051216445,4.9119104593427886e-17,0.662663614093096,0.38237608495059267,
4460df2038,180,480,17760,177.6,101.12547051216445,5.034764925955776e-17,0.662663614093096,0.284187950704677,
4460df2038,180,481,17797,177.97,101.12547051216445,5.0613791110444626e-17,0.662663614093096,0.233367694527383,
4460df2038,180,482,17834,178.34,101.12547051216445,5.106211006355334e-17,0.662663614093096,0.2381864294721946,
4460df2038,180,483,17871,178.71,101.12547051216445,1.015481978447244e-16,0.662663614093096,0.3735704793367525,
4460df2038,180,484,17908,179.08,101.12547051216445,5.031730667507903e-17,0.662663614093096,0.30569987047741565,
4460df2038,180,485,17945,179.45,101.12547051216445,1.0052825298189622e-16,0.662663614093096,0.2861380158001578,
4460df2038,180,486,17982,179.82,101.12547051216445,,0.662663614093096,0.17409498456470637,
0ebeea82dc,180,0,0,0.0,516651013610901.0,22.99970113319473,119640441474639.08,50668347969293.26,"ProjectedCommonDirectionsConfig(subspace_frac_grads=0.09, subspace_frac_updates=0, subspace_frac_random=0.09, direction_str=sd, random_proj=True, random_proj_dim_frac=0.2, ensemble=haar, inner_use_full_grad=True, orth_P_k=True, beta=0.001, tau=0.5, c_const=inf, N_try=200, alpha_max=100, p_const=1)"
0ebeea82dc,180,1,37,0.37,100468093733550.81,6.73279541267715,52758622167311.02,26229676214101.727,
0ebeea82dc,180,2,74,0.74,7323924867481.022,1.8616847657413962,14244634303194.15,5633899205486.723,
0ebeea82dc,180,3,111,1.11,807331605591.7103,0.6454147790707083,4729392315110.035,2314938486847.8574,
0ebeea82dc,180,4,148,1.48,165182839438.7913,0.29743654493195154,2139251412961.4934,1039071851281.3975,
0ebeea82dc,180,5,185,1.85,42547480735.44936,0.15457927565591914,1085716126700.6768,543968623064.5361,
0ebeea82dc,180,6,222,2.22,14350964013.9047,0.09260432712375824,630550537469.048,247211667022.25436,
0ebeea82dc,180,7,259,2.59,6674620692.268954,0.06424386904743133,430023961775.0264,177908009596.93033,
0ebeea82dc,180,8,296,2.96,3660064511.594461,0.04917519920150233,318437149863.333,156860549840.1836,
0ebeea82dc,180,9,333,3.33,2705107016.0446997,0.041899835242939894,273761001709.82913,123882967913.24673,
0ebeea82dc,180,10,370,3.7,1848999177.8541403,0.03428448120682419,226332912046.13086,74777757517.56091,
0ebeea82dc,180,11,407,4.07,1152097933.2895176,0.02720801259384279,178658648251.73947,73765985856.62692,
0ebeea82dc,180,12,444,4.44,753292783.2968587,0.022120106179700783,144464533095.11612,62253589252.62334,
0ebeea82dc,180,13,481,4.81,516835568.732499,0.017767878779331205,119661796497.29977,53472866649.07847,
0ebeea82dc,180,14,518,5.18,267427450.1632553,0.012711103102087437,86076039001.60669,32062950637.73676,
0ebeea82dc,180,15,555,5.55,131261714.54430485,0.009017543259091628,60304293401.096344,31179422660.1747,
0ebeea82dc,180,16,592,5.92,72604841.47239476,0.006880546315311064,44849938549.62073,20510493069.79196,
0ebeea82dc,180,17,629,6.29,50665291.991420716,0.005516804549116183,37465730565.018394,16118519744.554913,
0ebeea82dc,180,18,666,6.66,24181326.100260016,0.0038129987708891452,25883232462.596806,13605557979.321583,
0ebeea82dc,180,19,703,7.03,11591940.901475122,0.0026899673180629463,17920723901.0413,10615626918.117428,
0ebeea82dc,180,20,740,7.4,6643479.770783093,0.002049392874877677,13566688927.233034,6679299842.172704,
0ebeea82dc,180,21,777,7.77,4036889.903293186,0.0016688265160141663,10575413977.470919,5829783244.479633,
0ebeea82dc,180,22,814,8.14,3581417.447966068,0.001534905210353709,9960948737.665588,3750678836.858875,
0ebeea82dc,180,23,851,8.51,2597692.126660593,0.0013261085003411473,8483298517.281864,3965461275.596733,
0ebeea82dc,180,24,888,8.88,2130319.940012231,0.001198073641746707,7682303704.043934,4186838377.7793307,
0ebeea82dc,180,25,925,9.25,1712680.4355436023,0.0010676217413929632,6888183537.661885,2930215475.0220747,
0ebeea82dc,180,26,962,9.62,1306418.6760150655,0.000940133427292002,6015943445.191277,2990945789.1306024,
0ebeea82dc,180,27,999,9.99,1068712.419417887,0.0008486693525563472,5441131775.567446,2640679365.179001,
0ebeea82dc,180,28,1036,10.36,860164.4488388409,0.0007392741875779499,4881402036.655856,1914800963.5733545,
0ebeea82dc,180,29,1073,10.73,535006.2233983254,0.0006057022236777384,3849618852.58303,1668735705.7349057,
0ebeea82dc,180,30,1110,11.1,463289.40562628716,0.0005589308244113693,3582268589.8302045,1275615237.2408586,
0ebeea82dc,180,31,1147,11.47,373989.4976005382,0.0004897202374241974,3218476507.6608157,1464450653.9695768,
0ebeea82dc,180,32,1184,11.84,242682.30444266825,0.00039423588532559647,2592435233.409178,1057879986.3851234,
0ebeea82dc,180,33,1221,12.21,156680.26972142074,0.00030633193997933267,2082794017.821146,807575604.7674671,
0ebeea82dc,180,34,1258,12.58,73981.0351220657,0.0002037240875137837,1430680118.0374515,591849276.440339,
0ebeea82dc,180,35,1295,12.95,25060.836725951922,0.00012242039920262634,831570630.5557158,415416834.18833214,
0ebeea82dc,180,36,1332,13.32,11987.27414226635,8.494730645883688e-05,573852057.4701654,276288008.7220432,
0ebeea82dc,180,37,1369,13.69,6073.135286768179,6.236702420707029e-05,406761294.218084,192306520.22398916,
0ebeea82dc,180,38,1406,14.06,4247.845673290523,5.1659504660077366e-05,338946950.04614776,156237106.63654932,
0ebeea82dc,180,39,1443,14.43,2831.7957444414646,4.262821668185191e-05,275051485.82372427,114761380.91514304,
0ebeea82dc,180,40,1480,14.8,2182.805375738541,3.6716665080584734e-05,240152072.53427747,98234336.06444675,
0ebeea82dc,180,41,1517,15.17,1510.6133520921162,3.052957952936318e-05,197610509.1637743,74947460.72852823,
0ebeea82dc,180,42,1554,15.54,1146.7753550499513,2.5498111758820204e-05,170205077.21908274,68414567.1455542,
0ebeea82dc,180,43,1591,15.91,689.5025777691824,1.8660362501615847e-05,127675405.95238212,60767991.48045445,
0ebeea82dc,180,44,1628,16.28,361.95091292512063,1.2663961144726771e-05,85006931.63231319,27573958.70955247,
0ebeea82dc,180,45,1665,16.65,240.39695328291845,9.371952346512374e-06,62116998.68813467,34085039.282699324,
0ebeea82dc,180,46,1702,17.02,184.8101529820122,7.233253120116903e-06,48150671.74779351,15219683.569360465,
0ebeea82dc,180,47,1739,17.39,149.4351891773534,5.294957364842326e-06,36584457.39936275,13634735.848138617,
0ebeea82dc,180,48,1776,17.76,120.5157864169204,3.3214580022067012e-06,23177778.400244255,9614544.129434537,
0ebeea82dc,180,49,1813,18.13,108.13968282510308,2.064674242051528e-06,13940193.997739555,6806954.528588738,
0ebeea82dc,180,50,1850,18.5,104.66792206904648,1.4625482407419598e-06,9906752.746238105,3631916.490813035,
0ebeea82dc,180,51,1887,18.87,102.85947380742361,1.0336275053936965e-06,6931134.442950267,2553948.01353663,
0ebeea82dc,180,52,1924,19.24,102.06037560106871,7.369186234281056e-07,5089359.451588233,2549050.0619520377,
0ebeea82dc,180,53,1961,19.61,101.50241890633104,4.815975949951866e-07,3231620.1780485823,1554627.66077017,
0ebeea82dc,180,54,1998,19.98,101.3274014786878,3.5352840194715615e-07,2365270.5454034335,1074735.519499504,
0ebeea82dc,180,55,2035,20.35,101.23669132427356,2.553060985138179e-07,1755385.0359739736,608835.0017895623,
0ebeea82dc,180,56,2072,20.72,101.17240209905874,1.690124316739301e-07,1140281.2266571987,480093.98922514997,
0ebeea82dc,180,57,2109,21.09,101.14934346883217,1.2049576426772325e-07,813265.6917733462,324567.2865325346,
0ebeea82dc,180,58,2146,21.46,101.13756920407405,8.658930197451943e-08,578959.9542225702,229733.71255331475,
0ebeea82dc,180,59,2183,21.83,101.13217361114908,6.441997328595259e-08,430940.2799709772,147404.91284432824,
0ebeea82dc,180,60,2220,22.2,101.12916727638732,4.8664933267165224e-08,320029.5859437022,114784.10345421107,
0ebeea82dc,180,61,2257,22.57,101.12785557121329,3.894598979979082e-08,257056.56800772337,112586.01395002876,
0ebeea82dc,180,62,2294,22.94,101.12695923966174,3.015789414803093e-08,203089.06673049476,85817.52030846248,
0ebeea82dc,180,63,2331,23.31,101.12624141250923,2.2354560505534905e-08,146142.90825412283,57945.496203239236,
0ebeea82dc,180,64,2368,23.68,101.12599473821618,1.773065742900364e-08,120514.12629489743,40839.428026386995,
0ebeea82dc,180,65,2405,24.05,101.1257186528613,1.2178162442514561e-08,82913.64536469126,35178.13523944851,
0ebeea82dc,180,66,2442,24.42,101.12558603959519,8.462576383718351e-09,56574.094751668395,25360.761115555975,
0ebeea82dc,180,67,2479,24.79,101.12553461488673,6.336998759875047e-09,42141.58026909028,21474.355108980635,
0ebeea82dc,180,68,2516,25.16,101.12550786824876,4.8415186243963364e-09,32169.73147238399,15751.335401644183,
0ebeea82dc,180,69,2553,25.53,101.12549245019592,3.783806562198699e-09,24651.979115272214,12055.907023808277,
0ebeea82dc,180,70,2590,25.9,101.1254858882838,3.1465304416070343e-09,20638.25453662484,8644.683735593893,
0ebeea82dc,180,71,2627,26.27,101.12548066786155,2.6064920798127386e-09,16771.896010557102,7512.272901619055,
0ebeea82dc,180,72,2664,26.64,101.12547843822449,2.2766258616571583e-09,14816.616108559292,7541.612252550455,
0ebeea82dc,180,73,2701,27.01,101.12547612065491,1.9208278906234595e-09,12462.659477643589,4950.044894909017,
0ebeea82dc,180,74,2738,27.38,101.1254745882851,1.5904204919965994e-09,10624.192297962663,4257.074692587319,
0ebeea82dc,180,75,2775,27.75,101.1254727908749,1.2098761859320673e-09,7942.158944815286,4760.733178002592,
0ebeea82dc,180,76,2812,28.12,101.12547200674533,9.907009248982394e-10,6430.655479402861,2954.108190630452,
0ebeea82dc,180,77,2849,28.49,101.12547159514313,8.393956844446958e-10,5471.576327236026,2828.9588138123877,
0ebeea82dc,180,78,2886,28.86,101.12547126748932,7.083544805091368e-10,4570.405625882332,1669.8457558231469,
0ebeea82dc,180,79,2923,29.23,101.12547108927699,6.182806274547782e-10,3991.001004661489,1346.965303483885,
0ebeea82dc,180,80,2960,29.6,101.1254709510123,5.38420290354973e-10,3478.4390348830093,1479.4963776382378,
0ebeea82dc,180,81,2997,29.97,101.12547084291897,4.703650185394981e-10,3020.7158993193157,1418.587774982894,
0ebeea82dc,180,82,3034,30.34,101.12547077442225,4.217158877022177e-10,2690.896300165302,1352.5411450684892,
0ebeea82dc,180,83,3071,30.71,101.12547073394421,3.8001396940967725e-10,2463.068165152588,746.7549568670884,
0ebeea82dc,180,84,3108,31.08,101.12547067530832,3.140007644333055e-10,2109.0878161999726,1073.4022549739334,
0ebeea82dc,180,85,3145,31.45,101.12547059917252,2.2343628687988364e-10,1536.4804673254703,750.7778548226412,
0ebeea82dc,180,86,3182,31.82,101.12547055047891,1.4835432471323385e-10,997.3576221884101,547.6180257939974,
0ebeea82dc,180,87,3219,32.19,101.12547053350623,1.086623541281606e-10,723.5117142600216,376.2838934896508,
0ebeea82dc,180,88,3256,32.56,101.12547052571783,8.273281212375241e-11,549.1452401883056,282.86105655120787,
0ebeea82dc,180,89,3293,32.93,101.12547052124795,6.518118804851568e-11,422.8564980502097,180.74446861137645,
0ebeea82dc,180,90,3330,33.3,101.12547051916904,5.6231087304186794e-11,360.66364350840604,173.41968943449731,
0ebeea82dc,180,91,3367,33.67,101.12547051849,4.9140464925497285e-11,323.00910987406826,120.87882365780122,
0ebeea82dc,180,92,3404,34.04,101.1254705173248,4.04414731452202e-11,259.9809381350991,116.4481109119421,
0ebeea82dc,180,93,3441,34.41,101.12547051632765,3.622483568060157e-11,230.60059055682325,100.78779969213721,
0ebeea82dc,180,94,3478,34.78,101.12547051555211,1.6619610539493568e-11,213.16227960578098,97.96393716305,
0ebeea82dc,180,95,3515,35.15,101.12547051482532,3.4046810852494724e-12,11.062634735254358,3.5565891732454955,
0ebeea82dc,180,96,3552,35.52,101.12547051422095,9.018113610877292e-12,29.79461839440939,10.790949840821307,
0ebeea82dc,180,97,3589,35.89,101.12547051385512,7.051959228200217e-16,76.6341944247829,29.43744831411863,
0ebeea82dc,180,98,3626,36.26,101.1254705138431,3.449400821056743e-16,76.62895231233666,19.36502172267918,
0ebeea82dc,180,99,3663,36.63,101.12547051381712,4.2183356832563137e-17,76.62746683589357,26.862076793844224,
0ebeea82dc,180,100,3700,37.0,101.12547051381712,1.3358554531833662e-18,76.62746683589357,36.31291385797626,
0ebeea82dc,180,101,3737,37.37,101.12547051381712,1.3815124868198376e-18,76.62746683589357,33.612325909381966,
0ebeea82dc,180,102,3774,37.74,101.12547051381712,2.7003973195127382e-18,76.62746683589357,36.243654218295525,
0ebeea82dc,180,103,3811,38.11,101.12547051381712,1.0690042474356663e-17,76.62746683589357,38.79447958979976,
0ebeea82dc,180,104,3848,38.48,101.12547051381712,1.7833697653018626e-13,76.62746683589357,30.9546055090128,
0ebeea82dc,180,105,3885,38.85,101.12547051370638,2.2100339976284327e-14,74.55636807827675,33.57156272530662,
0ebeea82dc,180,106,3922,39.22,101.12547051359414,6.780929845898913e-16,74.29482296656292,27.61022300326977,
0ebeea82dc,180,107,3959,39.59,101.1254705135774,1.715664319326005e-16,74.2907826711744,25.53925416017444,
0ebeea82dc,180,108,3996,39.96,101.1254705135669,8.675699809232005e-17,74.29025880480836,39.19708985667649,
0ebeea82dc,180,109,4033,40.33,101.12547051356061,2.1861484843932282e-17,74.29017643535421,34.072193983176675,
0ebeea82dc,180,110,4070,40.7,101.12547051356061,2.7083978100814566e-18,74.29017643535421,33.064394891787465,
0ebeea82dc,180,111,4107,41.07,101.12547051356061,4.5173917974500626e-14,74.29017643535421,42.894818789140395,
0ebeea82dc,180,112,4144,41.44,101.1254705134204,5.5394079013903006e-18,73.73995957925003,31.164210390343904,
0ebeea82dc,180,113,4181,41.81,101.1254705134204,5.467062566508433e-18,73.73995957925003,18.191087329525068,
0ebeea82dc,180,114,4218,42.18,101.1254705134204,5.493023024563025e-18,73.73995957925003,25.877651664427248,
0ebeea82dc,180,115,4255,42.55,101.1254705134204,1.6960422609608704e-16,73.73995957925003,31.350101014478316,
0ebeea82dc,180,116,4292,42.92,101.12547051340792,1.0721729270715559e-17,73.73962268845922,27.435084919560104,
0ebeea82dc,180,117,4329,43.29,101.12547051340792,1.0492642295115832e-17,73.73962268845922,31.004769007905946,
0ebeea82dc,180,118,4366,43.66,101.12547051340792,4.285261788613636e-17,73.73962268845922,35.16846167332819,
0ebeea82dc,180,119,4403,44.03,101.12547051340792,2.1017996609919826e-17,73.73962268845922,34.26027297694213,
0ebeea82dc,180,120,4440,44.4,101.12547051340792,4.131483182140803e-17,73.73962268845922,35.97976125337851,
0ebeea82dc,180,121,4477,44.77,101.12547051340792,1.3376435862902615e-12,73.73962268845922,34.246839728842616,
0ebeea82dc,180,122,4514,45.14,101.12547051340738,2.675356810529233e-16,58.6031347077641,26.33701078709789,
0ebeea82dc,180,123,4551,45.51,101.12547051334535,6.954581413406059e-17,58.60247343958689,29.458073568110734,
0ebeea82dc,180,124,4588,45.88,101.12547051333928,1.7385461294390234e-17,58.60240661227391,19.920660916156052,
0ebeea82dc,180,125,4625,46.25,101.12547051333928,1.7300505822995743e-17,58.60240661227391,19.426546669480544,
0ebeea82dc,180,126,4662,46.62,101.12547051333928,1.7693102902712133e-17,58.60240661227391,29.287441368928732,
0ebeea82dc,180,127,4699,46.99,101.12547051333928,2.7757799212336604e-16,58.60240661227391,23.081679548210435,
0ebeea82dc,180,128,4736,47.36,101.12547051325599,8.899946546467885e-15,58.60135395309754,25.623896699478394,
0ebeea82dc,180,129,4773,47.73,101.12547051318782,2.1981998177919343e-15,58.4953967090704,31.91416381776079,
0ebeea82dc,180,130,4810,48.1,101.12547051295572,3.457302938960082e-14,58.47133167638707,28.48659173156285,
0ebeea82dc,180,131,4847,48.47,101.12547051258312,1.288541381052696e-16,58.06434000950973,27.768834437769854,
0ebeea82dc,180,132,4884,48.84,101.12547051258231,3.280394989660879e-17,58.06420445107296,27.115024966126562,
0ebeea82dc,180,133,4921,49.21,101.12547051258231,3.3980954961729837e-17,58.06420445107296,26.18710450257202,
0ebeea82dc,180,134,4958,49.58,101.12547051258231,3.409885985147429e-17,58.06420445107296,25.49695525471979,
0ebeea82dc,180,135,4995,49.95,101.12547051258231,8.412121483882804e-18,58.06420445107296,22.091065390938695,
0ebeea82dc,180,136,5032,50.32,101.12547051258231,4.169314238101032e-18,58.06420445107296,24.095868522287045,
0ebeea82dc,180,137,5069,50.69,101.12547051258231,1.0605824569276729e-18,58.06420445107296,25.061246770375366,
0ebeea82dc,180,138,5106,51.06,101.12547051258231,1.0800478555953352e-18,58.06420445107296,32.70437027946092,
0ebeea82dc,180,139,5143,51.43,101.12547051258231,1.0691432196142133e-18,58.06420445107296,25.20001050402487,
0ebeea82dc,180,140,5180,51.8,101.12547051258231,1.077984314051436e-18,58.06420445107296,21.895540058780433,
0ebeea82dc,180,141,5217,52.17,101.12547051258231,2.777377945630493e-16,58.06420445107296,24.028748526971448,
0ebeea82dc,180,142,5254,52.54,101.1254705125794,5.574395542329688e-16,58.063315958470554,27.404130165853804,
0ebeea82dc,180,143,5291,52.91,101.12547051231294,3.4483454803903824e-17,58.05989099747765,22.582807772059084,
0ebeea82dc,180,144,5328,53.28,101.12547051231294,3.4271627707453713e-17,58.05989099747765,27.94869123800112,
0ebeea82dc,180,145,5365,53.65,101.12547051230655,8.608233856686717e-18,58.0598590109091,31.795536091760933,
0ebeea82dc,180,146,5402,54.02,101.12547051230655,4.406543544847627e-18,58.0598590109091,31.996142481842064,
0ebeea82dc,180,147,5439,54.39,101.12547051230655,1.7071626960337964e-17,58.0598590109091,18.216577481462085,
0ebeea82dc,180,148,5476,54.76,101.12547051230655,8.500381208959174e-18,58.0598590109091,22.97382969434829,
0ebeea82dc,180,149,5513,55.13,101.12547051230655,8.463936033759898e-18,58.0598590109091,21.28257243112695,
0ebeea82dc,180,150,5550,55.5,101.12547051230655,1.6535630831387824e-17,58.0598590109091,16.504122237402218,
0ebeea82dc,180,151,5587,55.87,101.12547051230655,8.22993337817508e-18,58.0598590109091,25.631492432952747,
0ebeea82dc,180,152,5624,56.24,101.12547051230655,1.6453736835223713e-17,58.0598590109091,29.138906870422748,
0ebeea82dc,180,153,5661,56.61,101.12547051230655,1.6431388507854735e-17,58.0598590109091,32.967614002132485,
0ebeea82dc,180,154,5698,56.98,101.12547051230655,7.971186791529808e-18,58.0598590109091,20.07547185453641,
0ebeea82dc,180,155,5735,57.35,101.12547051230655,1.651071409245027e-17,58.0598590109091,30.606076391646937,
0ebeea82dc,180,156,5772,57.72,101.12547051230655,3.268674785223872e-17,58.0598590109091,32.15400150856354,
0ebeea82dc,180,157,5809,58.09,101.12547051230655,1.6865505810785392e-17,58.0598590109091,26.799856545931082,
0ebeea82dc,180,158,5846,58.46,101.12547051230655,8.705602822510189e-18,58.0598590109091,24.126929753600454,
0ebeea82dc,180,159,5883,58.83,101.12547051230655,4.377105242204853e-18,58.0598590109091,29.201453060009815,
0ebeea82dc,180,160,5920,59.2,101.12547051230655,8.714745515785968e-18,58.0598590109091,21.786081089235925,
0ebeea82dc,180,161,5957,59.57,101.12547051230655,8.933057756580868e-18,58.0598590109091,24.1719212114915,
0ebeea82dc,180,162,5994,59.94,101.12547051230655,4.350634902073656e-18,58.0598590109091,25.87610849647499,
0ebeea82dc,180,163,6031,60.31,101.12547051230655,4.387466130434598e-18,58.0598590109091,33.98661081460312,
0ebeea82dc,180,164,6068,60.68,101.12547051230655,4.305038465249224e-18,58.0598590109091,28.425166287876767,
0ebeea82dc,180,165,6105,61.05,101.12547051230655,8.495381013878809e-18,58.0598590109091,24.251437918842377,
0ebeea82dc,180,166,6142,61.42,101.12547051230655,4.279255413266741e-18,58.0598590109091,24.550223177894523,
0ebeea82dc,180,167,6179,61.79,101.12547051230655,4.216073711367317e-18,58.0598590109091,27.032477742722374,
0ebeea82dc,180,168,6216,62.16,101.12547051230655,4.252136253727653e-18,58.0598590109091,23.301146001568632,
0ebeea82dc,180,169,6253,62.53,101.12547051230655,4.236256709843371e-18,58.0598590109091,25.75937016984217,
0ebeea82dc,180,170,6290,62.9,101.12547051230655,1.0496728235412926e-18,58.0598590109091,29.6996615649391,
0ebeea82dc,180,171,6327,63.27,101.12547051230655,1.0583536009957292e-18,58.0598590109091,28.53774510601586,
0ebeea82dc,180,172,6364,63.64,101.12547051230655,2.158301886114829e-18,58.0598590109091,29.421433632341273,
0ebeea82dc,180,173,6401,64.01,101.12547051230655,4.1551429945339275e-18,58.0598590109091,29.236119620078185,
0ebeea82dc,180,174,6438,64.38,101.12547051230655,4.165721586717882e-18,58.0598590109091,27.85744203127423,
0ebeea82dc,180,175,6475,64.75,101.12547051230655,4.243671421196106e-18,58.0598590109091,24.274773175294744,
0ebeea82dc,180,176,6512,65.12,101.12547051230655,8.513594538142608e-18,58.0598590109091,21.007595263804603,
0ebeea82dc,180,177,6549,65.49,101.12547051230655,8.56738580337183e-18,58.0598590109091,25.145080300681997,
0ebeea82dc,180,178,6586,65.86,101.12547051230655,1.727919110983127e-17,58.0598590109091,20.517470116741794,
0ebeea82dc,180,179,6623,66.23,101.12547051230655,1.3740672687944099e-16,58.0598590109091,23.32324706280323,
0ebeea82dc,180,180,6660,66.6,101.12547051230365,1.3883325880951582e-16,58.059702151840305,31.47332666494749,
0ebeea82dc,180,181,6697,66.97,101.12547051229504,6.816602216690286e-17,58.05949081466725,21.345012504878017,
0ebeea82dc,180,182,6734,67.34,101.12547051229217,1.3766972171344713e-16,58.05946600738984,26.615297105989793,
0ebeea82dc,180,183,6771,67.71,101.1254705122881,6.745769216598962e-17,58.05926616862747,24.936722525334247,
0ebeea82dc,180,184,6808,68.08,101.12547051228199,6.889250088486841e-17,58.059225088154705,32.83227827878207,
0ebeea82dc,180,185,6845,68.45,101.12547051227513,2.106732142061109e-18,58.05918693300964,22.544494212397776,
0ebeea82dc,180,186,6882,68.82,101.12547051227513,4.270784899908291e-18,58.05918693300964,29.402733909885683,
0ebeea82dc,180,187,6919,69.19,101.12547051227513,2.139763136373764e-18,58.05918693300964,25.734187237001706,
0ebeea82dc,180,188,6956,69.56,101.12547051227513,1.0834863297025625e-18,58.05918693300964,24.724402535850775,
0ebeea82dc,180,189,6993,69.93,101.12547051227513,1.0792537746726053e-18,58.05918693300964,27.02595994867409,
0ebeea82dc,180,190,7030,70.3,101.12547051227513,1.0830840329994837e-18,58.05918693300964,20.457952841389375,
0ebeea82dc,180,191,7067,70.67,101.12547051227513,1.06984769717455e-18,58.05918693300964,28.137394985400263,
0ebeea82dc,180,192,7104,71.04,101.12547051227513,1.0698004477297017e-18,58.05918693300964,24.82923398586136,
0ebeea82dc,180,193,7141,71.41,101.12547051227513,1.0553606605857939e-18,58.05918693300964,27.553355182223143,
0ebeea82dc,180,194,7178,71.78,101.12547051227513,1.0836524413588598e-18,58.05918693300964,26.77604734136878,
0ebeea82dc,180,195,7215,72.15,101.12547051227513,2.10531223978885e-18,58.05918693300964,22.29161902468371,
0ebeea82dc,180,196,7252,72.52,101.12547051227513,1.0342897034770492e-18,58.05918693300964,24.203240945311215,
0ebeea82dc,180,197,7289,72.89,101.12547051227513,2.018265956955026e-18,58.05918693300964,21.31821315404767,
0ebeea82dc,180,198,7326,73.26,101.12547051227513,1.000119377395233e-18,58.05918693300964,25.651108347918612,
0ebeea82dc,180,199,7363,73.63,101.12547051227513,2.05960351231896e-18,58.05918693300964,35.442731338115074,
0ebeea82dc,180,200,7400,74.0,101.12547051227513,2.0639768077147353e-18,58.05918693300964,21.77158633664654,
0ebeea82dc,180,201,7437,74.37,101.12547051227513,1.0709618140318783e-18,58.05918693300964,27.051868344696775,
0ebeea82dc,180,202,7474,74.74,101.12547051227513,2.1348625933958587e-18,58.05918693300964,26.746158308089484,
0ebeea82dc,180,203,7511,75.11,101.12547051227513,2.0847420470574328e-18,58.05918693300964,26.06486249833429,
0ebeea82dc,180,204,7548,75.48,101.12547051227513,2.101797993787252e-18,58.05918693300964,27.824760249718082,
0ebeea82dc,180,205,7585,75.85,101.12547051227513,2.0240678202798933e-18,58.05918693300964,21.667668122607076,
0ebeea82dc,180,206,7622,76.22,101.12547051227513,1.0307621058800473e-18,58.05918693300964,20.31214777577227,
0ebeea82dc,180,207,7659,76.59,101.12547051227513,2.117401507962188e-18,58.05918693300964,27.058661511440892,
0ebeea82dc,180,208,7696,76.96,101.12547051227513,2.0798097522352934e-18,58.05918693300964,29.723141310772974,
0ebeea82dc,180,209,7733,77.33,101.12547051227513,2.131539703075029e-18,58.05918693300964,26.58672922862452,
0ebeea82dc,180,210,7770,77.7,101.12547051227513,2.1360830409874138e-18,58.05918693300964,26.757577068443087,
0ebeea82dc,180,211,7807,78.07,101.12547051227513,2.075322996678047e-18,58.05918693300964,18.23607456404954,
0ebeea82dc,180,212,7844,78.44,101.12547051227513,2.084460771974286e-18,58.05918693300964,32.699927035062025,
0ebeea82dc,180,213,7881,78.81,101.12547051227513,4.078444488726652e-18,58.05918693300964,24.262365020145804,
0ebeea82dc,180,214,7918,79.18,101.12547051227513,4.109941575009984e-18,58.05918693300964,24.033928738628017,
0ebeea82dc,180,215,7955,79.55,101.12547051227513,4.128766338256825e-18,58.05918693300964,30.34055082054122,
0ebeea82dc,180,216,7992,79.92,101.12547051227513,8.166767500293988e-18,58.05918693300964,21.02559463195729,
0ebeea82dc,180,217,8029,80.29,101.12547051227513,8.437451854727915e-18,58.05918693300964,31.166711277714068,
0ebeea82dc,180,218,8066,80.66,101.12547051227513,2.097574681979556e-18,58.05918693300964,16.419611916648662,
0ebeea82dc,180,219,8103,81.03,101.12547051227513,2.122995320191757e-18,58.05918693300964,26.36994603059919,
0ebeea82dc,180,220,8140,81.4,101.12547051227513,2.1416582738948248e-18,58.05918693300964,24.718935440751505,
0ebeea82dc,180,221,8177,81.77,101.12547051227513,4.1263098893129426e-18,58.05918693300964,16.21262006897758,
0ebeea82dc,180,222,8214,82.14,101.12547051227513,4.310630079003376e-18,58.05918693300964,30.24270185375112,
0ebeea82dc,180,223,8251,82.51,101.12547051227513,2.10975313026913e-18,58.05918693300964,27.28513879606751,
0ebeea82dc,180,224,8288,82.88,101.12547051227513,4.186159533174425e-18,58.05918693300964,29.28499168019714,
0ebeea82dc,180,225,8325,83.25,101.12547051227513,4.231067062038262e-18,58.05918693300964,24.340976028465914,
0ebeea82dc,180,226,8362,83.62,101.12547051227513,4.214151153168206e-18,58.05918693300964,22.302085510835504,
0ebeea82dc,180,227,8399,83.99,101.12547051227513,4.243487395047943e-18,58.05918693300964,24.050819156144353,
0ebeea82dc,180,228,8436,84.36,101.12547051227513,4.325800356121419e-18,58.05918693300964,25.1441787855171,
0ebeea82dc,180,229,8473,84.73,101.12547051227513,2.1198799843088293e-18,58.05918693300964,18.41478525949282,
0ebeea82dc,180,230,8510,85.1,101.12547051227513,2.1450142013077395e-18,58.05918693300964,25.185524740109823,
0ebeea82dc,180,231,8547,85.47,101.12547051227513,1.0353136107861294e-18,58.05918693300964,26.262057107021192,
0ebeea82dc,180,232,8584,85.84,101.12547051227513,1.0748188450186247e-18,58.05918693300964,22.26807122137257,
0ebeea82dc,180,233,8621,86.21,101.12547051227513,2.080089218327923e-18,58.05918693300964,18.866567960513777,
0ebeea82dc,180,234,8658,86.58,101.12547051227513,2.066857862890267e-18,58.05918693300964,22.58801795556013,
0ebeea82dc,180,235,8695,86.95,101.12547051227513,2.0757561173896603e-18,58.05918693300964,23.883794647107944,
0ebeea82dc,180,236,8732,87.32,101.12547051227513,3.9368011547510526e-18,58.05918693300964,28.707948479304598,
0ebeea82dc,180,237,8769,87.69,101.12547051227513,1.9409785864730073e-18,58.05918693300964,24.191941299017234,
0ebeea82dc,180,238,8806,88.06,101.12547051227513,3.998104563968395e-18,58.05918693300964,28.732321950534818,
0ebeea82dc,180,239,8843,88.43,101.12547051227513,2.017044865724124e-18,58.05918693300964,27.4218106526197,
0ebeea82dc,180,240,8880,88.8,101.12547051227513,2.0174515025336256e-18,58.05918693300964,18.825286657089723,
0ebeea82dc,180,241,8917,89.17,101.12547051227513,2.090105850667748e-18,58.05918693300964,25.110109250292318,
0ebeea82dc,180,242,8954,89.54,101.12547051227513,1.0641671280288774e-18,58.05918693300964,23.099141436650992,
0ebeea82dc,180,243,8991,89.91,101.12547051227513,1.0546320761028284e-18,58.05918693300964,25.006090912756974,
0ebeea82dc,180,244,9028,90.28,101.12547051227513,1.0779081485792146e-18,58.05918693300964,23.649051726438234,
0ebeea82dc,180,245,9065,90.65,101.12547051227513,1.0638420477793207e-18,58.05918693300964,22.465472585971124,
0ebeea82dc,180,246,9102,91.02,101.12547051227513,5.358001137450443e-19,58.05918693300964,24.30699514091225,
0ebeea82dc,180,247,9139,91.39,101.12547051227513,5.491945196343563e-19,58.05918693300964,21.778736522933915,
0ebeea82dc,180,248,9176,91.76,101.12547051227513,5.231258825061341e-19,58.05918693300964,22.106216494798414,
0ebeea82dc,180,249,9213,92.13,101.12547051227513,1.0657591234867798e-18,58.05918693300964,30.223956933819007,
0ebeea82dc,180,250,9250,92.5,101.12547051227513,1.0688880003832052e-18,58.05918693300964,28.364001569998553,
0ebeea82dc,180,251,9287,92.87,101.12547051227513,2.126532065165015e-18,58.05918693300964,23.40754023947516,
0ebeea82dc,180,252,9324,93.24,101.12547051227513,2.1106452276756147e-18,58.05918693300964,21.417343882331426,
0ebeea82dc,180,253,9361,93.61,101.12547051227513,2.1127110690953752e-18,58.05918693300964,29.968082856208188,
0ebeea82dc,180,254,9398,93.98,101.12547051227513,2.1484434763085245e-18,58.05918693300964,29.638010235189363,
0ebeea82dc,180,255,9435,94.35,101.12547051227513,2.1314354300579147e-18,58.05918693300964,24.08704052643535,
0ebeea82dc,180,256,9472,94.72,101.12547051227513,2.7375453768138563e-16,58.05918693300964,26.6911450441511,
0ebeea82dc,180,257,9509,95.09,101.12547051225839,1.4018505712810915e-16,58.058342984618506,30.95708938994268,
0ebeea82dc,180,258,9546,95.46,101.12547051225829,4.317522631913653e-18,58.05811806785874,24.11354729292076,
0ebeea82dc,180,259,9583,95.83,101.12547051225829,8.639276496241184e-18,58.05811806785874,26.27186481734043,
0ebeea82dc,180,260,9620,96.2,101.12547051225829,8.646006091898689e-18,58.05811806785874,23.761512728708166,
0ebeea82dc,180,261,9657,96.57,101.12547051225829,4.214540591587403e-18,58.05811806785874,26.76761201124139,
0ebeea82dc,180,262,9694,96.94,101.12547051225829,8.647403140169894e-18,58.05811806785874,24.60454438238127,
0ebeea82dc,180,263,9731,97.31,101.12547051225829,1.6671871580937032e-17,58.05811806785874,31.105230211045942,
0ebeea82dc,180,264,9768,97.68,101.12547051225829,4.1295116959569146e-18,58.05811806785874,26.53057342679657,
0ebeea82dc,180,265,9805,98.05,101.12547051225829,2.091155085151408e-18,58.05811806785874,22.99510324897109,
0ebeea82dc,180,266,9842,98.42,101.12547051225829,2.0996665067112275e-18,58.05811806785874,23.612076775354762,
0ebeea82dc,180,267,9879,98.79,101.12547051225829,2.1172728406101345e-18,58.05811806785874,30.11788465193669,
0ebeea82dc,180,268,9916,99.16,101.12547051225829,2.1045123823925917e-18,58.05811806785874,21.64238646340722,
0ebeea82dc,180,269,9953,99.53,101.12547051225829,2.1282840646537407e-18,58.05811806785874,33.993390925546365,
0ebeea82dc,180,270,9990,99.9,101.12547051225829,2.153971629959437e-18,58.05811806785874,23.797123795797514,
0ebeea82dc,180,271,10027,100.27,101.12547051225829,2.1828336754389362e-18,58.05811806785874,30.610276211249417,
0ebeea82dc,180,272,10064,100.64,101.12547051225829,4.334556631200197e-18,58.05811806785874,20.522842728462894,
0ebeea82dc,180,273,10101,101.01,101.12547051225829,2.1468938754118927e-18,58.05811806785874,24.906588786832312,
0ebeea82dc,180,274,10138,101.38,101.12547051225829,2.186670173584054e-18,58.05811806785874,26.389037452789513,
0ebeea82dc,180,275,10175,101.75,101.12547051225829,2.2036053706400985e-18,58.05811806785874,29.05582694305618,
0ebeea82dc,180,276,10212,102.12,101.12547051225829,2.218003456001744e-18,58.05811806785874,20.659014223686818,
0ebeea82dc,180,277,10249,102.49,101.12547051225829,4.511805470469963e-18,58.05811806785874,26.462405560973448,
0ebeea82dc,180,278,10286,102.86,101.12547051225829,4.338218284433039e-18,58.05811806785874,26.90393309050867,
0ebeea82dc,180,279,10323,103.23,101.12547051225829,2.105050617683258e-18,58.05811806785874,29.129076632144194,
0ebeea82dc,180,280,10360,103.6,101.12547051225829,2.1423451104227937e-18,58.05811806785874,23.708875637756243,
0ebeea82dc,180,281,10397,103.97,101.12547051225829,2.1027442392037112e-18,58.05811806785874,20.252669566060362,
0ebeea82dc,180,282,10434,104.34,101.12547051225829,2.1213659200015776e-18,58.05811806785874,20.61036443648518,
0ebeea82dc,180,283,10471,104.71,101.12547051225829,8.405835203820877e-18,58.05811806785874,28.58125459095206,
0ebeea82dc,180,284,10508,105.08,101.12547051225829,4.1638845001216045e-18,58.05811806785874,23.75264845535174,
0ebeea82dc,180,285,10545,105.45,101.12547051225829,2.053913248112617e-18,58.05811806785874,25.733826720737937,
0ebeea82dc,180,286,10582,105.82,101.12547051225829,1.9975514506966505e-18,58.05811806785874,17.260142602458735,
0ebeea82dc,180,287,10619,106.19,101.12547051225829,2.0190376349299285e-18,58.05811806785874,17.87369878490867,
0ebeea82dc,180,288,10656,106.56,101.12547051225829,4.029384736563008e-18,58.05811806785874,26.83535659262071,
0ebeea82dc,180,289,10693,106.93,101.12547051225829,3.978506025775303e-18,58.05811806785874,18.76381801178516,
0ebeea82dc,180,290,10730,107.3,101.12547051225829,2.0273762052008886e-18,58.05811806785874,29.72596049404627,
0ebeea82dc,180,291,10767,107.67,101.12547051225829,4.152679701091272e-18,58.05811806785874,22.853768018984052,
0ebeea82dc,180,292,10804,108.04,101.12547051225829,4.053116566893894e-18,58.05811806785874,25.1596626503938,
0ebeea82dc,180,293,10841,108.41,101.12547051225829,2.0480159811749004e-18,58.05811806785874,29.801251397105315,
0ebeea82dc,180,294,10878,108.78,101.12547051225829,2.095028943170492e-18,58.05811806785874,23.33514407626008,
0ebeea82dc,180,295,10915,109.15,101.12547051225829,2.1163287487237628e-18,58.05811806785874,24.157606131154775,
0ebeea82dc,180,296,10952,109.52,101.12547051225829,2.111946220002469e-18,58.05811806785874,25.28752531159899,
0ebeea82dc,180,297,10989,109.89,101.12547051225829,4.2558640497968574e-18,58.05811806785874,29.431779628200175,
0ebeea82dc,180,298,11026,110.26,101.12547051225829,2.1264876907746875e-18,58.05811806785874,21.90002144286221,
0ebeea82dc,180,299,11063,110.63,101.12547051225829,2.1279775251776513e-18,58.05811806785874,31.79285072347518,
0ebeea82dc,180,300,11100,111.0,101.12547051225829,1.0553686449940965e-18,58.05811806785874,23.021659469639363,
0ebeea82dc,180,301,11137,111.37,101.12547051225829,2.1580307032951754e-18,58.05811806785874,26.615916061303697,
0ebeea82dc,180,302,11174,111.74,101.12547051225829,4.303119681759257e-18,58.05811806785874,27.808830406126756,
0ebeea82dc,180,303,11211,112.11,101.12547051225829,2.087081999052968e-18,58.05811806785874,26.03793530709618,
0ebeea82dc,180,304,11248,112.48,101.12547051225829,4.2471245462761445e-18,58.05811806785874,26.413115239760593,
0ebeea82dc,180,305,11285,112.85,101.12547051225829,2.1274673426882265e-18,58.05811806785874,26.341628308788174,
0ebeea82dc,180,306,11322,113.22,101.12547051225829,2.1186635001720023e-18,58.05811806785874,31.521705793354442,
0ebeea82dc,180,307,11359,113.59,101.12547051225829,1.0786564017714988e-18,58.05811806785874,21.315729320622246,
0ebeea82dc,180,308,11396,113.96,101.12547051225829,4.095196399783055e-18,58.05811806785874,30.168369293575523,
0ebeea82dc,180,309,11433,114.33,101.12547051225829,2.044976267850416e-18,58.05811806785874,26.10367554416687,
0ebeea82dc,180,310,11470,114.7,101.12547051225829,2.118623886435532e-18,58.05811806785874,26.61422429696372,
0ebeea82dc,180,311,11507,115.07,101.12547051225829,1.05402873173864e-18,58.05811806785874,30.695906221712956,
0ebeea82dc,180,312,11544,115.44,101.12547051225829,2.1387956538757324e-18,58.05811806785874,24.63949984492292,
0ebeea82dc,180,313,11581,115.81,101.12547051225829,4.395766203087071e-18,58.05811806785874,24.62319585706388,
0ebeea82dc,180,314,11618,116.18,101.12547051225829,2.1379663235954936e-18,58.05811806785874,18.546340931271637,
0ebeea82dc,180,315,11655,116.55,101.12547051225829,2.1291343117343843e-18,58.05811806785874,31.699397542000252,
0ebeea82dc,180,316,11692,116.92,101.12547051225829,4.194656326017364e-18,58.05811806785874,22.148848682846303,
0ebeea82dc,180,317,11729,117.29,101.12547051225829,4.1980860616977666e-18,58.05811806785874,24.407383825461714,
0ebeea82dc,180,318,11766,117.66,101.12547051225829,2.1279834490055938e-18,58.05811806785874,25.723792263778904,
0ebeea82dc,180,319,11803,118.03,101.12547051225829,1.2663035378361823e-16,58.05811806785874,24.05302543787228,
0ebeea82dc,180,320,11840,118.4,101.12547051225668,6.530937859507141e-17,58.057996397795755,29.628524522213198,
0ebeea82dc,180,321,11877,118.77,101.12547051225668,6.496492817437082e-17,58.057996397795755,22.568510843736323,
0ebeea82dc,180,322,11914,119.14,101.12547051225668,3.3732313082389615e-17,58.057996397795755,30.216131096781673,
0ebeea82dc,180,323,11951,119.51,101.12547051225668,3.438174736280557e-17,58.057996397795755,28.370033107448368,
0ebeea82dc,180,324,11988,119.88,101.12547051225668,6.740768824601361e-17,58.057996397795755,32.64792869356432,
0ebeea82dc,180,325,12025,120.25,101.12547051225336,1.74043522416388e-17,58.05791142932011,25.891706347275196,
0ebeea82dc,180,326,12062,120.62,101.12547051225336,4.2503084844474726e-18,58.05791142932011,25.295007621856595,
0ebeea82dc,180,327,12099,120.99,101.12547051225336,4.362337902125418e-18,58.05791142932011,27.310690177060565,
0ebeea82dc,180,328,12136,121.36,101.12547051225336,4.30259767161641e-18,58.05791142932011,17.017438810885324,
0ebeea82dc,180,329,12173,121.73,101.12547051225336,4.2317956285172204e-18,58.05791142932011,21.67509901652309,
0ebeea82dc,180,330,12210,122.1,101.12547051225336,4.160340878526884e-18,58.05791142932011,22.994979344279585,
0ebeea82dc,180,331,12247,122.47,101.12547051225336,4.19146615935396e-18,58.05791142932011,22.40641130826849,
0ebeea82dc,180,332,12284,122.84,101.12547051225336,4.1649814334449074e-18,58.05791142932011,24.759223457023566,
0ebeea82dc,180,333,12321,123.21,101.12547051225336,4.212413807671413e-18,58.05791142932011,24.23720617599897,
0ebeea82dc,180,334,12358,123.58,101.12547051225336,4.197177737221323e-18,58.05791142932011,29.722210246129098,
0ebeea82dc,180,335,12395,123.95,101.12547051225336,4.24661618852213e-18,58.05791142932011,27.609829942370194,
0ebeea82dc,180,336,12432,124.32,101.12547051225336,8.665598953283842e-18,58.05791142932011,38.952222928601685,
0ebeea82dc,180,337,12469,124.69,101.12547051225336,8.535343225055755e-18,58.05791142932011,19.49697366713461,
0ebeea82dc,180,338,12506,125.06,101.12547051225336,4.384546022807267e-18,58.05791142932011,25.154291148707348,
0ebeea82dc,180,339,12543,125.43,101.12547051225336,8.730416243613536e-18,58.05791142932011,30.725967050135303,
0ebeea82dc,180,340,12580,125.8,101.12547051225336,8.891509494271454e-18,58.05791142932011,26.891538459730604,
0ebeea82dc,180,341,12617,126.17,101.12547051225336,8.765123396957392e-18,58.05791142932011,25.45494098042463,
0ebeea82dc,180,342,12654,126.54,101.12547051225336,8.746934521794711e-18,58.05791142932011,26.88525757626252,
0ebeea82dc,180,343,12691,126.91,101.12547051225336,2.1807687196295668e-18,58.05791142932011,26.358221255841308,
0ebeea82dc,180,344,12728,127.28,101.12547051225336,2.170745682938715e-18,58.05791142932011,25.62968651867268,
0ebeea82dc,180,345,12765,127.65,101.12547051225336,1.0757121803432627e-18,58.05791142932011,30.080570865365786,
0ebeea82dc,180,346,12802,128.02,101.12547051225336,1.0558936190870146e-18,58.05791142932011,27.140617464237156,
0ebeea82dc,180,347,12839,128.39,101.12547051225336,2.15881548631229e-18,58.05791142932011,33.89404367723122,
0ebeea82dc,180,348,12876,128.76,101.12547051225336,2.181695695118126e-18,58.05791142932011,16.20760313745164,
0ebeea82dc,180,349,12913,129.13,101.12547051225336,4.319892906259964e-18,58.05791142932011,21.7537513253192,
0ebeea82dc,180,350,12950,129.5,101.12547051225336,4.399150707573155e-18,58.05791142932011,24.304065995623716,
0ebeea82dc,180,351,12987,129.87,101.12547051225336,4.30616484744834e-18,58.05791142932011,20.445024917127036,
0ebeea82dc,180,352,13024,130.24,101.12547051225336,4.313953161466357e-18,58.05791142932011,26.752771516002433,
0ebeea82dc,180,353,13061,130.61,101.12547051225336,8.616742645342439e-18,58.05791142932011,25.477953966082854,
0ebeea82dc,180,354,13098,130.98,101.12547051225336,1.6930163067496003e-17,58.05791142932011,30.908783344428535,
0ebeea82dc,180,355,13135,131.35,101.12547051225336,4.135794902773315e-18,58.05791142932011,26.357740625173747,
0ebeea82dc,180,356,13172,131.72,101.12547051225336,1.0326553816241397e-18,58.05791142932011,20.13885795513246,
0ebeea82dc,180,357,13209,132.09,101.12547051225336,8.606553365357042e-18,58.05791142932011,28.91666738424631,
0ebeea82dc,180,358,13246,132.46,101.12547051225336,2.126882744692469e-18,58.05791142932011,34.435990833371946,
0ebeea82dc,180,359,13283,132.83,101.12547051225336,4.258847405216448e-18,58.05791142932011,27.529051590401764,
0ebeea82dc,180,360,13320,133.2,101.12547051225336,4.2591991104146454e-18,58.05791142932011,25.285848217712008,
0ebeea82dc,180,361,13357,133.57,101.12547051225336,8.508729431731993e-18,58.05791142932011,30.361923666195977,
0ebeea82dc,180,362,13394,133.94,101.12547051225336,4.324690682650278e-18,58.05791142932011,27.99901587119051,
0ebeea82dc,180,363,13431,134.31,101.12547051225336,2.1358012141007205e-18,58.05791142932011,20.88668600491368,
0ebeea82dc,180,364,13468,134.68,101.12547051225336,8.545142498770242e-18,58.05791142932011,29.891202723914294,
0ebeea82dc,180,365,13505,135.05,101.12547051225336,2.1632715040995625e-18,58.05791142932011,28.42250479965756,
0ebeea82dc,180,366,13542,135.42,101.12547051225336,2.144030344268664e-18,58.05791142932011,27.25215288379947,
0ebeea82dc,180,367,13579,135.79,101.12547051225336,2.197084056589004e-18,58.05791142932011,22.753415217722594,
0ebeea82dc,180,368,13616,136.16,101.12547051225336,2.150414896121486e-18,58.05791142932011,22.751534568398814,
0ebeea82dc,180,369,13653,136.53,101.12547051225336,2.1627685596332342e-18,58.05791142932011,29.319661471238458,
0ebeea82dc,180,370,13690,136.9,101.12547051225336,2.1835258839847034e-18,58.05791142932011,32.20114202648738,
0ebeea82dc,180,371,13727,137.27,101.12547051225336,2.180156534570522e-18,58.05791142932011,28.886192972228567,
0ebeea82dc,180,372,13764,137.64,101.12547051225336,1.1146113194334664e-18,58.05791142932011,26.386173085463835,
0ebeea82dc,180,373,13801,138.01,101.12547051225336,1.0923231347574167e-18,58.05791142932011,20.589020960996873,
0ebeea82dc,180,374,13838,138.38,101.12547051225336,2.183545408469331e-18,58.05791142932011,26.325680443333468,
0ebeea82dc,180,375,13875,138.75,101.12547051225336,4.288882652742e-18,58.05791142932011,27.184641927705965,
0ebeea82dc,180,376,13912,139.12,101.12547051225336,4.218118630214529e-18,58.05791142932011,23.87192066654487,
0ebeea82dc,180,377,13949,139.49,101.12547051225336,4.341528821329214e-18,58.05791142932011,24.053923521480385,
0ebeea82dc,180,378,13986,139.86,101.12547051225336,2.15716559247306e-18,58.05791142932011,25.77382370191286,
0ebeea82dc,180,379,14023,140.23,101.12547051225336,4.231918543781801e-18,58.05791142932011,21.26384500763743,
0ebeea82dc,180,380,14060,140.6,101.12547051225336,4.2425662545209865e-18,58.05791142932011,28.265413718684208,
0ebeea82dc,180,381,14097,140.97,101.12547051225336,4.132827850753813e-18,58.05791142932011,20.70149766667101,
0ebeea82dc,180,382,14134,141.34,101.12547051225336,4.222753453926479e-18,58.05791142932011,28.649738399866404,
0ebeea82dc,180,383,14171,141.71,101.12547051225336,4.213071375489666e-18,58.05791142932011,28.691957141818165,
0ebeea82dc,180,384,14208,142.08,101.12547051225336,4.213449991329812e-18,58.05791142932011,30.593379146032294,
0ebeea82dc,180,385,14245,142.45,101.12547051225336,4.000303355538986e-18,58.05791142932011,22.67011286673114,
0ebeea82dc,180,386,14282,142.82,101.12547051225336,4.0749090582126354e-18,58.05791142932011,27.120811697261466,
0ebeea82dc,180,387,14319,143.19,101.12547051225336,2.124313819194786e-18,58.05791142932011,28.95018883358188,
0ebeea82dc,180,388,14356,143.56,101.12547051225336,4.395273225374235e-18,58.05791142932011,27.098390316531802,
0ebeea82dc,180,389,14393,143.93,101.12547051225336,2.1437138151572636e-18,58.05791142932011,30.000269983087502,
0ebeea82dc,180,390,14430,144.3,101.12547051225336,1.0878346097070683e-18,58.05791142932011,28.219187717510877,
0ebeea82dc,180,391,14467,144.67,101.12547051225336,2.160905377426662e-18,58.05791142932011,24.13672141573895,
0ebeea82dc,180,392,14504,145.04,101.12547051225336,2.1228559152463744e-18,58.05791142932011,23.75038118881389,
0ebeea82dc,180,393,14541,145.41,101.12547051225336,2.1930669633178225e-18,58.05791142932011,21.975254155041334,
0ebeea82dc,180,394,14578,145.78,101.12547051225336,2.1322163359291095e-18,58.05791142932011,19.001881193059997,
0ebeea82dc,180,395,14615,146.15,101.12547051225336,1.0376707674685327e-18,58.05791142932011,20.531383317501952,
0ebeea82dc,180,396,14652,146.52,101.12547051225336,2.11472909135963e-18,58.05791142932011,24.071285267056023,
0ebeea82dc,180,397,14689,146.89,101.12547051225336,2.0712151543173637e-18,58.05791142932011,28.968799951832338,
0ebeea82dc,180,398,14726,147.26,101.12547051225336,2.1193554657183987e-18,58.05791142932011,24.524295520629927,
0ebeea82dc,180,399,14763,147.63,101.12547051225336,2.1242082198620834e-18,58.05791142932011,25.210867470296552,
0ebeea82dc,180,400,14800,148.0,101.12547051225336,4.24443244207684e-18,58.05791142932011,28.316886825104007,
0ebeea82dc,180,401,14837,148.37,101.12547051225336,2.065958368333523e-18,58.05791142932011,24.243741439997464,
0ebeea82dc,180,402,14874,148.74,101.12547051225336,4.0390143877895934e-18,58.05791142932011,24.835698521016337,
0ebeea82dc,180,403,14911,149.11,101.12547051225336,4.237497786223449e-18,58.05791142932011,29.063644761153377,
0ebeea82dc,180,404,14948,149.48,101.12547051225336,4.217449447171801e-18,58.05791142932011,27.319171320988985,
0ebeea82dc,180,405,14985,149.85,101.12547051225336,2.1007577711213716e-18,58.05791142932011,33.968208999204535,
0ebeea82dc,180,406,15022,150.22,101.12547051225336,2.1522137809356925e-18,58.05791142932011,27.173066274928246,
0ebeea82dc,180,407,15059,150.59,101.12547051225336,2.1249274747383587e-18,58.05791142932011,25.187680825301005,
0ebeea82dc,180,408,15096,150.96,101.12547051225336,2.1713825418110593e-18,58.05791142932011,23.842865615379566,
0ebeea82dc,180,409,15133,151.33,101.12547051225336,2.1409331958658034e-18,58.05791142932011,22.035030887938774,
0ebeea82dc,180,410,15170,151.7,101.12547051225336,2.1662012638726416e-18,58.05791142932011,25.913695931693784,
0ebeea82dc,180,411,15207,152.07,101.12547051225336,4.2647087730288575e-18,58.05791142932011,28.3046270447241,
0ebeea82dc,180,412,15244,152.44,101.12547051225336,2.120046777042051e-18,58.05791142932011,23.540039439509474,
0ebeea82dc,180,413,15281,152.81,101.12547051225336,4.3351326869250824e-18,58.05791142932011,19.910054234582923,
0ebeea82dc,180,414,15318,153.18,101.12547051225336,4.280909619957585e-18,58.05791142932011,22.03633191452544,
0ebeea82dc,180,415,15355,153.55,101.12547051225336,2.1127763988483547e-18,58.05791142932011,32.37187138015098,
0ebeea82dc,180,416,15392,153.92,101.12547051225336,1.0795791138093758e-18,58.05791142932011,23.110009452355165,
0ebeea82dc,180,417,15429,154.29,101.12547051225336,2.1326688999950977e-18,58.05791142932011,26.530031508184525,
0ebeea82dc,180,418,15466,154.66,101.12547051225336,4.297381286089249e-18,58.05791142932011,28.522377519545053,
0ebeea82dc,180,419,15503,155.03,101.12547051225336,4.300427010682556e-18,58.05791142932011,23.271549823074952,
0ebeea82dc,180,420,15540,155.4,101.12547051225336,2.0364310089891086e-18,58.05791142932011,21.576801329605487,
0ebeea82dc,180,421,15577,155.77,101.12547051225336,2.067168607741522e-18,58.05791142932011,21.601153346637773,
0ebeea82dc,180,422,15614,156.14,101.12547051225336,2.090806310141791e-18,58.05791142932011,22.67459142098316,
0ebeea82dc,180,423,15651,156.51,101.12547051225336,1.031060076017603e-18,58.05791142932011,22.876732193901304,
0ebeea82dc,180,424,15688,156.88,101.12547051225336,4.173280988389682e-18,58.05791142932011,29.666423082573978,
0ebeea82dc,180,425,15725,157.25,101.12547051225336,8.304737181532675e-18,58.05791142932011,27.129115236148273,
0ebeea82dc,180,426,15762,157.62,101.12547051225336,6.533022853342633e-17,58.05791142932011,21.402602434510282,
0ebeea82dc,180,427,15799,157.99,101.12547051225336,8.267227783963183e-18,58.05791142932011,24.80101145103091,
0ebeea82dc,180,428,15836,158.36,101.12547051225336,2.0741084562062668e-18,58.05791142932011,20.61642552945119,
0ebeea82dc,180,429,15873,158.73,101.12547051225336,4.167700127795257e-18,58.05791142932011,25.967326358146906,
0ebeea82dc,180,430,15910,159.1,101.12547051225336,4.150900565380088e-18,58.05791142932011,19.042057467775557,
0ebeea82dc,180,431,15947,159.47,101.12547051225336,2.066555181951475e-18,58.05791142932011,18.71593599996669,
0ebeea82dc,180,432,15984,159.84,101.12547051225336,2.072418200215525e-18,58.05791142932011,23.786839491095005,
0ebeea82dc,180,433,16021,160.21,101.12547051225336,2.066191735531209e-18,58.05791142932011,21.243121390003445,
0ebeea82dc,180,434,16058,160.58,101.12547051225336,1.0298718322509576e-18,58.05791142932011,29.204681993608038,
0ebeea82dc,180,435,16095,160.95,101.12547051225336,1.0095067177090391e-18,58.05791142932011,18.36988587000596,
0ebeea82dc,180,436,16132,161.32,101.12547051225336,1.0358697757321015e-18,58.05791142932011,27.536156206358605,
0ebeea82dc,180,437,16169,161.69,101.12547051225336,1.0378941051904617e-18,58.05791142932011,21.618126456338693,
0ebeea82dc,180,438,16206,162.06,101.12547051225336,1.0485592548599847e-18,58.05791142932011,22.55495990874061,
0ebeea82dc,180,439,16243,162.43,101.12547051225336,1.0335363750179012e-18,58.05791142932011,26.93216412869804,
0ebeea82dc,180,440,16280,162.8,101.12547051225336,2.1232405108490383e-18,58.05791142932011,26.997065636286713,
0ebeea82dc,180,441,16317,163.17,101.12547051225336,1.0803339453471461e-18,58.05791142932011,25.863489178180163,
0ebeea82dc,180,442,16354,163.54,101.12547051225336,1.0805613184692746e-18,58.05791142932011,26.418358665338044,
0ebeea82dc,180,443,16391,163.91,101.12547051225336,2.0942320607305113e-18,58.05791142932011,32.95159375804259,
0ebeea82dc,180,444,16428,164.28,101.12547051225336,2.090222915457266e-18,58.05791142932011,22.18494117371697,
0ebeea82dc,180,445,16465,164.65,101.12547051225336,2.0809790465871824e-18,58.05791142932011,31.229810820076214,
0ebeea82dc,180,446,16502,165.02,101.12547051225336,2.1071842615063435e-18,58.05791142932011,28.328039979725073,
0ebeea82dc,180,447,16539,165.39,101.12547051225336,2.139351023575749e-18,58.05791142932011,32.10942051357955,
0ebeea82dc,180,448,16576,165.76,101.12547051225336,2.0950328142963845e-18,58.05791142932011,23.36873320674284,
0ebeea82dc,180,449,16613,166.13,101.12547051225336,2.098249821470412e-18,58.05791142932011,28.02450519770801,
0ebeea82dc,180,450,16650,166.5,101.12547051225336,8.567468823899978e-18,58.05791142932011,27.509785602128073,
0ebeea82dc,180,451,16687,166.87,101.12547051225336,8.652948746198466e-18,58.05791142932011,25.849042240209503,
0ebeea82dc,180,452,16724,167.24,101.12547051225336,8.542097954978997e-18,58.05791142932011,22.835677612936077,
0ebeea82dc,180,453,16761,167.61,101.12547051225336,8.541981229256163e-18,58.05791142932011,27.272426708078353,
0ebeea82dc,180,454,16798,167.98,101.12547051225336,4.3369404847172134e-18,58.05791142932011,26.498687296213213,
0ebeea82dc,180,455,16835,168.35,101.12547051225336,8.493724149120912e-18,58.05791142932011,28.10904089330995,
0ebeea82dc,180,456,16872,168.72,101.12547051225336,4.194701090946615e-18,58.05791142932011,30.013278738800594,
0ebeea82dc,180,457,16909,169.09,101.12547051225336,4.2299481078414425e-18,58.05791142932011,21.11036184550539,
0ebeea82dc,180,458,16946,169.46,101.12547051225336,2.098480005840364e-18,58.05791142932011,27.684818496694632,
0ebeea82dc,180,459,16983,169.83,101.12547051225336,8.412545705020562e-18,58.05791142932011,28.45647729230591,
0ebeea82dc,180,460,17020,170.2,101.12547051225336,4.209483062138766e-18,58.05791142932011,27.7670891331715,
0ebeea82dc,180,461,17057,170.57,101.12547051225336,4.279020914834024e-18,58.05791142932011,28.13841170951838,
0ebeea82dc,180,462,17094,170.94,101.12547051225336,2.145319903246518e-18,58.05791142932011,18.411888166909286,
0ebeea82dc,180,463,17131,171.31,101.12547051225336,4.20035040247547e-18,58.05791142932011,26.843127982567644,
0ebeea82dc,180,464,17168,171.68,101.12547051225336,2.1148730771234994e-18,58.05791142932011,25.286804610922356,
0ebeea82dc,180,465,17205,172.05,101.12547051225336,2.1087844330101563e-18,58.05791142932011,24.15433755224296,
0ebeea82dc,180,466,17242,172.42,101.12547051225336,2.1330574505399456e-18,58.05791142932011,20.342483769739935,
0ebeea82dc,180,467,17279,172.79,101.12547051225336,2.0931289648985957e-18,58.05791142932011,28.625443853677293,
0ebeea82dc,180,468,17316,173.16,101.12547051225336,4.303033548042183e-18,58.05791142932011,28.805537149633615,
0ebeea82dc,180,469,17353,173.53,101.12547051225336,2.0602255035512056e-18,58.05791142932011,30.805246735352757,
0ebeea82dc,180,470,17390,173.9,101.12547051225336,2.1719167380372178e-18,58.05791142932011,24.141855501518585,
0ebeea82dc,180,471,17427,174.27,101.12547051225336,2.162271306009192e-18,58.05791142932011,26.732493189253276,
0ebeea82dc,180,472,17464,174.64,101.12547051225336,2.160459750983387e-18,58.05791142932011,25.259871978030183,
0ebeea82dc,180,473,17501,175.01,101.12547051225336,2.140764744905056e-18,58.05791142932011,26.792822456568118,
0ebeea82dc,180,474,17538,175.38,101.12547051225336,2.2115428964929485e-18,58.05791142932011,22.7794325092555,
0ebeea82dc,180,475,17575,175.75,101.12547051225336,1.0935265659316052e-18,58.05791142932011,23.318937989429255,
0ebeea82dc,180,476,17612,176.12,101.12547051225336,1.0813939106871113e-18,58.05791142932011,21.257562640323517,
0ebeea82dc,180,477,17649,176.49,101.12547051225336,1.0840137423905058e-18,58.05791142932011,25.416087406616263,
0ebeea82dc,180,478,17686,176.86,101.12547051225336,1.06213357295695e-18,58.05791142932011,25.059797228009558,
0ebeea82dc,180,479,17723,177.23,101.12547051225336,1.079358384184865e-18,58.05791142932011,24.339096678155673,
0ebeea82dc,180,480,17760,177.6,101.12547051225336,1.04160780634798e-18,58.05791142932011,25.614354663970254,
0ebeea82dc,180,481,17797,177.97,101.12547051225336,1.0278074763783306e-18,58.05791142932011,26.2655108156121,
0ebeea82dc,180,482,17834,178.34,101.12547051225336,2.061044773878843e-18,58.05791142932011,27.636125081688018,
0ebeea82dc,180,483,17871,178.71,101.12547051225336,1.0448127726815084e-18,58.05791142932011,24.512543619525797,
0ebeea82dc,180,484,17908,179.08,101.12547051225336,2.0350623196896256e-18,58.05791142932011,22.476149842791568,
0ebeea82dc,180,485,17945,179.45,101.12547051225336,2.0470192428434876e-18,58.05791142932011,25.28270570122205,
0ebeea82dc,180,486,17982,179.82,101.12547051225336,,58.05791142932011,25.901823407500505,
5f5444c544,180,0,0,0.0,516651013610901.0,24.15416203804508,119640441474639.08,49823783253333.09,"ProjectedCommonDirectionsConfig(subspace_frac_grads=0.09, subspace_frac_updates=0, subspace_frac_random=0.09, direction_str=sd, random_proj=True, random_proj_dim_frac=0.2, ensemble=haar, inner_use_full_grad=True, orth_P_k=True, beta=0.001, tau=0.5, c_const=inf, N_try=200, alpha_max=100, p_const=1)"
5f5444c544,180,1,37,0.37,179398722328978.5,8.043406393041117,70499986994932.4,23370492387507.773,
5f5444c544,180,2,74,0.74,40798936127.904175,0.12476434306834443,1063172617897.478,492618200579.5783,
5f5444c544,180,3,111,1.11,222932161.88879457,0.009963785267621554,78589699709.87483,31348711715.09448,
5f5444c544,180,4,148,1.48,14323490.388836259,0.002637500328295189,19920592953.814236,9673113918.75595,
5f5444c544,180,5,185,1.85,1929652.4913618118,0.0010019296353913757,7311517707.967661,3280316758.1099663,
5f5444c544,180,6,222,2.22,416231.3303726315,0.000470555677380817,3395423766.3266425,1405664907.2340307,
5f5444c544,180,7,259,2.59,103189.85965856239,0.00024370760250517158,1689993240.423292,720223603.8189375,
5f5444c544,180,8,296,2.96,39944.23595193821,0.00015610287745162682,1050644960.8404564,646748155.8744775,
5f5444c544,180,9,333,3.33,20842.251500607486,0.00011668525869219528,758045945.5583495,371454110.9011986,
5f5444c544,180,10,370,3.7,15006.79624929461,9.794420370497297e-05,642621314.8672142,206522259.20503652,
5f5444c544,180,11,407,4.07,9917.737953099917,7.901724624236373e-05,521507054.6195401,215938659.74059555,
5f5444c544,180,12,444,4.44,6232.078708930953,6.277236094575312e-05,412138670.5961076,191050569.47900468,
5f5444c544,180,13,481,4.81,4114.1372047555515,5.131629629048131e-05,333437605.7562701,119669204.22021006,
5f5444c544,180,14,518,5.18,2980.474232386789,4.31987802859455e-05,282440193.3197345,138577124.7645326,
5f5444c544,180,15,555,5.55,2057.4030780799267,3.636420974917614e-05,232806234.23226067,103981492.191413,
5f5444c544,180,16,592,5.92,1695.0355685406414,3.2774873171095895e-05,210141232.47635806,88919648.47081995,
5f5444c544,180,17,629,6.29,1383.4834568195054,2.863145374072651e-05,188488129.41879565,91327097.88749878,
5f5444c544,180,18,666,6.66,920.5155875256896,2.2829965430078625e-05,150669284.10643235,89399035.93805772,
5f5444c544,180,19,703,7.03,613.075606975926,1.8312316646705476e-05,119094908.63519724,42161246.313322894,
5f5444c544,180,20,740,7.4,465.57777379305554,1.5587285612675327e-05,100484647.57152522,51997452.35071831,
5f5444c544,180,21,777,7.77,381.0933376777891,1.341701759790549e-05,88071107.65587786,38160286.45850189,
5f5444c544,180,22,814,8.14,284.74625155712,1.0966251343111727e-05,71324753.4689835,31801782.93560205,
5f5444c544,180,23,851,8.51,231.7586763859345,9.300138946107852e-06,60159768.521183416,25140036.991060305,
5f5444c544,180,24,888,8.88,198.56434946661471,8.195133959404181e-06,51957171.849966966,25035056.685776442,
5f5444c544,180,25,925,9.25,187.23711008636494,7.722212010070944e-06,48843895.47471018,22026709.913711865,
5f5444c544,180,26,962,9.62,178.7140390636135,7.403397050616173e-06,46363715.66882916,26654588.697216205,
5f5444c544,180,27,999,9.99,176.92469219229898,7.089065555118348e-06,45825977.459081806,19054773.503598664,
5f5444c544,180,28,1036,10.36,157.9949029821458,6.0371069735904234e-06,39693446.65513896,18062990.41795741,
5f5444c544,180,29,1073,10.73,137.87998534312757,4.877483613431477e-06,31910580.975319058,14931303.3022991,
5f5444c544,180,30,1110,11.1,125.95290285237787,4.0115159211404975e-06,26226797.77176093,10085240.315249028,
5f5444c544,180,31,1147,11.47,117.99992467418382,3.3053841360772797e-06,21621918.738948323,8939605.289772386,
5f5444c544,180,32,1184,11.84,112.53955985020811,2.6964700634376935e-06,17782794.00663185,6406405.699292907,
5f5444c544,180,33,1221,12.21,108.30391481173335,2.1382052080304178e-06,14102448.790950062,6257073.134584698,
5f5444c544,180,34,1258,12.58,105.63624158418409,1.7301933981077931e-06,11179046.360772703,5420474.534898134,
5f5444c544,180,35,1295,12.95,104.52404201909066,1.4618588505174807e-06,9703481.225650156,4326754.717826293,
5f5444c544,180,36,1332,13.32,103.14007823343417,1.1312468677579674e-06,7470929.027559233,3540063.6542497096,
5f5444c544,180,37,1369,13.69,102.37638416885025,9.00719358234231e-07,5886986.374028687,3200445.3819053904,
5f5444c544,180,38,1406,14.06,101.97798940862465,7.267553051922879e-07,4859945.178172829,2241299.28011923,
5f5444c544,180,39,1443,14.43,101.59719581013988,5.379770879339045e-07,3615130.232031296,1121278.1346860195,
5f5444c544,180,40,1480,14.8,101.37475241595486,4.0351947322894236e-07,2627996.2343837125,982146.5034118425,
5f5444c544,180,41,1517,15.17,101.30076168814116,3.445133653087035e-07,2203735.0964762014,1279666.5104941356,
5f5444c544,180,42,1554,15.54,101.26931260734312,3.049769453208371e-07,1996284.159258751,632063.632588641,
5f5444c544,180,43,1591,15.91,101.22220618310453,2.4393742530640843e-07,1637090.471886733,736927.077920198,
5f5444c544,180,44,1628,16.28,101.1772259864983,1.7773915294175674e-07,1197450.312570608,575128.8309135289,
5f5444c544,180,45,1665,16.65,101.15215951469476,1.3037478083278132e-07,859895.1847712701,452925.29715592915,
5f5444c544,180,46,1702,17.02,101.14223890779942,1.0394066994244325e-07,681592.9478811846,359237.4372861629,
5f5444c544,180,47,1739,17.39,101.13656774486738,8.527866324670561e-08,554481.0051136009,208881.17225478624,
5f5444c544,180,48,1776,17.76,101.133387012431,7.279676098233688e-08,468323.4602801416,202054.53034025684,
5f5444c544,180,49,1813,18.13,101.1316599395737,6.615374131071679e-08,414099.3362560408,198313.462400676,
5f5444c544,180,50,1850,18.5,101.13153930854965,6.511826280076451e-08,410044.1052478036,190834.75901797504,
5f5444c544,180,51,1887,18.87,101.13114211623066,6.245926790937708e-08,396398.67619094974,156536.70595687503,
5f5444c544,180,52,1924,19.24,101.13044044889507,5.7624978181003954e-08,371069.0185677562,165855.55888043504,
5f5444c544,180,53,1961,19.61,101.12932502117981,5.01526911999339e-08,326786.26792636863,172922.2051067305,
5f5444c544,180,54,1998,19.98,101.12816950618955,4.214354600594601e-08,273451.3445184738,133933.7317549774,
5f5444c544,180,55,2035,20.35,101.12743089081307,3.555373036547407e-08,233050.0049892874,85540.52494394973,
5f5444c544,180,56,2072,20.72,101.12677256491116,2.9061255705105026e-08,189929.9165826761,98091.08030267611,
5f5444c544,180,57,2109,21.09,101.12635832841424,2.394334705940684e-08,156833.99644658706,69486.45807938192,
5f5444c544,180,58,2146,21.46,101.12606392693752,1.8943284713960773e-08,128220.58642194781,53016.73137430197,
5f5444c544,180,59,2183,21.83,101.12576306141916,1.3800961915245346e-08,90027.94736675161,48253.15436208965,
5f5444c544,180,60,2220,22.2,101.12567330427808,1.1692955463553702e-08,74955.31283968888,39831.51427306654,
5f5444c544,180,61,2257,22.57,101.12563395878715,1.062938464924514e-08,67292.20360749979,32365.954709979007,
5f5444c544,180,62,2294,22.94,101.12561670454089,1.0021429842979008e-08,63641.06670094129,23235.10717652945,
5f5444c544,180,63,2331,23.31,101.12559795529158,9.366572758319371e-09,59419.93422289815,30406.17929934791,
5f5444c544,180,64,2368,23.68,101.12558257935926,8.723152951477624e-09,55720.47588727869,28945.66030017191,
5f5444c544,180,65,2405,24.05,101.1255635691793,7.867870950598246e-09,50774.88099535002,21168.800929945868,
5f5444c544,180,66,2442,24.42,101.12554134898862,6.792159831792006e-09,44299.621284672365,15134.106866695725,
5f5444c544,180,67,2479,24.79,101.12551969110828,5.777843709435933e-09,36911.27589146683,17402.232254598857,
5f5444c544,180,68,2516,25.16,101.12551130827,5.201392578382347e-09,33618.26399348426,14402.961247367435,
5f5444c544,180,69,2553,25.53,101.12550116106074,4.453789286895333e-09,29138.78342893511,13082.080617746658,
5f5444c544,180,70,2590,25.9,101.12549121445626,3.683180778111533e-09,23948.003216674286,12027.554082978419,
5f5444c544,180,71,2627,26.27,101.1254852808608,3.1446265786865234e-09,20226.866655211314,7176.06854592881,
5f5444c544,180,72,2664,26.64,101.12548207665058,2.765988232689525e-09,17897.977807043393,7996.504715627134,
5f5444c544,180,73,2701,27.01,101.12547911682015,2.3897931881251127e-09,15436.62003892753,8506.310850498496,
5f5444c544,180,74,2738,27.38,101.12547701007801,2.0463568622062264e-09,13414.783742094258,4698.919233497617,
5f5444c544,180,75,2775,27.75,101.12547482444641,1.6610140592456627e-09,10928.41170056168,5741.950942477683,
5f5444c544,180,76,2812,28.12,101.12547328414978,1.330557411693584e-09,8758.976606411174,3153.1013734381863,
5f5444c544,180,77,2849,28.49,101.12547228552214,1.0551673533307877e-09,7003.06270665453,2628.220933210319,
5f5444c544,180,78,2886,28.86,101.12547156454728,8.372113259422811e-10,5394.981754669253,2245.1340265739777,
5f5444c544,180,79,2923,29.23,101.1254713247412,7.169556553561724e-10,4736.632247765573,2277.3548312334033,
5f5444c544,180,80,2960,29.6,101.12547101584073,5.645122719295456e-10,3726.154126378514,1564.427013067937,
5f5444c544,180,81,2997,29.97,101.12547082754438,4.4140424156039275e-10,2943.212847253342,1373.9154920712124,
5f5444c544,180,82,3034,30.34,101.12547069304921,3.247235022972654e-10,2219.1675324934768,910.114332976969,
5f5444c544,180,83,3071,30.71,101.12547059362149,2.1974984427418246e-10,1486.2404364338117,572.0019594944762,
5f5444c544,180,84,3108,31.08,101.12547055299302,1.5200055883426375e-10,1047.5279420989614,436.4393375829125,
5f5444c544,180,85,3145,31.45,101.12547053094588,9.752971858281e-11,672.4497394762752,332.7765078939064,
5f5444c544,180,86,3182,31.82,101.12547052069117,6.267020888328697e-11,430.6436257220312,191.3624959875541,
5f5444c544,180,87,3219,32.19,101.12547051746736,4.132959643349101e-11,280.5747022414849,96.01975815370803,
5f5444c544,180,88,3256,32.56,101.12547051512597,2.7982536051146057e-11,194.18341006434918,76.4425595084326,
5f5444c544,180,89,3293,32.93,101.1254705148577,1.7603556011469212e-11,120.27319839993943,55.544842855589394,
5f5444c544,180,90,3330,33.3,101.12547051387966,1.1791178094822769e-11,80.65233962365971,44.50510102960611,
5f5444c544,180,91,3367,33.67,101.12547051346318,2.499233153869339e-16,53.77808292472369,25.263243946156056,
5f5444c544,180,92,3404,34.04,101.12547051346179,1.249236630666709e-16,53.77733969828999,22.547132519619534,
5f5444c544,180,93,3441,34.41,101.12547051338254,8.135171414832153e-12,53.77711597265595,29.42228503028471,
5f5444c544,180,94,3478,34.78,101.12547051335672,3.9038825545124465e-16,42.19418750184854,19.96855933539393,
5f5444c544,180,95,3515,35.15,101.12547051335567,1.0009265942415703e-16,42.19196968991913,20.55679498280247,
5f5444c544,180,96,3552,35.52,101.12547051332402,1.0053913936914566e-16,42.191866296330595,21.13508219747375,
5f5444c544,180,97,3589,35.89,101.12547051330836,9.991241352950585e-17,42.191701098473025,15.957331301547574,
5f5444c544,180,98,3626,36.26,101.12547051328866,6.268418387839094e-18,42.191629429145195,18.985954051931685,
5f5444c544,180,99,3663,36.63,101.12547051328866,9.776285898949312e-17,42.191629429145195,20.097220967885516,
5f5444c544,180,100,3700,37.0,101.12547051326843,6.099948567712477e-18,42.1914348674517,14.210436508674995,
5f5444c544,180,101,3737,37.37,101.12547051326843,9.677954498023372e-17,42.1914348674517,21.24199061617339,
5f5444c544,180,102,3774,37.74,101.12547051325406,1.1583330934529425e-17,42.191273319383264,18.58741507565398,
5f5444c544,180,103,3811,38.11,101.12547051325406,1.1644916871316669e-17,42.191273319383264,16.33754063506323,
5f5444c544,180,104,3848,38.48,101.12547051325406,1.1460520342688896e-17,42.191273319383264,14.352895458583294,
5f5444c544,180,105,3885,38.85,101.12547051325406,2.2942669864294575e-17,42.191273319383264,15.295752364325132,
5f5444c544,180,106,3922,39.22,101.12547051325406,1.1547138281252445e-17,42.191273319383264,22.69926932166414,
5f5444c544,180,107,3959,39.59,101.12547051325406,1.1320657172272882e-17,42.191273319383264,18.24693025534091,
5f5444c544,180,108,3996,39.96,101.12547051325406,1.8552350364236128e-16,42.191273319383264,17.34466232369111,
5f5444c544,180,109,4033,40.33,101.12547051324276,1.8391737042174162e-16,42.19099219820777,14.330800025955137,
5f5444c544,180,110,4070,40.7,101.12547051318343,1.1621592552121442e-17,42.19061446379879,16.988180724156834,
5f5444c544,180,111,4107,41.07,101.12547051318343,3.043885173245328e-15,42.19061446379879,21.223903044081386,
5f5444c544,180,112,4144,41.44,101.12547051310985,1.9143110212245384e-16,42.15870700971423,17.750144926614382,
5f5444c544,180,113,4181,41.81,101.12547051304277,1.2461690596486996e-17,42.15824714624149,19.220219590679836,
5f5444c544,180,114,4218,42.18,101.12547051304277,2.4613260760264607e-17,42.15824714624149,20.032504246821908,
5f5444c544,180,115,4255,42.55,101.12547051304277,2.3825009262305426e-17,42.15824714624149,17.966842239852834,
5f5444c544,180,116,4292,42.92,101.12547051304277,5.927225982222091e-18,42.15824714624149,18.974994938582277,
5f5444c544,180,117,4329,43.29,101.12547051304277,6.113429406500078e-18,42.15824714624149,20.46155811629253,
5f5444c544,180,118,4366,43.66,101.12547051304277,2.5204279307597433e-17,42.15824714624149,21.036997900238564,
5f5444c544,180,119,4403,44.03,101.12547051304277,1.2487261573340372e-17,42.15824714624149,22.628193051934762,
5f5444c544,180,120,4440,44.4,101.12547051304277,1.2661672165504868e-17,42.15824714624149,21.214327026308506,
5f5444c544,180,121,4477,44.77,101.12547051304277,1.2680713142245404e-17,42.15824714624149,12.593999040726734,
5f5444c544,180,122,4514,45.14,101.12547051304277,1.269584536777125e-17,42.15824714624149,22.5285388126711,
5f5444c544,180,123,4551,45.51,101.12547051304277,6.331018341594271e-18,42.15824714624149,27.31098757181245,
5f5444c544,180,124,4588,45.88,101.12547051304277,6.34856887735179e-18,42.15824714624149,15.90972673736481,
5f5444c544,180,125,4625,46.25,101.12547051304277,6.219746024176028e-18,42.15824714624149,13.959391239861166,
5f5444c544,180,126,4662,46.62,101.12547051304277,1.2358999185582327e-17,42.15824714624149,14.658908061919883,
5f5444c544,180,127,4699,46.99,101.12547051304277,9.659531427684543e-17,42.15824714624149,20.21661217394142,
5f5444c544,180,128,4736,47.36,101.12547051302971,5.991549861399238e-18,42.15820639155124,18.71546408819427,
5f5444c544,180,129,4773,47.73,101.12547051302971,6.006094727297435e-18,42.15820639155124,19.3982287606337,
5f5444c544,180,130,4810,48.1,101.12547051302971,1.228017223435829e-17,42.15820639155124,21.879578562360475,
5f5444c544,180,131,4847,48.47,101.12547051302971,1.226843906080702e-17,42.15820639155124,19.725302096078657,
5f5444c544,180,132,4884,48.84,101.12547051302971,1.1773079725828468e-17,42.15820639155124,16.25621475159413,
5f5444c544,180,133,4921,49.21,101.12547051302971,1.1709545716562765e-17,42.15820639155124,15.875345047018282,
5f5444c544,180,134,4958,49.58,101.12547051302971,2.4265571609087358e-14,42.15820639155124,19.019726376320765,
5f5444c544,180,135,4995,49.95,101.12547051275102,1.1802412579931207e-17,41.8819492971227,18.728545069780328,
5f5444c544,180,136,5032,50.32,101.12547051275102,1.1995549710762284e-17,41.8819492971227,14.471989756649476,
5f5444c544,180,137,5069,50.69,101.12547051275102,2.3193995906944717e-17,41.8819492971227,16.109434902533582,
5f5444c544,180,138,5106,51.06,101.12547051275102,5.79639446764719e-18,41.8819492971227,16.786052275435516,
5f5444c544,180,139,5143,51.43,101.12547051275102,6.08000365005833e-18,41.8819492971227,17.864648157470796,
5f5444c544,180,140,5180,51.8,101.12547051275102,5.86588129022539e-18,41.8819492971227,17.491777740764498,
5f5444c544,180,141,5217,52.17,101.12547051275102,5.9572093221147634e-18,41.8819492971227,16.651658119128122,
5f5444c544,180,142,5254,52.54,101.12547051275102,5.978642044255158e-18,41.8819492971227,16.854689646848215,
5f5444c544,180,143,5291,52.91,101.12547051275102,1.2354466457043315e-17,41.8819492971227,26.481823898177275,
5f5444c544,180,144,5328,53.28,101.12547051275102,1.205220718840032e-17,41.8819492971227,15.57058584415262,
5f5444c544,180,145,5365,53.65,101.12547051275102,4.747930854817468e-17,41.8819492971227,16.64822131764531,
5f5444c544,180,146,5402,54.02,101.12547051275088,1.2080833794120026e-17,41.881907740127154,20.341238090286737,
5f5444c544,180,147,5439,54.39,101.12547051275088,1.2342365784289726e-17,41.881907740127154,18.325225714962652,
5f5444c544,180,148,5476,54.76,101.12547051275088,2.441194039249217e-17,41.881907740127154,17.469776060917038,
5f5444c544,180,149,5513,55.13,101.12547051274285,6.196212741912289e-18,41.881895440848204,17.042529494435474,
5f5444c544,180,150,5550,55.5,101.12547051274285,6.2631236170828576e-18,41.881895440848204,21.189387587980303,
5f5444c544,180,151,5587,55.87,101.12547051274285,1.2419250685877385e-17,41.881895440848204,14.393588473883428,
5f5444c544,180,152,5624,56.24,101.12547051274285,6.187541580051663e-18,41.881895440848204,21.954774019133495,
5f5444c544,180,153,5661,56.61,101.12547051274285,6.2527909707428524e-18,41.881895440848204,20.055420195709583,
5f5444c544,180,154,5698,56.98,101.12547051274285,6.274690684411886e-18,41.881895440848204,22.59968266044582,
5f5444c544,180,155,5735,57.35,101.12547051274285,1.2482275155768216e-17,41.881895440848204,18.373018834129255,
5f5444c544,180,156,5772,57.72,101.12547051274285,1.234081525702868e-17,41.881895440848204,19.538045150762947,
5f5444c544,180,157,5809,58.09,101.12547051274285,1.2279643950991686e-17,41.881895440848204,18.683489191560614,
5f5444c544,180,158,5846,58.46,101.12547051274285,6.2773117875908235e-18,41.881895440848204,23.428616046780036,
5f5444c544,180,159,5883,58.83,101.12547051274285,1.2772106673388415e-17,41.881895440848204,19.769080433618477,
5f5444c544,180,160,5920,59.2,101.12547051274285,6.289723687142295e-18,41.881895440848204,15.875822923211263,
5f5444c544,180,161,5957,59.57,101.12547051274285,6.325557691482683e-18,41.881895440848204,19.07571801918531,
5f5444c544,180,162,5994,59.94,101.12547051274285,1.2557688052835203e-17,41.881895440848204,18.791327126844994,
5f5444c544,180,163,6031,60.31,101.12547051274285,1.241577449027569e-17,41.881895440848204,14.373171169179452,
5f5444c544,180,164,6068,60.68,101.12547051274285,1.2494917984793423e-17,41.881895440848204,18.851788229030028,
5f5444c544,180,165,6105,61.05,101.12547051274285,1.2639991878115466e-17,41.881895440848204,21.5549875394128,
5f5444c544,180,166,6142,61.42,101.12547051274285,1.261119202863246e-17,41.881895440848204,20.307353928127576,
5f5444c544,180,167,6179,61.79,101.12547051274285,1.1870686517779402e-17,41.881895440848204,18.334468411504908,
5f5444c544,180,168,6216,62.16,101.12547051274285,6.096136268138826e-18,41.881895440848204,19.117265287610724,
5f5444c544,180,169,6253,62.53,101.12547051274285,6.192015733519205e-18,41.881895440848204,23.72705313463459,
5f5444c544,180,170,6290,62.9,101.12547051274285,6.212276434072901e-18,41.881895440848204,17.2604676395498,
5f5444c544,180,171,6327,63.27,101.12547051274285,6.225244871291864e-18,41.881895440848204,25.11260135354123,
5f5444c544,180,172,6364,63.64,101.12547051274285,6.1450424177346405e-18,41.881895440848204,14.184155232553671,
5f5444c544,180,173,6401,64.01,101.12547051274285,6.2104073940817986e-18,41.881895440848204,16.863018009646137,
5f5444c544,180,174,6438,64.38,101.12547051274285,1.2454843908327392e-17,41.881895440848204,15.027876701130708,
5f5444c544,180,175,6475,64.75,101.12547051274285,6.372552142008039e-18,41.881895440848204,24.43587045466467,
5f5444c544,180,176,6512,65.12,101.12547051274285,6.381688413038793e-18,41.881895440848204,24.71666780373196,
5f5444c544,180,177,6549,65.49,101.12547051274285,6.289433198455725e-18,41.881895440848204,19.488832882328648,
5f5444c544,180,178,6586,65.86,101.12547051274285,6.236754333251605e-18,41.881895440848204,18.168788962477006,
5f5444c544,180,179,6623,66.23,101.12547051274285,1.2365734279694023e-17,41.881895440848204,13.558963349804321,
5f5444c544,180,180,6660,66.6,101.12547051274285,6.039025927643652e-18,41.881895440848204,18.843439197795703,
5f5444c544,180,181,6697,66.97,101.12547051274285,6.2101762547717e-18,41.881895440848204,19.09293517717529,
5f5444c544,180,182,6734,67.34,101.12547051274285,6.056296512892776e-18,41.881895440848204,17.567430560923782,
5f5444c544,180,183,6771,67.71,101.12547051274285,6.1810515025302035e-18,41.881895440848204,23.061192945144022,
5f5444c544,180,184,6808,68.08,101.12547051274285,1.2033657107685444e-17,41.881895440848204,18.680380215760255,
5f5444c544,180,185,6845,68.45,101.12547051274285,5.8926585937130845e-18,41.881895440848204,16.472882038730255,
5f5444c544,180,186,6882,68.82,101.12547051274285,5.949500973783216e-18,41.881895440848204,15.767625800080106,
5f5444c544,180,187,6919,69.19,101.12547051274285,6.229441029071062e-18,41.881895440848204,21.471637432602606,
5f5444c544,180,188,6956,69.56,101.12547051274285,6.0574888442570715e-18,41.881895440848204,19.642266863245005,
5f5444c544,180,189,6993,69.93,101.12547051274285,6.091043513910018e-18,41.881895440848204,17.901965114319054,
5f5444c544,180,190,7030,70.3,101.12547051274285,6.100777189389751e-18,41.881895440848204,20.766102047271904,
5f5444c544,180,191,7067,70.67,101.12547051274285,6.119152414220166e-18,41.881895440848204,18.735565493944982,
5f5444c544,180,192,7104,71.04,101.12547051274285,6.1863632128462925e-18,41.881895440848204,19.59252158661899,
5f5444c544,180,193,7141,71.41,101.12547051274285,5.936328783447755e-18,41.881895440848204,18.335492017337568,
5f5444c544,180,194,7178,71.78,101.12547051274285,5.924418783637858e-18,41.881895440848204,17.277936174724957,
5f5444c544,180,195,7215,72.15,101.12547051274285,1.2129993627233273e-17,41.881895440848204,16.16096161038369,
5f5444c544,180,196,7252,72.52,101.12547051274285,1.2171637995501548e-17,41.881895440848204,12.54932597471052,
5f5444c544,180,197,7289,72.89,101.12547051274285,1.1890221052744758e-17,41.881895440848204,15.233646862226236,
5f5444c544,180,198,7326,73.26,101.12547051274285,1.2196680719843725e-17,41.881895440848204,15.79626722144121,
5f5444c544,180,199,7363,73.63,101.12547051274285,5.959361371937098e-18,41.881895440848204,20.21272112150576,
5f5444c544,180,200,7400,74.0,101.12547051274285,1.1714725773087e-17,41.881895440848204,15.527421509500863,
5f5444c544,180,201,7437,74.37,101.12547051274285,1.2066966966155214e-17,41.881895440848204,18.222361078060782,
5f5444c544,180,202,7474,74.74,101.12547051274285,2.4013273113787523e-17,41.881895440848204,22.369299909609182,
5f5444c544,180,203,7511,75.11,101.12547051274285,1.1900039553877724e-17,41.881895440848204,19.750124428785796,
5f5444c544,180,204,7548,75.48,101.12547051274285,1.1938975315225956e-17,41.881895440848204,15.777842800151166,
5f5444c544,180,205,7585,75.85,101.12547051274285,1.1753886579511811e-17,41.881895440848204,19.329739579602446,
5f5444c544,180,206,7622,76.22,101.12547051274285,6.0493610226476166e-18,41.881895440848204,19.035984333951685,
5f5444c544,180,207,7659,76.59,101.12547051274285,1.2495738568813544e-17,41.881895440848204,21.99695940237194,
5f5444c544,180,208,7696,76.96,101.12547051274285,1.2347050353643598e-17,41.881895440848204,20.72060259477971,
5f5444c544,180,209,7733,77.33,101.12547051274285,1.242487721046053e-17,41.881895440848204,17.273169517961342,
5f5444c544,180,210,7770,77.7,101.12547051274285,1.2378901216087667e-17,41.881895440848204,15.41666219315236,
5f5444c544,180,211,7807,78.07,101.12547051274285,6.180292415544811e-18,41.881895440848204,18.575990551366235,
5f5444c544,180,212,7844,78.44,101.12547051274285,6.136108584649037e-18,41.881895440848204,15.733610533902096,
5f5444c544,180,213,7881,78.81,101.12547051274285,6.043393273240434e-18,41.881895440848204,14.368339364653794,
5f5444c544,180,214,7918,79.18,101.12547051274285,1.1965537206031394e-17,41.881895440848204,15.55104296791008,
5f5444c544,180,215,7955,79.55,101.12547051274285,1.1983532022514834e-17,41.881895440848204,20.467282408312222,
5f5444c544,180,216,7992,79.92,101.12547051274285,1.2193223833173507e-17,41.881895440848204,18.075722469022793,
5f5444c544,180,217,8029,80.29,101.12547051274285,1.203976209354893e-17,41.881895440848204,19.947689706393376,
5f5444c544,180,218,8066,80.66,101.12547051274285,1.233549923007636e-17,41.881895440848204,22.11608226670803,
5f5444c544,180,219,8103,81.03,101.12547051274285,1.264973884718355e-17,41.881895440848204,17.476330557622028,
5f5444c544,180,220,8140,81.4,101.12547051274285,1.2816180192025087e-17,41.881895440848204,17.794750081352678,
5f5444c544,180,221,8177,81.77,101.12547051274285,2.5050792612797588e-17,41.881895440848204,22.571868762529963,
5f5444c544,180,222,8214,82.14,101.12547051274285,1.2469470840013625e-17,41.881895440848204,18.28887216534395,
5f5444c544,180,223,8251,82.51,101.12547051274285,1.2455170886598618e-17,41.881895440848204,20.196622147501955,
5f5444c544,180,224,8288,82.88,101.12547051274285,1.242917706474662e-17,41.881895440848204,15.485323237661612,
5f5444c544,180,225,8325,83.25,101.12547051274285,6.140293000140935e-18,41.881895440848204,18.200625640100313,
5f5444c544,180,226,8362,83.62,101.12547051274285,6.147717106727586e-18,41.881895440848204,20.837393940204446,
5f5444c544,180,227,8399,83.99,101.12547051274285,6.043624648289203e-18,41.881895440848204,18.900172686681824,
5f5444c544,180,228,8436,84.36,101.12547051274285,6.2795195527742384e-18,41.881895440848204,19.433106894800826,
5f5444c544,180,229,8473,84.73,101.12547051274285,8.083928755137505e-13,41.881895440848204,18.719349016076663,
5f5444c544,180,230,8510,85.1,101.12547051273438,1.2017791828283832e-15,32.14721233496241,13.01247546361354,
5f5444c544,180,231,8547,85.47,101.12547051249814,2.928850825885787e-16,32.136077777996114,15.03688359056573,
5f5444c544,180,232,8584,85.84,101.12547051231054,7.426934797601588e-17,32.13530551710634,14.37800868008819,
5f5444c544,180,233,8621,86.21,101.12547051229747,7.529352752410466e-17,32.135190685683575,12.087903848761595,
5f5444c544,180,234,8658,86.58,101.12547051228954,1.5377911455155895e-16,32.13516400662259,18.444104096268024,
5f5444c544,180,235,8695,86.95,101.12547051227776,7.373088611809067e-17,32.13476816856861,13.838957001076064,
5f5444c544,180,236,8732,87.32,101.12547051225299,3.7190252798498136e-17,32.13471151136589,11.290071462029081,
5f5444c544,180,237,8769,87.69,101.12547051223252,4.656222179481686e-18,32.13466630772028,15.548009169930308,
5f5444c544,180,238,8806,88.06,101.12547051223252,4.6751341030948884e-18,32.13466630772028,13.764675472115082,
5f5444c544,180,239,8843,88.43,101.12547051223252,4.796958680210291e-18,32.13466630772028,13.503753602679993,
5f5444c544,180,240,8880,88.8,101.12547051223252,4.85047900357974e-18,32.13466630772028,11.646917518769413,
5f5444c544,180,241,8917,89.17,101.12547051223252,9.474958252636077e-18,32.13466630772028,11.80503295134698,
5f5444c544,180,242,8954,89.54,101.12547051223252,9.460766213034474e-18,32.13466630772028,12.163120492837205,
5f5444c544,180,243,8991,89.91,101.12547051223252,4.627127435978691e-18,32.13466630772028,14.743251215044118,
5f5444c544,180,244,9028,90.28,101.12547051223252,9.121281787424697e-18,32.13466630772028,13.773393712393888,
5f5444c544,180,245,9065,90.65,101.12547051223252,9.43301468284133e-18,32.13466630772028,19.925700280899758,
5f5444c544,180,246,9102,91.02,101.12547051223252,9.636183808209889e-18,32.13466630772028,14.741243062375005,
5f5444c544,180,247,9139,91.39,101.12547051223252,9.54353576879587e-18,32.13466630772028,12.020668711275327,
5f5444c544,180,248,9176,91.76,101.12547051223252,9.732696115504261e-18,32.13466630772028,18.86547433473843,
5f5444c544,180,249,9213,92.13,101.12547051223252,1.9398199887777177e-17,32.13466630772028,12.122095897659047,
5f5444c544,180,250,9250,92.5,101.12547051223252,1.9449094924729204e-17,32.13466630772028,16.041588992326446,
5f5444c544,180,251,9287,92.87,101.12547051223252,1.9358816704846772e-17,32.13466630772028,13.243704546373106,
5f5444c544,180,252,9324,93.24,101.12547051223252,1.9037966933108566e-17,32.13466630772028,13.48409821957983,
5f5444c544,180,253,9361,93.61,101.12547051223252,1.920287265143433e-17,32.13466630772028,15.774580828412269,
5f5444c544,180,254,9398,93.98,101.12547051223252,9.380818667810562e-18,32.13466630772028,13.777279005617059,
5f5444c544,180,255,9435,94.35,101.12547051223252,9.234995226532214e-18,32.13466630772028,15.30118490424157,
5f5444c544,180,256,9472,94.72,101.12547051223252,4.657540022329626e-18,32.13466630772028,15.941446121843292,
5f5444c544,180,257,9509,95.09,101.12547051223252,4.741173739727074e-18,32.13466630772028,14.538991219876879,
5f5444c544,180,258,9546,95.46,101.12547051223252,4.67867773873177e-18,32.13466630772028,17.664956260841315,
5f5444c544,180,259,9583,95.83,101.12547051223252,4.7701268898325806e-18,32.13466630772028,19.397411313365353,
5f5444c544,180,260,9620,96.2,101.12547051223252,4.78979385269913e-18,32.13466630772028,16.927272953869036,
5f5444c544,180,261,9657,96.57,101.12547051223252,4.793618216896734e-18,32.13466630772028,13.868801084542213,
5f5444c544,180,262,9694,96.94,101.12547051223252,4.843467066445757e-18,32.13466630772028,13.53328202771589,
5f5444c544,180,263,9731,97.31,101.12547051223252,4.749588104643593e-18,32.13466630772028,10.524658791880304,
5f5444c544,180,264,9768,97.68,101.12547051223252,4.728245977286609e-18,32.13466630772028,15.024715292175612,
5f5444c544,180,265,9805,98.05,101.12547051223252,4.788235862009796e-18,32.13466630772028,15.020834290474637,
5f5444c544,180,266,9842,98.42,101.12547051223252,9.39864595692185e-18,32.13466630772028,15.588575080662771,
5f5444c544,180,267,9879,98.79,101.12547051223252,9.397425547039697e-18,32.13466630772028,13.562286817584182,
5f5444c544,180,268,9916,99.16,101.12547051223252,9.11015953802399e-18,32.13466630772028,15.885593574773369,
5f5444c544,180,269,9953,99.53,101.12547051223252,9.127215136620035e-18,32.13466630772028,14.620275923993637,
5f5444c544,180,270,9990,99.9,101.12547051223252,1.828004607031286e-17,32.13466630772028,14.137910150713866,
5f5444c544,180,271,10027,100.27,101.12547051221179,9.015484186363731e-18,32.134645428124806,11.540077929856677,
5f5444c544,180,272,10064,100.64,101.12547051221179,1.899747010176423e-17,32.134645428124806,15.88615602722646,
5f5444c544,180,273,10101,101.01,101.12547051221179,1.8882577622495704e-17,32.134645428124806,13.173053521396145,
5f5444c544,180,274,10138,101.38,101.12547051221179,1.8569797427667228e-17,32.134645428124806,14.091404924533702,
5f5444c544,180,275,10175,101.75,101.12547051221179,1.879271891358987e-17,32.134645428124806,15.461620341899833,
5f5444c544,180,276,10212,102.12,101.12547051221179,1.8801851985174494e-17,32.134645428124806,17.00418758476844,
5f5444c544,180,277,10249,102.49,101.12547051221179,1.857129511438495e-17,32.134645428124806,9.011129217177345,
5f5444c544,180,278,10286,102.86,101.12547051221179,1.8551080802060718e-17,32.134645428124806,16.94154588911222,
5f5444c544,180,279,10323,103.23,101.12547051221179,1.8402495862302242e-17,32.134645428124806,13.376656211943683,
5f5444c544,180,280,10360,103.6,101.12547051221179,9.38906999324312e-18,32.134645428124806,12.157061305828655,
5f5444c544,180,281,10397,103.97,101.12547051221179,9.099409429481592e-18,32.134645428124806,10.28515515762911,
5f5444c544,180,282,10434,104.34,101.12547051221179,9.582483006145603e-18,32.134645428124806,16.61558103049728,
5f5444c544,180,283,10471,104.71,101.12547051221179,1.9261124037083344e-17,32.134645428124806,14.541582814175928,
5f5444c544,180,284,10508,105.08,101.12547051221179,9.521330239834148e-18,32.134645428124806,11.584244609810801,
5f5444c544,180,285,10545,105.45,101.12547051221179,9.659898263710726e-18,32.134645428124806,15.266335114120494,
5f5444c544,180,286,10582,105.82,101.12547051221179,4.766691867946482e-18,32.134645428124806,12.799168774184212,
5f5444c544,180,287,10619,106.19,101.12547051221179,9.180174315379497e-18,32.134645428124806,13.44913861839571,
5f5444c544,180,288,10656,106.56,101.12547051221179,3.743134779218435e-14,32.134645428124806,13.934307255809996,
5f5444c544,180,289,10693,106.93,101.1254705121805,2.858827885892426e-16,31.699273477932298,16.279527055472848,
5f5444c544,180,290,10730,107.3,101.12547051208513,1.4372585264329604e-16,31.698334852807097,13.14572480033575,
5f5444c544,180,291,10767,107.67,101.12547051207893,1.4481463496663166e-16,31.69823200647528,16.30576770327049,
5f5444c544,180,292,10804,108.04,101.12547051204378,9.02041597828657e-18,31.698073800419483,12.549393366931325,
5f5444c544,180,293,10841,108.41,101.12547051204378,4.65629975611218e-18,31.698073800419483,17.361222897738415,
5f5444c544,180,294,10878,108.78,101.12547051204378,4.5015102774844766e-18,31.698073800419483,11.102728565458177,
5f5444c544,180,295,10915,109.15,101.12547051204378,8.884062457071827e-18,31.698073800419483,9.78991473214068,
5f5444c544,180,296,10952,109.52,101.12547051204378,8.95495001432179e-18,31.698073800419483,11.997808109563824,
5f5444c544,180,297,10989,109.89,101.12547051204378,8.946258844365435e-18,31.698073800419483,12.587658510161146,
5f5444c544,180,298,11026,110.26,101.12547051204378,4.461191397495908e-18,31.698073800419483,12.396094107352866,
5f5444c544,180,299,11063,110.63,101.12547051204378,9.310747840893241e-18,31.698073800419483,14.325079584185024,
5f5444c544,180,300,11100,111.0,101.12547051204378,9.166839004779196e-18,31.698073800419483,16.344699078390587,
5f5444c544,180,301,11137,111.37,101.12547051204378,9.475764278232627e-18,31.698073800419483,12.589073229991936,
5f5444c544,180,302,11174,111.74,101.12547051204378,9.085204227517675e-18,31.698073800419483,13.971665886142754,
5f5444c544,180,303,11211,112.11,101.12547051204378,9.19974191879492e-18,31.698073800419483,15.586023078888536,
5f5444c544,180,304,11248,112.48,101.12547051204378,9.304400842290497e-18,31.698073800419483,13.156953495337444,
5f5444c544,180,305,11285,112.85,101.12547051204378,9.38396314031068e-18,31.698073800419483,11.05860197178511,
5f5444c544,180,306,11322,113.22,101.12547051204378,9.083758268881811e-18,31.698073800419483,13.40906576485317,
5f5444c544,180,307,11359,113.59,101.12547051204378,9.267720750410546e-18,31.698073800419483,14.892227466998463,
5f5444c544,180,308,11396,113.96,101.12547051204378,9.253741838118083e-18,31.698073800419483,12.550686996887972,
5f5444c544,180,309,11433,114.33,101.12547051204378,9.203142312930463e-18,31.698073800419483,15.789299905442398,
5f5444c544,180,310,11470,114.7,101.12547051204378,9.141563022809645e-18,31.698073800419483,11.510510861311289,
5f5444c544,180,311,11507,115.07,101.12547051204378,1.48786029230808e-16,31.698073800419483,16.14596837215755,
5f5444c544,180,312,11544,115.44,101.12547051203991,7.217392183305028e-17,31.697879652852627,12.883752018948195,
5f5444c544,180,313,11581,115.81,101.12547051203427,1.4835821495393487e-16,31.697861075065585,14.609637441620276,
5f5444c544,180,314,11618,116.18,101.12547051198267,7.406272635130778e-17,31.69769260747012,13.633393145727695,
5f5444c544,180,315,11655,116.55,101.12547051192819,7.42817558546247e-17,31.69765994559726,14.241417391481988,
5f5444c544,180,316,11692,116.92,101.12547051191616,9.361413323936287e-18,31.697642609744722,11.710417607966946,
5f5444c544,180,317,11729,117.29,101.12547051191616,9.353782029908413e-18,31.697642609744722,11.08533414415146,
5f5444c544,180,318,11766,117.66,101.12547051191616,9.627427080620955e-18,31.697642609744722,16.894162396962233,
5f5444c544,180,319,11803,118.03,101.12547051191616,9.509021222857022e-18,31.697642609744722,13.888631045714757,
5f5444c544,180,320,11840,118.4,101.12547051191616,4.660396558226226e-18,31.697642609744722,14.401291556542661,
5f5444c544,180,321,11877,118.77,101.12547051191616,4.632977750807493e-18,31.697642609744722,12.663399868548233,
5f5444c544,180,322,11914,119.14,101.12547051191616,4.607623709076393e-18,31.697642609744722,15.795016093882994,
5f5444c544,180,323,11951,119.51,101.12547051191616,4.5767640880014245e-18,31.697642609744722,14.569684722108764,
5f5444c544,180,324,11988,119.88,101.12547051191616,4.5307567180806414e-18,31.697642609744722,16.99896816602539,
5f5444c544,180,325,12025,120.25,101.12547051191616,4.5884061276701475e-18,31.697642609744722,14.198179675604996,
5f5444c544,180,326,12062,120.62,101.12547051191616,4.514325040486609e-18,31.697642609744722,11.39565634401964,
5f5444c544,180,327,12099,120.99,101.12547051191616,9.409721597297857e-18,31.697642609744722,13.079801859664368,
5f5444c544,180,328,12136,121.36,101.12547051191616,9.338387965067448e-18,31.697642609744722,12.39358491719032,
5f5444c544,180,329,12173,121.73,101.12547051191616,9.304094899551089e-18,31.697642609744722,14.009010681365218,
5f5444c544,180,330,12210,122.1,101.12547051191616,9.468552008592482e-18,31.697642609744722,11.091013298433634,
5f5444c544,180,331,12247,122.47,101.12547051191616,4.686484914807344e-18,31.697642609744722,14.234839226113994,
5f5444c544,180,332,12284,122.84,101.12547051191616,9.263191157495084e-18,31.697642609744722,14.503403766132257,
5f5444c544,180,333,12321,123.21,101.12547051191616,9.064072551283578e-18,31.697642609744722,9.42735615498829,
5f5444c544,180,334,12358,123.58,101.12547051191616,4.623137022735132e-18,31.697642609744722,19.060597872572068,
5f5444c544,180,335,12395,123.95,101.12547051191616,4.654057394777923e-18,31.697642609744722,11.518565415841149,
5f5444c544,180,336,12432,124.32,101.12547051191616,4.460510233398559e-18,31.697642609744722,12.907481801495448,
5f5444c544,180,337,12469,124.69,101.12547051191616,4.531044270804099e-18,31.697642609744722,12.762976466014484,
5f5444c544,180,338,12506,125.06,101.12547051191616,4.496217960615427e-18,31.697642609744722,11.592561651384484,
5f5444c544,180,339,12543,125.43,101.12547051191616,4.5300066804909534e-18,31.697642609744722,15.987149135857347,
5f5444c544,180,340,12580,125.8,101.12547051191616,4.566163225962565e-18,31.697642609744722,17.285757759137546,
5f5444c544,180,341,12617,126.17,101.12547051191616,4.581962928223407e-18,31.697642609744722,13.93791589819726,
5f5444c544,180,342,12654,126.54,101.12547051191616,4.612249905329271e-18,31.697642609744722,12.771375495605703,
5f5444c544,180,343,12691,126.91,101.12547051191616,4.61112056075198e-18,31.697642609744722,13.775329292213078,
5f5444c544,180,344,12728,127.28,101.12547051191616,4.6444435043012564e-18,31.697642609744722,15.412310790614445,
5f5444c544,180,345,12765,127.65,101.12547051191616,4.686189693470652e-18,31.697642609744722,18.236641046689375,
5f5444c544,180,346,12802,128.02,101.12547051191616,4.608215509334637e-18,31.697642609744722,12.764269371018877,
5f5444c544,180,347,12839,128.39,101.12547051191616,4.650159381543358e-18,31.697642609744722,15.590998664238247,
5f5444c544,180,348,12876,128.76,101.12547051191616,4.763569961157176e-18,31.697642609744722,16.393225409710745,
5f5444c544,180,349,12913,129.13,101.12547051191616,4.809344658644542e-18,31.697642609744722,15.37343826914965,
5f5444c544,180,350,12950,129.5,101.12547051191616,9.144513861317452e-18,31.697642609744722,14.173034240022426,
5f5444c544,180,351,12987,129.87,101.12547051191616,4.78048227335924e-18,31.697642609744722,16.655301124987236,
5f5444c544,180,352,13024,130.24,101.12547051191616,9.672424104499164e-18,31.697642609744722,16.42597527033795,
5f5444c544,180,353,13061,130.61,101.12547051191616,9.619271762134091e-18,31.697642609744722,15.48557643774147,
5f5444c544,180,354,13098,130.98,101.12547051191616,9.431106372683342e-18,31.697642609744722,13.100272931061987,
5f5444c544,180,355,13135,131.35,101.12547051191616,9.532396717852354e-18,31.697642609744722,13.754428996933523,
5f5444c544,180,356,13172,131.72,101.12547051191616,9.560729687410549e-18,31.697642609744722,12.552818045157572,
5f5444c544,180,357,13209,132.09,101.12547051191616,4.700947454651994e-18,31.697642609744722,14.171720911483284,
5f5444c544,180,358,13246,132.46,101.12547051191616,9.250797795098287e-18,31.697642609744722,12.479979690159103,
5f5444c544,180,359,13283,132.83,101.12547051191616,9.535890392111784e-18,31.697642609744722,17.001820022576638,
5f5444c544,180,360,13320,133.2,101.12547051191616,9.058823791353232e-18,31.697642609744722,12.523887711417379,
5f5444c544,180,361,13357,133.57,101.12547051191616,9.195907750750403e-18,31.697642609744722,14.47419294026469,
5f5444c544,180,362,13394,133.94,101.12547051191616,1.8433140095408807e-17,31.697642609744722,14.797232762954776,
5f5444c544,180,363,13431,134.31,101.12547051191616,9.148485450205302e-18,31.697642609744722,14.035087883312237,
5f5444c544,180,364,13468,134.68,101.12547051191616,9.342494286592776e-18,31.697642609744722,14.60497331319626,
5f5444c544,180,365,13505,135.05,101.12547051191616,1.8440509235199973e-17,31.697642609744722,14.172052050811743,
5f5444c544,180,366,13542,135.42,101.12547051191616,9.35694266719403e-18,31.697642609744722,14.544107117097163,
5f5444c544,180,367,13579,135.79,101.12547051191616,9.334960508003513e-18,31.697642609744722,16.843508493228246,
5f5444c544,180,368,13616,136.16,101.12547051191616,9.200383657847396e-18,31.697642609744722,16.371143794159003,
5f5444c544,180,369,13653,136.53,101.12547051191616,9.197710059344377e-18,31.697642609744722,11.474501491692658,
5f5444c544,180,370,13690,136.9,101.12547051191616,4.7331367830223985e-18,31.697642609744722,14.400800834550274,
5f5444c544,180,371,13727,137.27,101.12547051191616,4.599374519497323e-18,31.697642609744722,13.273469544589833,
5f5444c544,180,372,13764,137.64,101.12547051191616,9.092181334485785e-18,31.697642609744722,12.392011793899906,
5f5444c544,180,373,13801,138.01,101.12547051191616,9.24763033703049e-18,31.697642609744722,15.459966948468168,
5f5444c544,180,374,13838,138.38,101.12547051191616,9.262850671551212e-18,31.697642609744722,15.630193509996564,
5f5444c544,180,375,13875,138.75,101.12547051191616,4.649431342718513e-18,31.697642609744722,13.297338271949078,
5f5444c544,180,376,13912,139.12,101.12547051191616,4.673957810394864e-18,31.697642609744722,17.385721825330847,
5f5444c544,180,377,13949,139.49,101.12547051191616,4.718449297581783e-18,31.697642609744722,16.99554011810238,
5f5444c544,180,378,13986,139.86,101.12547051191616,9.516584264843724e-18,31.697642609744722,14.110449396395746,
5f5444c544,180,379,14023,140.23,101.12547051191616,4.6881699108972635e-18,31.697642609744722,15.887837284354815,
5f5444c544,180,380,14060,140.6,101.12547051191616,4.600963810130466e-18,31.697642609744722,13.40017439687214,
5f5444c544,180,381,14097,140.97,101.12547051191616,4.662708295216627e-18,31.697642609744722,12.323907756424955,
5f5444c544,180,382,14134,141.34,101.12547051191616,9.298658589713053e-18,31.697642609744722,17.31582876975831,
5f5444c544,180,383,14171,141.71,101.12547051191616,9.414500929104807e-18,31.697642609744722,13.771052821126984,
5f5444c544,180,384,14208,142.08,101.12547051191616,9.419637758260258e-18,31.697642609744722,14.734745712511677,
5f5444c544,180,385,14245,142.45,101.12547051191616,3.654972094742277e-17,31.697642609744722,15.268065832653846,
5f5444c544,180,386,14282,142.82,101.12547051191616,3.6907604340260314e-17,31.697642609744722,13.362676763802126,
5f5444c544,180,387,14319,143.19,101.12547051191616,1.891534413546361e-17,31.697642609744722,16.742714260624265,
5f5444c544,180,388,14356,143.56,101.12547051191616,1.8999868510963186e-17,31.697642609744722,14.396118443016906,
5f5444c544,180,389,14393,143.93,101.12547051191616,1.8796816654163312e-17,31.697642609744722,13.777576123615555,
5f5444c544,180,390,14430,144.3,101.12547051191616,1.897755582564172e-17,31.697642609744722,11.054653794356382,
5f5444c544,180,391,14467,144.67,101.12547051191616,1.878471504899906e-17,31.697642609744722,14.425174541725024,
5f5444c544,180,392,14504,145.04,101.12547051191616,9.326478824575233e-18,31.697642609744722,15.143620003054288,
5f5444c544,180,393,14541,145.41,101.12547051191616,9.407500086808967e-18,31.697642609744722,12.998378328515265,
5f5444c544,180,394,14578,145.78,101.12547051191616,9.331790242723658e-18,31.697642609744722,14.53929771766405,
5f5444c544,180,395,14615,146.15,101.12547051191616,9.211105985728749e-18,31.697642609744722,16.364237181287436,
5f5444c544,180,396,14652,146.52,101.12547051191616,9.276713388606527e-18,31.697642609744722,11.297258428650395,
5f5444c544,180,397,14689,146.89,101.12547051191616,9.288193110355502e-18,31.697642609744722,17.745382419794574,
5f5444c544,180,398,14726,147.26,101.12547051191616,9.261912570793953e-18,31.697642609744722,11.604079275112305,
5f5444c544,180,399,14763,147.63,101.12547051191616,9.067642458189952e-18,31.697642609744722,11.457920176241261,
5f5444c544,180,400,14800,148.0,101.12547051191616,9.117894096597287e-18,31.697642609744722,14.969650023530255,
5f5444c544,180,401,14837,148.37,101.12547051191616,4.569428973806637e-18,31.697642609744722,13.266707796018553,
5f5444c544,180,402,14874,148.74,101.12547051191616,4.579516586689978e-18,31.697642609744722,12.658102346461195,
5f5444c544,180,403,14911,149.11,101.12547051191616,9.031599614192363e-18,31.697642609744722,15.325469095386277,
5f5444c544,180,404,14948,149.48,101.12547051191616,4.563930390176544e-18,31.697642609744722,13.594113017491967,
5f5444c544,180,405,14985,149.85,101.12547051191616,4.55503135181416e-18,31.697642609744722,14.296478680664194,
5f5444c544,180,406,15022,150.22,101.12547051191616,9.130456787838462e-18,31.697642609744722,11.17648160810312,
5f5444c544,180,407,15059,150.59,101.12547051191616,9.328323149137523e-18,31.697642609744722,12.313037808530462,
5f5444c544,180,408,15096,150.96,101.12547051191616,9.216119357684552e-18,31.697642609744722,14.560404319265674,
5f5444c544,180,409,15133,151.33,101.12547051191616,4.596397783299635e-18,31.697642609744722,12.923563025935568,
5f5444c544,180,410,15170,151.7,101.12547051191616,9.248396118499483e-18,31.697642609744722,15.8254633948472,
5f5444c544,180,411,15207,152.07,101.12547051191616,9.404933478605295e-18,31.697642609744722,15.325087969608607,
5f5444c544,180,412,15244,152.44,101.12547051191616,9.460227409568594e-18,31.697642609744722,16.552596239690295,
5f5444c544,180,413,15281,152.81,101.12547051191616,9.445619432482497e-18,31.697642609744722,10.34336756830718,
5f5444c544,180,414,15318,153.18,101.12547051191616,9.185006463543393e-18,31.697642609744722,16.375686111137988,
5f5444c544,180,415,15355,153.55,101.12547051191616,9.329661572935965e-18,31.697642609744722,15.421558580139877,
5f5444c544,180,416,15392,153.92,101.12547051191616,9.078096522071828e-18,31.697642609744722,12.068593453592412,
5f5444c544,180,417,15429,154.29,101.12547051191616,8.954036472918214e-18,31.697642609744722,15.238670255801374,
5f5444c544,180,418,15466,154.66,101.12547051191616,9.260563006343057e-18,31.697642609744722,16.102983329295185,
5f5444c544,180,419,15503,155.03,101.12547051191616,9.126967086207895e-18,31.697642609744722,15.825624216448013,
5f5444c544,180,420,15540,155.4,101.12547051191616,9.034426948512543e-18,31.697642609744722,13.973131296190603,
5f5444c544,180,421,15577,155.77,101.12547051191616,4.576317801972952e-18,31.697642609744722,15.385683696835427,
5f5444c544,180,422,15614,156.14,101.12547051191616,9.143499127074933e-18,31.697642609744722,14.61929943582291,
5f5444c544,180,423,15651,156.51,101.12547051191616,9.003787934830399e-18,31.697642609744722,13.348408474545716,
5f5444c544,180,424,15688,156.88,101.12547051191616,9.210702663909655e-18,31.697642609744722,12.576317904935555,
5f5444c544,180,425,15725,157.25,101.12547051191616,9.063228866292532e-18,31.697642609744722,12.665262647843496,
5f5444c544,180,426,15762,157.62,101.12547051191616,9.06646421496751e-18,31.697642609744722,13.428663281154378,
5f5444c544,180,427,15799,157.99,101.12547051191616,1.828324435411708e-17,31.697642609744722,14.45021894146198,
5f5444c544,180,428,15836,158.36,101.12547051191616,9.447520072091622e-18,31.697642609744722,12.780466092537113,
5f5444c544,180,429,15873,158.73,101.12547051191616,9.161748810066139e-18,31.697642609744722,11.547654129427878,
5f5444c544,180,430,15910,159.1,101.12547051191616,9.241704990197816e-18,31.697642609744722,13.053935677262935,
5f5444c544,180,431,15947,159.47,101.12547051191616,9.298642522969336e-18,31.697642609744722,13.199119993592403,
5f5444c544,180,432,15984,159.84,101.12547051191616,9.115097102786707e-18,31.697642609744722,14.725933484322855,
5f5444c544,180,433,16021,160.21,101.12547051191616,9.40324225966977e-18,31.697642609744722,13.776107288469754,
5f5444c544,180,434,16058,160.58,101.12547051191616,9.417129573004363e-18,31.697642609744722,14.99480318658006,
5f5444c544,180,435,16095,160.95,101.12547051191616,9.503235023030186e-18,31.697642609744722,13.925924028458713,
5f5444c544,180,436,16132,161.32,101.12547051191616,9.478875588707866e-18,31.697642609744722,14.31554418057166,
5f5444c544,180,437,16169,161.69,101.12547051191616,9.347212672182793e-18,31.697642609744722,11.886124078535401,
5f5444c544,180,438,16206,162.06,101.12547051191616,9.344956724213228e-18,31.697642609744722,17.148777388636407,
5f5444c544,180,439,16243,162.43,101.12547051191616,9.437162196990553e-18,31.697642609744722,16.801733780413254,
5f5444c544,180,440,16280,162.8,101.12547051191616,9.458929093666276e-18,31.697642609744722,14.067510204421186,
5f5444c544,180,441,16317,163.17,101.12547051191616,9.548915789244677e-18,31.697642609744722,17.545483032830525,
5f5444c544,180,442,16354,163.54,101.12547051191616,9.63805962655095e-18,31.697642609744722,14.639132418366776,
5f5444c544,180,443,16391,163.91,101.12547051191616,9.734665291038242e-18,31.697642609744722,17.674706368470996,
5f5444c544,180,444,16428,164.28,101.12547051191616,9.72448390071995e-18,31.697642609744722,14.623806304393096,
5f5444c544,180,445,16465,164.65,101.12547051191616,9.70706937845534e-18,31.697642609744722,10.651333634065795,
5f5444c544,180,446,16502,165.02,101.12547051191616,9.770170787566156e-18,31.697642609744722,16.160576885501424,
5f5444c544,180,447,16539,165.39,101.12547051191616,9.758180571623133e-18,31.697642609744722,16.11141907276065,
5f5444c544,180,448,16576,165.76,101.12547051191616,9.558991031902921e-18,31.697642609744722,16.85172205078088,
5f5444c544,180,449,16613,166.13,101.12547051191616,9.56133750787654e-18,31.697642609744722,13.247157973474987,
5f5444c544,180,450,16650,166.5,101.12547051191616,4.786922958308163e-18,31.697642609744722,15.572805553313902,
5f5444c544,180,451,16687,166.87,101.12547051191616,9.73757535590565e-18,31.697642609744722,15.838492718966599,
5f5444c544,180,452,16724,167.24,101.12547051191616,4.877093656968333e-18,31.697642609744722,16.52761141596333,
5f5444c544,180,453,16761,167.61,101.12547051191616,4.820183652572908e-18,31.697642609744722,14.396805577372442,
5f5444c544,180,454,16798,167.98,101.12547051191616,4.880355814706029e-18,31.697642609744722,16.735262059773945,
5f5444c544,180,455,16835,168.35,101.12547051191616,4.912432116652143e-18,31.697642609744722,13.871930636948553,
5f5444c544,180,456,16872,168.72,101.12547051191616,4.78009173226118e-18,31.697642609744722,14.337936579347893,
5f5444c544,180,457,16909,169.09,101.12547051191616,4.734192513336124e-18,31.697642609744722,12.756714037049978,
5f5444c544,180,458,16946,169.46,101.12547051191616,4.8000872406029965e-18,31.697642609744722,17.425763936656516,
5f5444c544,180,459,16983,169.83,101.12547051191616,9.375385933054074e-18,31.697642609744722,12.306277411392484,
5f5444c544,180,460,17020,170.2,101.12547051191616,9.185877537259333e-18,31.697642609744722,12.42965975820207,
5f5444c544,180,461,17057,170.57,101.12547051191616,9.160652323669762e-18,31.697642609744722,10.579818862872434,
5f5444c544,180,462,17094,170.94,101.12547051191616,9.21638366604343e-18,31.697642609744722,12.815313280746809,
5f5444c544,180,463,17131,171.31,101.12547051191616,1.7718637584382843e-17,31.697642609744722,14.59341545170366,
5f5444c544,180,464,17168,171.68,101.12547051191616,9.23006797557582e-18,31.697642609744722,14.374007536970213,
5f5444c544,180,465,17205,172.05,101.12547051191616,9.206960680518428e-18,31.697642609744722,13.997881012017388,
5f5444c544,180,466,17242,172.42,101.12547051191616,9.140251401240413e-18,31.697642609744722,13.681953599153259,
5f5444c544,180,467,17279,172.79,101.12547051191616,8.995947802606636e-18,31.697642609744722,14.006732633762327,
5f5444c544,180,468,17316,173.16,101.12547051191616,9.354335155825249e-18,31.697642609744722,17.351929110564694,
5f5444c544,180,469,17353,173.53,101.12547051191616,9.407414938877094e-18,31.697642609744722,16.883541653765352,
5f5444c544,180,470,17390,173.9,101.12547051191616,9.330007834590762e-18,31.697642609744722,15.40231260123647,
5f5444c544,180,471,17427,174.27,101.12547051191616,9.25674592315624e-18,31.697642609744722,15.078455613986186,
5f5444c544,180,472,17464,174.64,101.12547051191616,8.92474363844557e-18,31.697642609744722,13.099207988085395,
5f5444c544,180,473,17501,175.01,101.12547051191616,9.239880129996356e-18,31.697642609744722,13.256612216289884,
5f5444c544,180,474,17538,175.38,101.12547051191616,8.826735018109723e-18,31.697642609744722,10.80187655455287,
5f5444c544,180,475,17575,175.75,101.12547051191616,9.190039546330281e-18,31.697642609744722,11.558998413361454,
5f5444c544,180,476,17612,176.12,101.12547051191616,9.128919341989173e-18,31.697642609744722,10.97824445904387,
5f5444c544,180,477,17649,176.49,101.12547051191616,9.190533100872366e-18,31.697642609744722,11.16705288512903,
5f5444c544,180,478,17686,176.86,101.12547051191616,9.154425157802358e-18,31.697642609744722,13.905161313780463,
5f5444c544,180,479,17723,177.23,101.12547051191616,9.253893973619594e-18,31.697642609744722,12.764032374438122,
5f5444c544,180,480,17760,177.6,101.12547051191616,9.159274046243554e-18,31.697642609744722,11.141886966818923,
5f5444c544,180,481,17797,177.97,101.12547051191616,8.901880822771739e-18,31.697642609744722,7.949946005356879,
5f5444c544,180,482,17834,178.34,101.12547051191616,9.079818511123456e-18,31.697642609744722,12.668144290720056,
5f5444c544,180,483,17871,178.71,101.12547051191616,4.496647702339078e-18,31.697642609744722,12.582493516223341,
5f5444c544,180,484,17908,179.08,101.12547051191616,4.494386206180069e-18,31.697642609744722,10.310419801677552,
5f5444c544,180,485,17945,179.45,101.12547051191616,4.5154359012139926e-18,31.697642609744722,15.3616898847006,
5f5444c544,180,486,17982,179.82,101.12547051191616,,31.697642609744722,12.2771011929931,
6bffb48b96,180,0,0,0.0,516651013610901.0,13.559986580405686,119640441474639.08,56760201748565.16,"ProjectedCommonDirectionsConfig(subspace_frac_grads=0.09, subspace_frac_updates=0, subspace_frac_random=0.09, direction_str=sd, random_proj=True, random_proj_dim_frac=0.2, ensemble=haar, inner_use_full_grad=True, orth_P_k=True, beta=0.001, tau=0.5, c_const=inf, N_try=200, alpha_max=100, p_const=1)"
6bffb48b96,180,1,37,0.37,1589235768.7290764,0.024799919255631363,209832867589.37332,97688531957.68472,
6bffb48b96,180,2,74,0.74,12676662.070541196,0.0023833938983121206,18740453164.639946,8369692335.134894,
6bffb48b96,180,3,111,1.11,865850.5055000283,0.0006323778317954117,4897511434.5265,1913430630.188623,
6bffb48b96,180,4,148,1.48,78108.04648910426,0.00019644313980929655,1470096799.9006019,647956207.5525116,
6bffb48b96,180,5,185,1.85,12115.670730971553,8.328670864514787e-05,576943165.3558445,282204726.36106867,
6bffb48b96,180,6,222,2.22,4796.020679609787,5.2917195241921245e-05,360655297.4147102,171724451.04978925,
6bffb48b96,180,7,259,2.59,2264.600687229734,3.6754080723282504e-05,244824753.73257273,137980431.77453345,
6bffb48b96,180,8,296,2.96,1342.5896620863996,2.85040756888758e-05,185458380.37794456,79382378.01822574,
6bffb48b96,180,9,333,3.33,981.5439892814456,2.336264963305398e-05,156179471.36805022,73067230.33248281,
6bffb48b96,180,10,370,3.7,589.7765096633437,1.7274643465453163e-05,116353319.33060874,45328472.128748275,
6bffb48b96,180,11,407,4.07,353.69248275224135,1.2600155150350376e-05,83650333.62424043,35669617.89143413,
6bffb48b96,180,12,444,4.44,250.62163960230396,9.781532571071113e-06,64356793.22837473,21556466.580841556,
6bffb48b96,180,13,481,4.81,197.15148244910702,7.759771350828445e-06,51579105.98511383,23524392.785396248,
6bffb48b96,180,14,518,5.18,157.32470487236745,6.062800520835541e-06,39458862.68257109,15492286.602662664,
6bffb48b96,180,15,555,5.55,140.87498790472253,5.05335945571616e-06,33185265.31074624,14139976.1001991,
6bffb48b96,180,16,592,5.92,127.09519367653147,4.032445981164376e-06,26823350.469403658,14423500.879803946,
6bffb48b96,180,17,629,6.29,116.22128998556379,3.1186098337165205e-06,20450678.003691044,10424876.134241551,
6bffb48b96,180,18,666,6.66,111.11434691736918,2.575368671722678e-06,16635569.91036352,6546745.897397288,
6bffb48b96,180,19,703,7.03,108.66813261827859,2.1674693539773385e-06,14455785.3320356,6037816.446181794,
6bffb48b96,180,20,740,7.4,105.40402334631997,1.5930718057189499e-06,10887491.114212906,4573552.615874449,
6bffb48b96,180,21,777,7.77,103.04384580676906,1.106761046200332e-06,7290312.59379412,3401675.902623785,
6bffb48b96,180,22,814,8.14,102.34487344001941,8.903946009220864e-07,5812366.362483579,3184679.005151542,
6bffb48b96,180,23,851,8.51,101.96557267330373,7.391565078617892e-07,4824423.388502565,1955923.3321564125,
6bffb48b96,180,24,888,8.88,101.70497772189965,6.023820712656748e-07,4006902.590035465,1689600.3941594446,
6bffb48b96,180,25,925,9.25,101.4623849213212,4.604159357130079e-07,3055196.5537613104,1581554.9954808627,
6bffb48b96,180,26,962,9.62,101.32575121140727,3.555299223985463e-07,2355585.7135701897,1049014.6605572852,
6bffb48b96,180,27,999,9.99,101.24621469179833,2.807634421141846e-07,1828994.7612765373,832606.5777926049,
6bffb48b96,180,28,1036,10.36,101.21018465249941,2.367266590347385e-07,1531994.8851812475,549821.3561832996,
6bffb48b96,180,29,1073,10.73,101.1884159383483,2.0491461011653606e-07,1320570.0677272296,665698.982104993,
6bffb48b96,180,30,1110,11.1,101.17395871867619,1.8148864534125187e-07,1159037.304636847,583383.5391941094,
6bffb48b96,180,31,1147,11.47,101.16580601957733,1.6280807120634057e-07,1057117.1427373434,452495.53510493255,
6bffb48b96,180,32,1184,11.84,101.15459318240025,1.4189054071104716e-07,898245.2882571394,409683.83693138795,
6bffb48b96,180,33,1221,12.21,101.15152611143691,1.3391571204015085e-07,849630.0689174596,409086.45605395734,
6bffb48b96,180,34,1258,12.58,101.14836225294339,1.2413490701264837e-07,796377.0727759937,322971.60310815595,
6bffb48b96,180,35,1295,12.95,101.14379658128905,1.0970951778709105e-07,712547.8017408416,290822.7944299908,
6bffb48b96,180,36,1332,13.32,101.13866965782609,9.325538565680636e-08,604717.121614765,289584.8788427685,
6bffb48b96,180,37,1369,13.69,101.13510958226637,8.092842924675411e-08,516769.50511704513,202562.44501816505,
6bffb48b96,180,38,1406,14.06,101.13349697385041,7.228900077885397e-08,471564.7847123217,208892.37944146164,
6bffb48b96,180,39,1443,14.43,101.13103421776893,6.099233247693375e-08,392610.01399976556,159984.86730847685,
6bffb48b96,180,40,1480,14.8,101.12979893460249,5.332167133381681e-08,346293.3292157045,137224.76683121306,
6bffb48b96,180,41,1517,15.17,101.1285898461195,4.311137541088674e-08,293974.82656956976,124781.99088528367,
6bffb48b96,180,42,1554,15.54,101.12690066592397,3.0532822187904984e-08,199053.79970195997,91812.7905002795,
6bffb48b96,180,43,1591,15.91,101.1264672027853,2.5519707637238813e-08,166172.4161381833,58466.725038642275,
6bffb48b96,180,44,1628,16.28,101.12617246076633,2.1404610202147798e-08,139454.05993092785,54019.95672489897,
6bffb48b96,180,45,1665,16.65,101.12596248275017,1.7633419957007713e-08,116747.6380305521,56952.03649324487,
6bffb48b96,180,46,1702,17.02,101.12576905884006,1.3877923587886197e-08,90946.15317688449,29842.637188189226,
6bffb48b96,180,47,1739,17.39,101.12566922703088,1.1010186968306035e-08,74197.98902245892,33031.47322184611,
6bffb48b96,180,48,1776,17.76,101.12557270949493,8.019152793774883e-09,53209.741119701335,27230.38299481743,
6bffb48b96,180,49,1813,18.13,101.12553129935631,6.200200547631771e-09,41036.567217780364,14568.048612418721,
6bffb48b96,180,50,1850,18.5,101.12550751321889,4.739589069484408e-09,32016.586376342206,16707.545948945368,
6bffb48b96,180,51,1887,18.87,101.1254891113706,3.4238306380949e-09,22698.221634847476,9733.71974141228,
6bffb48b96,180,52,1924,19.24,101.12548166542523,2.6448665984985158e-09,17576.37969255931,8772.534563625579,
6bffb48b96,180,53,1961,19.61,101.12547705409234,2.049966699468903e-09,13460.40018380412,7371.207296003775,
6bffb48b96,180,54,1998,19.98,101.12547479068327,1.6676610864599678e-09,10885.965577325005,5018.268121668113,
6bffb48b96,180,55,2035,20.35,101.12547346152027,1.3939985222123594e-09,9036.686834697637,4473.0216428732965,
6bffb48b96,180,56,2072,20.72,101.12547267269075,6.206207263151627e-10,7732.573200660507,3210.5738357774358,
6bffb48b96,180,57,2109,21.09,101.12547051511295,1.1344218698295234e-11,36.281083364118885,18.75649226116943,
6bffb48b96,180,58,2146,21.46,101.12547051413982,4.003027558441491e-12,102.0246579076888,41.764973597771025,
6bffb48b96,180,59,2183,21.83,101.1254705133606,1.293427474173953e-13,53.03027204464459,23.096697800830242,
6bffb48b96,180,60,2220,22.2,101.12547051259833,4.898131173882685e-16,51.4565083171177,21.366660088768434,
6bffb48b96,180,61,2257,22.57,101.12547051236088,3.0788104881299205e-17,51.45373466874579,23.319697768259168,
6bffb48b96,180,62,2294,22.94,101.12547051236088,3.062187643945345e-17,51.45373466874579,28.933108397098746,
6bffb48b96,180,63,2331,23.31,101.12547051236088,3.110304246862498e-17,51.45373466874579,24.975874848078277,
6bffb48b96,180,64,2368,23.68,101.12547051236088,6.163157596494407e-17,51.45373466874579,22.57153344221534,
6bffb48b96,180,65,2405,24.05,101.12547051236088,1.2743227233579445e-13,51.45373466874579,29.631955363829604,
6bffb48b96,180,66,2442,24.42,101.12547051224927,5.775242210550014e-17,49.879755962151535,23.73340604140239,
6bffb48b96,180,67,2479,24.79,101.12547051224927,5.850148649807694e-17,49.879755962151535,15.61006258042296,
6bffb48b96,180,68,2516,25.16,101.12547051224531,5.858716979560016e-17,49.87972877862312,20.362066867006693,
6bffb48b96,180,69,2553,25.53,101.12547051221507,5.762243234811202e-17,49.879697592798905,21.282293494735562,
6bffb48b96,180,70,2590,25.9,101.12547051218236,5.798050812208098e-17,49.87965716772186,23.45063940455811,
6bffb48b96,180,71,2627,26.27,101.12547051216089,3.599094599787164e-18,49.879627315963205,23.298734252582115,
6bffb48b96,180,72,2664,26.64,101.12547051216089,1.4080881077833746e-17,49.879627315963205,18.84691456702671,
6bffb48b96,180,73,2701,27.01,101.12547051216089,7.20160587735909e-18,49.879627315963205,23.958940661944826,
6bffb48b96,180,74,2738,27.38,101.12547051216089,3.66481061606349e-18,49.879627315963205,24.920065987172954,
6bffb48b96,180,75,2775,27.75,101.12547051216089,3.676830679777075e-18,49.879627315963205,24.82385962368129,
6bffb48b96,180,76,2812,28.12,101.12547051216089,7.451884162393138e-18,49.879627315963205,19.002147030199353,
6bffb48b96,180,77,2849,28.49,101.12547051216089,3.651005506454788e-18,49.879627315963205,16.112472615459044,
6bffb48b96,180,78,2886,28.86,101.12547051216089,7.387055740002374e-18,49.879627315963205,20.3700888164578,
6bffb48b96,180,79,2923,29.23,101.12547051216089,2.326685884698074e-16,49.879627315963205,23.25977788946269,
6bffb48b96,180,80,2960,29.6,101.1254705121517,5.743372196275649e-17,49.878233234834326,22.492989381898354,
6bffb48b96,180,81,2997,29.97,101.12547051210728,2.333006392768881e-16,49.87818216976277,23.485119343834402,
6bffb48b96,180,82,3034,30.34,101.12547051210625,1.4741567310952842e-14,49.877657244053665,21.502885624373437,
6bffb48b96,180,83,3071,30.71,101.12547051202317,2.8452196025664744e-17,49.70290870371308,20.94778327462514,
6bffb48b96,180,84,3108,31.08,101.12547051202317,2.823478311941279e-17,49.70290870371308,18.37928534587944,
6bffb48b96,180,85,3145,31.45,101.12547051202317,2.848745211352562e-17,49.70290870371308,23.95862678983587,
6bffb48b96,180,86,3182,31.82,101.12547051202317,2.8797198518528254e-17,49.70290870371308,21.362059997221458,
6bffb48b96,180,87,3219,32.19,101.12547051202317,2.890943626479537e-17,49.70290870371308,21.1237693852851,
6bffb48b96,180,88,3256,32.56,101.12547051202317,2.95546469191567e-17,49.70290870371308,25.867678194321964,
6bffb48b96,180,89,3293,32.93,101.12547051202317,1.43395845371292e-17,49.70290870371308,17.642551198438397,
6bffb48b96,180,90,3330,33.3,101.12547051202317,7.232641879961992e-18,49.70290870371308,25.02349487419189,
6bffb48b96,180,91,3367,33.67,101.12547051202317,3.49559706027156e-18,49.70290870371308,25.368707945975157,
6bffb48b96,180,92,3404,34.04,101.12547051202317,1.8489372430966194e-18,49.70290870371308,23.92711735673905,
6bffb48b96,180,93,3441,34.41,101.12547051202317,3.630395768846835e-18,49.70290870371308,24.08753185890295,
6bffb48b96,180,94,3478,34.78,101.12547051202317,3.594147832478377e-18,49.70290870371308,20.09112913554977,
6bffb48b96,180,95,3515,35.15,101.12547051202317,7.247899008830401e-18,49.70290870371308,23.45297710269783,
6bffb48b96,180,96,3552,35.52,101.12547051202317,7.354052134900138e-18,49.70290870371308,22.4829939090843,
6bffb48b96,180,97,3589,35.89,101.12547051202317,2.9194307312534177e-17,49.70290870371308,21.311953496927153,
6bffb48b96,180,98,3626,36.26,101.12547051202317,7.488928396872819e-18,49.70290870371308,19.676211181569684,
6bffb48b96,180,99,3663,36.63,101.12547051202317,2.419350247130566e-16,49.70290870371308,21.31763816907488,
6bffb48b96,180,100,3700,37.0,101.12547051200045,3.537891826613359e-18,49.70170938692115,25.51608279484053,
6bffb48b96,180,101,3737,37.37,101.12547051200045,7.224539549509339e-18,49.70170938692115,26.870379928689164,
6bffb48b96,180,102,3774,37.74,101.12547051200045,3.546007495727228e-18,49.70170938692115,19.566994105067018,
6bffb48b96,180,103,3811,38.11,101.12547051200045,4.568654189224751e-16,49.70170938692115,25.668418817575844,
6bffb48b96,180,104,3848,38.48,101.12547051178694,1.444600592530895e-17,49.69800990235829,22.485187492129697,
6bffb48b96,180,105,3885,38.85,101.12547051178694,1.415275712089344e-17,49.69800990235829,17.66837351991626,
6bffb48b96,180,106,3922,39.22,101.12547051178694,1.7965227946341145e-18,49.69800990235829,21.42602117255082,
6bffb48b96,180,107,3959,39.59,101.12547051178694,1.7611728841245344e-18,49.69800990235829,15.977186840415325,
6bffb48b96,180,108,3996,39.96,101.12547051178694,2.319226803735989e-16,49.69800990235829,23.745388900012642,
6bffb48b96,180,109,4033,40.33,101.12547051175467,1.4310198095222248e-17,49.69686536487431,21.231373681139623,
6bffb48b96,180,110,4070,40.7,101.12547051175467,1.8039921864536535e-18,49.69686536487431,24.748016388991427,
6bffb48b96,180,111,4107,41.07,101.12547051175467,3.596050954222473e-18,49.69686536487431,20.54882052188075,
6bffb48b96,180,112,4144,41.44,101.12547051175467,3.630360249985828e-18,49.69686536487431,16.94655142606443,
6bffb48b96,180,113,4181,41.81,101.12547051175467,4.617011067319179e-16,49.69686536487431,25.773869085757784,
6bffb48b96,180,114,4218,42.18,101.12547051173283,5.742968630532276e-17,49.69352411301718,21.45037926026384,
6bffb48b96,180,115,4255,42.55,101.12547051173283,2.859900686054778e-17,49.69352411301718,24.00587879908519,
6bffb48b96,180,116,4292,42.92,101.12547051173283,5.86023992406902e-17,49.69352411301718,25.31434555837108,
6bffb48b96,180,117,4329,43.29,101.12547051172766,5.904473589936802e-17,49.6934624036415,19.43035734567098,
6bffb48b96,180,118,4366,43.66,101.1254705117183,2.933741319871347e-17,49.69344325844741,25.951549579735044,
6bffb48b96,180,119,4403,44.03,101.1254705117183,2.861507049102341e-17,49.69344325844741,19.4208674481316,
6bffb48b96,180,120,4440,44.4,101.1254705117183,2.8724109739102924e-17,49.69344325844741,20.734569397532788,
6bffb48b96,180,121,4477,44.77,101.1254705117183,2.992957959559112e-17,49.69344325844741,24.052326460877186,
6bffb48b96,180,122,4514,45.14,101.1254705117183,2.918095183796662e-17,49.69344325844741,23.344284814345368,
6bffb48b96,180,123,4551,45.51,101.1254705117183,5.761935813694423e-17,49.69344325844741,27.796486861482947,
6bffb48b96,180,124,4588,45.88,101.1254705117183,1.4624612315240434e-17,49.69344325844741,28.964213249164672,
6bffb48b96,180,125,4625,46.25,101.1254705117183,1.427093543484892e-17,49.69344325844741,20.651310180039594,
6bffb48b96,180,126,4662,46.62,101.1254705117183,2.889004665016409e-17,49.69344325844741,25.828385196278965,
6bffb48b96,180,127,4699,46.99,101.1254705117183,2.958048774905996e-17,49.69344325844741,25.07744236212071,
6bffb48b96,180,128,4736,47.36,101.1254705117183,7.442340549233614e-18,49.69344325844741,25.7726204189219,
6bffb48b96,180,129,4773,47.73,101.1254705117183,1.872486831194003e-18,49.69344325844741,24.212884159034736,
6bffb48b96,180,130,4810,48.1,101.1254705117183,1.8697214472032437e-18,49.69344325844741,23.70882210649006,
6bffb48b96,180,131,4847,48.47,101.1254705117183,3.7545176189980246e-18,49.69344325844741,22.611201694194108,
6bffb48b96,180,132,4884,48.84,101.1254705117183,1.8600047795946774e-18,49.69344325844741,23.601330291263437,
6bffb48b96,180,133,4921,49.21,101.1254705117183,1.882802528967173e-18,49.69344325844741,25.99174628643608,
6bffb48b96,180,134,4958,49.58,101.1254705117183,1.8704692629978795e-18,49.69344325844741,20.87698353117859,
6bffb48b96,180,135,4995,49.95,101.1254705117183,3.639403820325663e-18,49.69344325844741,21.81906065149594,
6bffb48b96,180,136,5032,50.32,101.1254705117183,3.586125719851337e-18,49.69344325844741,17.345396298787772,
6bffb48b96,180,137,5069,50.69,101.1254705117183,3.651566771640778e-18,49.69344325844741,24.38293696226551,
6bffb48b96,180,138,5106,51.06,101.1254705117183,1.8222207613313954e-18,49.69344325844741,23.169105153949193,
6bffb48b96,180,139,5143,51.43,101.1254705117183,1.831244943012286e-18,49.69344325844741,21.86777347667539,
6bffb48b96,180,140,5180,51.8,101.1254705117183,1.817276445433132e-18,49.69344325844741,19.217266519468417,
6bffb48b96,180,141,5217,52.17,101.1254705117183,3.653665290326849e-18,49.69344325844741,22.775170786582024,
6bffb48b96,180,142,5254,52.54,101.1254705117183,1.804866419541832e-18,49.69344325844741,20.485646623303776,
6bffb48b96,180,143,5291,52.91,101.1254705117183,1.7679241723767407e-18,49.69344325844741,20.71067719584425,
6bffb48b96,180,144,5328,53.28,101.1254705117183,1.792748029701625e-18,49.69344325844741,25.57245750969393,
6bffb48b96,180,145,5365,53.65,101.1254705117183,1.793662465388113e-18,49.69344325844741,17.356378474246252,
6bffb48b96,180,146,5402,54.02,101.1254705117183,1.751848203487227e-18,49.69344325844741,20.626848675109095,
6bffb48b96,180,147,5439,54.39,101.1254705117183,1.7457753958287258e-18,49.69344325844741,25.34344188650205,
6bffb48b96,180,148,5476,54.76,101.1254705117183,3.619167041588549e-18,49.69344325844741,22.329730466252897,
6bffb48b96,180,149,5513,55.13,101.1254705117183,1.7700273322447617e-18,49.69344325844741,20.83972293492688,
6bffb48b96,180,150,5550,55.5,101.1254705117183,1.761390693414194e-18,49.69344325844741,23.41204227851757,
6bffb48b96,180,151,5587,55.87,101.1254705117183,1.7291857806172185e-18,49.69344325844741,21.415897764228518,
6bffb48b96,180,152,5624,56.24,101.1254705117183,1.7394890984852413e-18,49.69344325844741,18.746399951042545,
6bffb48b96,180,153,5661,56.61,101.1254705117183,1.7599500229032544e-18,49.69344325844741,20.15670537447737,
6bffb48b96,180,154,5698,56.98,101.1254705117183,1.7866822253615617e-18,49.69344325844741,23.034954689290405,
6bffb48b96,180,155,5735,57.35,101.1254705117183,3.646659482781306e-18,49.69344325844741,24.5044262697092,
6bffb48b96,180,156,5772,57.72,101.1254705117183,3.5722647018252195e-18,49.69344325844741,21.48303240882242,
6bffb48b96,180,157,5809,58.09,101.1254705117183,7.181256702920577e-18,49.69344325844741,20.629686278339868,
6bffb48b96,180,158,5846,58.46,101.1254705117183,3.569776440007541e-18,49.69344325844741,20.988739493367337,
6bffb48b96,180,159,5883,58.83,101.1254705117183,3.575352915235161e-18,49.69344325844741,24.148521535076263,
6bffb48b96,180,160,5920,59.2,101.1254705117183,7.128915095490906e-18,49.69344325844741,14.511413188346161,
6bffb48b96,180,161,5957,59.57,101.1254705117183,7.027086894978045e-18,49.69344325844741,17.19252739889929,
6bffb48b96,180,162,5994,59.94,101.1254705117183,3.5242753175513364e-18,49.69344325844741,20.279356798484145,
6bffb48b96,180,163,6031,60.31,101.1254705117183,6.890959905153301e-18,49.69344325844741,21.028722143907356,
6bffb48b96,180,164,6068,60.68,101.1254705117183,3.4557700384665866e-18,49.69344325844741,22.450356489544866,
6bffb48b96,180,165,6105,61.05,101.1254705117183,1.3982302345175052e-17,49.69344325844741,24.200054284823246,
6bffb48b96,180,166,6142,61.42,101.1254705117183,7.299015487186935e-18,49.69344325844741,19.78099529482575,
6bffb48b96,180,167,6179,61.79,101.1254705117183,3.69993032583258e-18,49.69344325844741,21.938886693198793,
6bffb48b96,180,168,6216,62.16,101.1254705117183,3.614008041504741e-18,49.69344325844741,23.796981926820102,
6bffb48b96,180,169,6253,62.53,101.1254705117183,3.667649609247732e-18,49.69344325844741,25.199039529603347,
6bffb48b96,180,170,6290,62.9,101.1254705117183,3.709000140192986e-18,49.69344325844741,22.27097478589189,
6bffb48b96,180,171,6327,63.27,101.1254705117183,3.727308713726829e-18,49.69344325844741,22.309358521487646,
6bffb48b96,180,172,6364,63.64,101.1254705117183,2.325817034790746e-16,49.69344325844741,22.787568843400848,
6bffb48b96,180,173,6401,64.01,101.12547051170418,2.898602682991031e-17,49.69251964227222,18.5843936576897,
6bffb48b96,180,174,6438,64.38,101.12547051170418,2.865282120010684e-17,49.69251964227222,21.00277318541117,
6bffb48b96,180,175,6475,64.75,101.12547051170418,2.2961260761742364e-16,49.69251964227222,26.23580961254302,
6bffb48b96,180,176,6512,65.12,101.12547051163655,2.8803895152463236e-17,49.69147370761843,20.394906331644574,
6bffb48b96,180,177,6549,65.49,101.12547051159756,2.854663300247225e-17,49.6914411873577,26.244692831416028,
6bffb48b96,180,178,6586,65.86,101.12547051159756,1.7940298083816893e-18,49.6914411873577,17.739684034793626,
6bffb48b96,180,179,6623,66.23,101.12547051159756,3.536543886503674e-18,49.6914411873577,18.230756438405507,
6bffb48b96,180,180,6660,66.6,101.12547051159756,3.590798130356114e-18,49.6914411873577,25.52621192241503,
6bffb48b96,180,181,6697,66.97,101.12547051159756,7.187639023611272e-18,49.6914411873577,20.39211817890298,
6bffb48b96,180,182,6734,67.34,101.12547051159756,7.214950491106303e-18,49.6914411873577,17.57642745538192,
6bffb48b96,180,183,6771,67.71,101.12547051159756,7.114501609368263e-18,49.6914411873577,21.076138924871085,
6bffb48b96,180,184,6808,68.08,101.12547051159756,7.087480530211896e-18,49.6914411873577,22.201997092505984,
6bffb48b96,180,185,6845,68.45,101.12547051159756,2.818940250013722e-17,49.6914411873577,23.221405262047373,
6bffb48b96,180,186,6882,68.82,101.12547051159756,6.915617723707212e-18,49.6914411873577,16.985574292617894,
6bffb48b96,180,187,6919,69.19,101.12547051159756,3.601257617922742e-18,49.6914411873577,26.374934669922098,
6bffb48b96,180,188,6956,69.56,101.12547051159756,7.082036812797061e-18,49.6914411873577,22.2645296715903,
6bffb48b96,180,189,6993,69.93,101.12547051159756,3.504063838735261e-18,49.6914411873577,25.14113727386533,
6bffb48b96,180,190,7030,70.3,101.12547051159756,3.4961434410909e-18,49.6914411873577,20.634995390268152,
6bffb48b96,180,191,7067,70.67,101.12547051159756,3.6488325129900505e-18,49.6914411873577,25.71349513026258,
6bffb48b96,180,192,7104,71.04,101.12547051159756,3.6051585064504295e-18,49.6914411873577,19.532889823113777,
6bffb48b96,180,193,7141,71.41,101.12547051159756,7.17794114366578e-18,49.6914411873577,20.729310820499748,
6bffb48b96,180,194,7178,71.78,101.12547051159756,7.279577627346502e-18,49.6914411873577,18.613211831193695,
6bffb48b96,180,195,7215,72.15,101.12547051159756,7.138816695060152e-18,49.6914411873577,20.495734669808016,
6bffb48b96,180,196,7252,72.52,101.12547051159756,6.952370328402223e-18,49.6914411873577,22.773112412783526,
6bffb48b96,180,197,7289,72.89,101.12547051159756,2.7581656125385418e-17,49.6914411873577,24.98744748376826,
6bffb48b96,180,198,7326,73.26,101.12547051159756,7.220907372004366e-18,49.6914411873577,20.33671666921033,
6bffb48b96,180,199,7363,73.63,101.12547051159756,3.607822742732888e-18,49.6914411873577,22.11573847624711,
6bffb48b96,180,200,7400,74.0,101.12547051159756,3.657408455540297e-18,49.6914411873577,20.104858898494868,
6bffb48b96,180,201,7437,74.37,101.12547051159756,1.4430887138930455e-17,49.6914411873577,21.467219458021447,
6bffb48b96,180,202,7474,74.74,101.12547051159756,3.640419042477961e-18,49.6914411873577,21.025796606662123,
6bffb48b96,180,203,7511,75.11,101.12547051159756,3.6773676356958715e-18,49.6914411873577,19.47687934193519,
6bffb48b96,180,204,7548,75.48,101.12547051159756,7.288748808786427e-18,49.6914411873577,22.51587305176967,
6bffb48b96,180,205,7585,75.85,101.12547051159756,7.35070408522842e-18,49.6914411873577,16.231839318069596,
6bffb48b96,180,206,7622,76.22,101.12547051159756,6.865890779269223e-18,49.6914411873577,21.129261550613997,
6bffb48b96,180,207,7659,76.59,101.12547051159756,6.913767711238587e-18,49.6914411873577,20.18806458062178,
6bffb48b96,180,208,7696,76.96,101.12547051159756,5.430964696639783e-17,49.6914411873577,19.604419311516903,
6bffb48b96,180,209,7733,77.33,101.12547051159756,2.758426975209722e-17,49.6914411873577,21.063260358132165,
6bffb48b96,180,210,7770,77.7,101.12547051159756,1.3920985332627307e-17,49.6914411873577,22.867934918473644,
6bffb48b96,180,211,7807,78.07,101.12547051159756,2.722231592901632e-17,49.6914411873577,18.205884552313233,
6bffb48b96,180,212,7844,78.44,101.12547051159756,7.2464568997266e-18,49.6914411873577,23.062808634176264,
6bffb48b96,180,213,7881,78.81,101.12547051159756,1.7824330545813784e-18,49.6914411873577,23.392520139764926,
6bffb48b96,180,214,7918,79.18,101.12547051159756,1.7802634084807425e-18,49.6914411873577,19.80526428649164,
6bffb48b96,180,215,7955,79.55,101.12547051159756,1.740606051214452e-18,49.6914411873577,24.035326629245436,
6bffb48b96,180,216,7992,79.92,101.12547051159756,7.291167668887439e-18,49.6914411873577,23.30538149763872,
6bffb48b96,180,217,8029,80.29,101.12547051159756,3.622091558976652e-18,49.6914411873577,22.579729123633538,
6bffb48b96,180,218,8066,80.66,101.12547051159756,1.8049574400928066e-18,49.6914411873577,21.170533031359057,
6bffb48b96,180,219,8103,81.03,101.12547051159756,1.7925587471317635e-18,49.6914411873577,24.607289520005875,
6bffb48b96,180,220,8140,81.4,101.12547051159756,1.8270264701826087e-18,49.6914411873577,19.08232265850062,
6bffb48b96,180,221,8177,81.77,101.12547051159756,1.830735135957588e-18,49.6914411873577,27.703589453148183,
6bffb48b96,180,222,8214,82.14,101.12547051159756,3.604985152158794e-18,49.6914411873577,23.339901778731626,
6bffb48b96,180,223,8251,82.51,101.12547051159756,7.335842772262213e-18,49.6914411873577,20.53220861243351,
6bffb48b96,180,224,8288,82.88,101.12547051159756,7.273002649911744e-18,49.6914411873577,17.06529422167584,
6bffb48b96,180,225,8325,83.25,101.12547051159756,7.441363469099366e-18,49.6914411873577,25.54826222565178,
6bffb48b96,180,226,8362,83.62,101.12547051159756,3.6507556562455126e-18,49.6914411873577,28.7567729975176,
6bffb48b96,180,227,8399,83.99,101.12547051159756,1.4480014340675874e-17,49.6914411873577,22.03398187809151,
6bffb48b96,180,228,8436,84.36,101.12547051159756,1.4380971386291468e-17,49.6914411873577,19.244686491872134,
6bffb48b96,180,229,8473,84.73,101.12547051159756,3.68623102401472e-18,49.6914411873577,24.402008686568895,
6bffb48b96,180,230,8510,85.1,101.12547051159756,3.666608443211287e-18,49.6914411873577,27.206702469374655,
6bffb48b96,180,231,8547,85.47,101.12547051159756,3.681676232668485e-18,49.6914411873577,21.982100933674566,
6bffb48b96,180,232,8584,85.84,101.12547051159756,3.642085220565783e-18,49.6914411873577,24.19787390062446,
6bffb48b96,180,233,8621,86.21,101.12547051159756,3.614790873792093e-18,49.6914411873577,15.927211323522544,
6bffb48b96,180,234,8658,86.58,101.12547051159756,1.8272058461836886e-18,49.6914411873577,19.687946009852087,
6bffb48b96,180,235,8695,86.95,101.12547051159756,3.614793927953053e-18,49.6914411873577,18.905249869293314,
6bffb48b96,180,236,8732,87.32,101.12547051159756,1.7877921686608565e-18,49.6914411873577,25.54233411691005,
6bffb48b96,180,237,8769,87.69,101.12547051159756,1.838561320434049e-18,49.6914411873577,20.95080899167158,
6bffb48b96,180,238,8806,88.06,101.12547051159756,3.655311747317315e-18,49.6914411873577,24.425097368589892,
6bffb48b96,180,239,8843,88.43,101.12547051159756,3.631537772174326e-18,49.6914411873577,26.55839563275169,
6bffb48b96,180,240,8880,88.8,101.12547051159756,3.615520927971592e-18,49.6914411873577,19.316799898475722,
6bffb48b96,180,241,8917,89.17,101.12547051159756,1.8002222599212765e-18,49.6914411873577,19.92907316100507,
6bffb48b96,180,242,8954,89.54,101.12547051159756,3.605600221601442e-18,49.6914411873577,15.515052674796472,
6bffb48b96,180,243,8991,89.91,101.12547051159756,3.561456538903176e-18,49.6914411873577,17.99922683948758,
6bffb48b96,180,244,9028,90.28,101.12547051159756,1.784068053187317e-18,49.6914411873577,19.750208911555326,
6bffb48b96,180,245,9065,90.65,101.12547051159756,3.5842538707250536e-18,49.6914411873577,23.508987197605766,
6bffb48b96,180,246,9102,91.02,101.12547051159756,7.078552504226598e-18,49.6914411873577,19.149688834189682,
6bffb48b96,180,247,9139,91.39,101.12547051159756,7.047784359211334e-18,49.6914411873577,19.9316311968505,
6bffb48b96,180,248,9176,91.76,101.12547051159756,3.497732115525739e-18,49.6914411873577,19.987444864176982,
6bffb48b96,180,249,9213,92.13,101.12547051159756,6.857629693156578e-18,49.6914411873577,21.232368354180416,
6bffb48b96,180,250,9250,92.5,101.12547051159756,6.994196794180157e-18,49.6914411873577,26.42385297543877,
6bffb48b96,180,251,9287,92.87,101.12547051159756,3.5759430559574125e-18,49.6914411873577,27.24528320939389,
6bffb48b96,180,252,9324,93.24,101.12547051159756,2.948495669804192e-17,49.6914411873577,27.7912998982103,
6bffb48b96,180,253,9361,93.61,101.12547051159756,7.413884920174656e-18,49.6914411873577,25.684172990006473,
6bffb48b96,180,254,9398,93.98,101.12547051159756,7.33770962908605e-18,49.6914411873577,17.991489247545232,
6bffb48b96,180,255,9435,94.35,101.12547051159756,7.442667435124584e-18,49.6914411873577,22.75359030428028,
6bffb48b96,180,256,9472,94.72,101.12547051159756,3.710794813583908e-18,49.6914411873577,22.332601563572954,
6bffb48b96,180,257,9509,95.09,101.12547051159756,3.716933451993483e-18,49.6914411873577,23.098529435419014,
6bffb48b96,180,258,9546,95.46,101.12547051159756,3.683081072179805e-18,49.6914411873577,19.78010723733276,
6bffb48b96,180,259,9583,95.83,101.12547051159756,1.8236252507897234e-18,49.6914411873577,23.41241724282637,
6bffb48b96,180,260,9620,96.2,101.12547051159756,1.8053636120493343e-18,49.6914411873577,18.660469832729678,
6bffb48b96,180,261,9657,96.57,101.12547051159756,1.7415901525962123e-18,49.6914411873577,22.068460997106044,
6bffb48b96,180,262,9694,96.94,101.12547051159756,1.7721178362623458e-18,49.6914411873577,20.245127861077396,
6bffb48b96,180,263,9731,97.31,101.12547051159756,1.7879008942280675e-18,49.6914411873577,24.43522580739972,
6bffb48b96,180,264,9768,97.68,101.12547051159756,1.778814574625723e-18,49.6914411873577,13.567031264001928,
6bffb48b96,180,265,9805,98.05,101.12547051159756,1.7358317058751642e-18,49.6914411873577,18.605513697666268,
6bffb48b96,180,266,9842,98.42,101.12547051159756,3.669738822795153e-18,49.6914411873577,27.456819092008534,
6bffb48b96,180,267,9879,98.79,101.12547051159756,3.559714459475062e-18,49.6914411873577,25.355823044132407,
6bffb48b96,180,268,9916,99.16,101.12547051159756,7.222942565045204e-18,49.6914411873577,19.18824953670124,
6bffb48b96,180,269,9953,99.53,101.12547051159756,3.656950769250332e-18,49.6914411873577,25.49954802882009,
6bffb48b96,180,270,9990,99.9,101.12547051159756,3.660373907412072e-18,49.6914411873577,16.88736922952615,
6bffb48b96,180,271,10027,100.27,101.12547051159756,3.6372597720898e-18,49.6914411873577,19.20674922384723,
6bffb48b96,180,272,10064,100.64,101.12547051159756,7.595269642918963e-18,49.6914411873577,21.30833350277655,
6bffb48b96,180,273,10101,101.01,101.12547051159756,3.8284622742697946e-18,49.6914411873577,26.415927808377226,
6bffb48b96,180,274,10138,101.38,101.12547051159756,3.79302150513641e-18,49.6914411873577,21.608655469326838,
6bffb48b96,180,275,10175,101.75,101.12547051159756,7.297157685301347e-18,49.6914411873577,21.8061177909045,
6bffb48b96,180,276,10212,102.12,101.12547051159756,3.57975926044647e-18,49.6914411873577,24.073303633629386,
6bffb48b96,180,277,10249,102.49,101.12547051159756,3.625502590993573e-18,49.6914411873577,16.579010167908475,
6bffb48b96,180,278,10286,102.86,101.12547051159756,1.4552516809948576e-17,49.6914411873577,24.172656972650554,
6bffb48b96,180,279,10323,103.23,101.12547051159756,7.214616376975418e-18,49.6914411873577,23.069898742470308,
6bffb48b96,180,280,10360,103.6,101.12547051159756,7.214734155476344e-18,49.6914411873577,18.73415381857935,
6bffb48b96,180,281,10397,103.97,101.12547051159756,7.096000329433463e-18,49.6914411873577,21.11502174248194,
6bffb48b96,180,282,10434,104.34,101.12547051159756,3.592025051174467e-18,49.6914411873577,22.768614738423622,
6bffb48b96,180,283,10471,104.71,101.12547051159756,3.5762157549056524e-18,49.6914411873577,22.12726795725982,
6bffb48b96,180,284,10508,105.08,101.12547051159756,3.585719377682152e-18,49.6914411873577,22.833718005258827,
6bffb48b96,180,285,10545,105.45,101.12547051159756,7.12859566695907e-18,49.6914411873577,21.037515405636604,
6bffb48b96,180,286,10582,105.82,101.12547051159756,7.169226696757721e-18,49.6914411873577,21.166394887406238,
6bffb48b96,180,287,10619,106.19,101.12547051159756,7.22000665825681e-18,49.6914411873577,18.749242034673614,
6bffb48b96,180,288,10656,106.56,101.12547051159756,7.246801697570328e-18,49.6914411873577,23.05316320669422,
6bffb48b96,180,289,10693,106.93,101.12547051159756,2.9308056621190623e-17,49.6914411873577,20.627127682912036,
6bffb48b96,180,290,10730,107.3,101.12547051159756,3.66520632137309e-18,49.6914411873577,24.770185617439623,
6bffb48b96,180,291,10767,107.67,101.12547051159756,7.270606089288803e-18,49.6914411873577,23.67196362151624,
6bffb48b96,180,292,10804,108.04,101.12547051159756,1.814524067448095e-18,49.6914411873577,20.089984644801373,
6bffb48b96,180,293,10841,108.41,101.12547051159756,1.783893479424789e-18,49.6914411873577,24.380274203483026,
6bffb48b96,180,294,10878,108.78,101.12547051159756,1.787328028916783e-18,49.6914411873577,19.40919708526454,
6bffb48b96,180,295,10915,109.15,101.12547051159756,1.818421675101891e-18,49.6914411873577,26.63338975495268,
6bffb48b96,180,296,10952,109.52,101.12547051159756,1.83036626678502e-18,49.6914411873577,23.66926347476464,
6bffb48b96,180,297,10989,109.89,101.12547051159756,1.850095513596724e-18,49.6914411873577,14.28274183582054,
6bffb48b96,180,298,11026,110.26,101.12547051159756,1.8311548034528086e-18,49.6914411873577,23.938699532538934,
6bffb48b96,180,299,11063,110.63,101.12547051159756,3.692146058017993e-18,49.6914411873577,12.723182145427971,
6bffb48b96,180,300,11100,111.0,101.12547051159756,3.66037943156613e-18,49.6914411873577,18.637518140308117,
6bffb48b96,180,301,11137,111.37,101.12547051159756,1.4701182106000583e-17,49.6914411873577,25.18778100187535,
6bffb48b96,180,302,11174,111.74,101.12547051159756,7.206013015537908e-18,49.6914411873577,23.38300914573201,
6bffb48b96,180,303,11211,112.11,101.12547051159756,3.697178794762047e-18,49.6914411873577,25.37856529672952,
6bffb48b96,180,304,11248,112.48,101.12547051159756,3.669269528861348e-18,49.6914411873577,21.797286016871414,
6bffb48b96,180,305,11285,112.85,101.12547051159756,3.7246043286227266e-18,49.6914411873577,26.668781471517605,
6bffb48b96,180,306,11322,113.22,101.12547051159756,3.6752856499964355e-18,49.6914411873577,20.5033874267456,
6bffb48b96,180,307,11359,113.59,101.12547051159756,1.8273843939852925e-18,49.6914411873577,20.2598097736468,
6bffb48b96,180,308,11396,113.96,101.12547051159756,3.717376992436833e-18,49.6914411873577,21.3202412168381,
6bffb48b96,180,309,11433,114.33,101.12547051159756,1.8044548097107166e-18,49.6914411873577,26.33821926433737,
6bffb48b96,180,310,11470,114.7,101.12547051159756,1.792049470641277e-18,49.6914411873577,21.6625657895784,
6bffb48b96,180,311,11507,115.07,101.12547051159756,1.759224161172377e-18,49.6914411873577,22.165810919288905,
6bffb48b96,180,312,11544,115.44,101.12547051159756,1.110928219604384e-16,49.6914411873577,22.406293008343525,
6bffb48b96,180,313,11581,115.81,101.12547051159085,2.834079711001251e-17,49.69136263043702,23.35415420709495,
6bffb48b96,180,314,11618,116.18,101.12547051159085,2.83038922623464e-17,49.69136263043702,25.191299496451865,
6bffb48b96,180,315,11655,116.55,101.12547051159085,2.921009814784928e-17,49.69136263043702,25.217347067032396,
6bffb48b96,180,316,11692,116.92,101.12547051159085,2.9286735927762165e-17,49.69136263043702,21.58216883092697,
6bffb48b96,180,317,11729,117.29,101.12547051159085,2.8742263540604846e-17,49.69136263043702,24.66236985041674,
6bffb48b96,180,318,11766,117.66,101.12547051159085,2.8934801034716254e-17,49.69136263043702,22.17907006469503,
6bffb48b96,180,319,11803,118.03,101.12547051159085,2.932555778111406e-17,49.69136263043702,22.80492159200161,
6bffb48b96,180,320,11840,118.4,101.12547051159085,2.9089681402829164e-17,49.69136263043702,18.55893608025467,
6bffb48b96,180,321,11877,118.77,101.12547051159085,5.681672449197015e-17,49.69136263043702,18.911076926624382,
6bffb48b96,180,322,11914,119.14,101.12547051158955,2.8188942154735175e-17,49.69130926432418,23.441334465624074,
6bffb48b96,180,323,11951,119.51,101.12547051158955,2.847594749307633e-17,49.69130926432418,26.73029450305197,
6bffb48b96,180,324,11988,119.88,101.12547051158955,2.86351477523645e-17,49.69130926432418,19.87309975821039,
6bffb48b96,180,325,12025,120.25,101.12547051158955,2.878884981901471e-17,49.69130926432418,18.54417633860961,
6bffb48b96,180,326,12062,120.62,101.12547051158955,5.734266659761305e-17,49.69130926432418,19.295275053534098,
6bffb48b96,180,327,12099,120.99,101.12547051158955,5.878167161803584e-17,49.69130926432418,23.31575827738309,
6bffb48b96,180,328,12136,121.36,101.12547051157583,2.929057749956062e-17,49.691289451988624,22.05246523721256,
6bffb48b96,180,329,12173,121.73,101.12547051157583,2.944039554415811e-17,49.691289451988624,19.872452394091493,
6bffb48b96,180,330,12210,122.1,101.12547051157583,2.954828918211289e-17,49.691289451988624,23.412327245586976,
6bffb48b96,180,331,12247,122.47,101.12547051154019,3.693149386638575e-18,49.69126630431204,22.292648250797527,
6bffb48b96,180,332,12284,122.84,101.12547051154019,3.584125277851244e-18,49.69126630431204,22.08727667982001,
6bffb48b96,180,333,12321,123.21,101.12547051154019,3.657554674440857e-18,49.69126630431204,26.319926413848687,
6bffb48b96,180,334,12358,123.58,101.12547051154019,3.79260661625091e-18,49.69126630431204,26.34342609982437,
6bffb48b96,180,335,12395,123.95,101.12547051154019,3.7823623773044365e-18,49.69126630431204,20.154707053772334,
6bffb48b96,180,336,12432,124.32,101.12547051154019,3.7483643651015554e-18,49.69126630431204,21.032883973486065,
6bffb48b96,180,337,12469,124.69,101.12547051154019,1.874151318689477e-18,49.69126630431204,21.06469980105129,
6bffb48b96,180,338,12506,125.06,101.12547051154019,3.666157134246064e-18,49.69126630431204,22.192655780947298,
6bffb48b96,180,339,12543,125.43,101.12547051154019,7.221853963682785e-18,49.69126630431204,18.52614394189982,
6bffb48b96,180,340,12580,125.8,101.12547051154019,1.4644582660162858e-17,49.69126630431204,22.39726277008528,
6bffb48b96,180,341,12617,126.17,101.12547051154019,7.294469835664735e-18,49.69126630431204,22.452529878361073,
6bffb48b96,180,342,12654,126.54,101.12547051154019,3.5810594757100905e-18,49.69126630431204,22.76730527808651,
6bffb48b96,180,343,12691,126.91,101.12547051154019,7.310174571296625e-18,49.69126630431204,24.043025758803005,
6bffb48b96,180,344,12728,127.28,101.12547051154019,3.555518522245208e-18,49.69126630431204,24.699721633907522,
6bffb48b96,180,345,12765,127.65,101.12547051154019,3.609813791422257e-18,49.69126630431204,25.592032289188566,
6bffb48b96,180,346,12802,128.02,101.12547051154019,3.5779509670375855e-18,49.69126630431204,19.26621975663034,
6bffb48b96,180,347,12839,128.39,101.12547051154019,3.55481976412702e-18,49.69126630431204,23.127527720636206,
6bffb48b96,180,348,12876,128.76,101.12547051154019,3.558352346091471e-18,49.69126630431204,19.80834285220799,
6bffb48b96,180,349,12913,129.13,101.12547051154019,3.564493488045216e-18,49.69126630431204,22.814983566180928,
6bffb48b96,180,350,12950,129.5,101.12547051154019,3.56278564362906e-18,49.69126630431204,24.190469490908978,
6bffb48b96,180,351,12987,129.87,101.12547051154019,3.643531061056321e-18,49.69126630431204,18.344533657541223,
6bffb48b96,180,352,13024,130.24,101.12547051154019,3.7227826614994156e-18,49.69126630431204,23.49638828304255,
6bffb48b96,180,353,13061,130.61,101.12547051154019,7.154582939551121e-18,49.69126630431204,20.802639575441713,
6bffb48b96,180,354,13098,130.98,101.12547051154019,7.267058035512584e-18,49.69126630431204,24.376523677001046,
6bffb48b96,180,355,13135,131.35,101.12547051154019,3.6770272474573025e-18,49.69126630431204,18.309643174341225,
6bffb48b96,180,356,13172,131.72,101.12547051154019,3.703499701122483e-18,49.69126630431204,21.90678778858194,
6bffb48b96,180,357,13209,132.09,101.12547051154019,3.739671499647413e-18,49.69126630431204,23.28919052829844,
6bffb48b96,180,358,13246,132.46,101.12547051154019,7.598470469523547e-18,49.69126630431204,28.669372411478253,
6bffb48b96,180,359,13283,132.83,101.12547051154019,7.528323500966099e-18,49.69126630431204,18.91180798943814,
6bffb48b96,180,360,13320,133.2,101.12547051154019,7.489441648207491e-18,49.69126630431204,23.994165445098748,
6bffb48b96,180,361,13357,133.57,101.12547051154019,7.539170064898565e-18,49.69126630431204,23.939280096782028,
6bffb48b96,180,362,13394,133.94,101.12547051154019,2.970424249582256e-17,49.69126630431204,18.047412070020506,
6bffb48b96,180,363,13431,134.31,101.12547051154019,1.4410748339143297e-17,49.69126630431204,19.93060666596062,
6bffb48b96,180,364,13468,134.68,101.12547051154019,1.420739759144196e-17,49.69126630431204,21.69624220743852,
6bffb48b96,180,365,13505,135.05,101.12547051154019,1.4756249266342338e-17,49.69126630431204,25.452683039118682,
6bffb48b96,180,366,13542,135.42,101.12547051154019,7.331715145753581e-18,49.69126630431204,21.523958431731803,
6bffb48b96,180,367,13579,135.79,101.12547051154019,3.539014447499263e-18,49.69126630431204,18.438141334427065,
6bffb48b96,180,368,13616,136.16,101.12547051154019,3.570408841447513e-18,49.69126630431204,18.324064769344616,
6bffb48b96,180,369,13653,136.53,101.12547051154019,3.537970684197648e-18,49.69126630431204,23.462237480581862,
6bffb48b96,180,370,13690,136.9,101.12547051154019,3.540693429090018e-18,49.69126630431204,21.63229417459101,
6bffb48b96,180,371,13727,137.27,101.12547051154019,1.739808379178839e-18,49.69126630431204,21.90589734419328,
6bffb48b96,180,372,13764,137.64,101.12547051154019,3.585485983680825e-18,49.69126630431204,25.964190816851385,
6bffb48b96,180,373,13801,138.01,101.12547051154019,1.7815629992803568e-18,49.69126630431204,24.173986949940346,
6bffb48b96,180,374,13838,138.38,101.12547051154019,1.7380364852988673e-18,49.69126630431204,18.96598292787832,
6bffb48b96,180,375,13875,138.75,101.12547051154019,1.7766116412315694e-18,49.69126630431204,26.41371507672747,
6bffb48b96,180,376,13912,139.12,101.12547051154019,3.590326153121267e-18,49.69126630431204,21.84605024806088,
6bffb48b96,180,377,13949,139.49,101.12547051154019,1.8159889160925238e-18,49.69126630431204,21.93008200849511,
6bffb48b96,180,378,13986,139.86,101.12547051154019,1.8298418505464897e-18,49.69126630431204,17.805999608283084,
6bffb48b96,180,379,14023,140.23,101.12547051154019,1.8517019776863903e-18,49.69126630431204,19.034302270533942,
6bffb48b96,180,380,14060,140.6,101.12547051154019,1.850909581910877e-18,49.69126630431204,19.327871451089305,
6bffb48b96,180,381,14097,140.97,101.12547051154019,1.8597037316511973e-18,49.69126630431204,20.723154135306594,
6bffb48b96,180,382,14134,141.34,101.12547051154019,1.8222209711633926e-18,49.69126630431204,26.797196942701937,
6bffb48b96,180,383,14171,141.71,101.12547051154019,1.847076568391722e-18,49.69126630431204,24.375042344485422,
6bffb48b96,180,384,14208,142.08,101.12547051154019,1.874176132903333e-18,49.69126630431204,26.99027827813614,
6bffb48b96,180,385,14245,142.45,101.12547051154019,3.6807647131905364e-18,49.69126630431204,20.018236097911647,
6bffb48b96,180,386,14282,142.82,101.12547051154019,3.675189623344877e-18,49.69126630431204,21.831262686914158,
6bffb48b96,180,387,14319,143.19,101.12547051154019,3.673570569271886e-18,49.69126630431204,19.065511339298787,
6bffb48b96,180,388,14356,143.56,101.12547051154019,7.271577750499824e-18,49.69126630431204,21.14807556735665,
6bffb48b96,180,389,14393,143.93,101.12547051154019,3.5946388271624565e-18,49.69126630431204,22.108074971226465,
6bffb48b96,180,390,14430,144.3,101.12547051154019,3.615347105561915e-18,49.69126630431204,22.717311917530278,
6bffb48b96,180,391,14467,144.67,101.12547051154019,3.528674204765265e-18,49.69126630431204,21.039757109444718,
6bffb48b96,180,392,14504,145.04,101.12547051154019,3.567175941947936e-18,49.69126630431204,18.58404603282645,
6bffb48b96,180,393,14541,145.41,101.12547051154019,1.3891992592720043e-17,49.69126630431204,25.944733321742188,
6bffb48b96,180,394,14578,145.78,101.12547051154019,7.186152865540113e-18,49.69126630431204,23.838750765223047,
6bffb48b96,180,395,14615,146.15,101.12547051154019,3.627098508860353e-18,49.69126630431204,23.932686887070208,
6bffb48b96,180,396,14652,146.52,101.12547051154019,2.890877132841393e-17,49.69126630431204,20.128854794522262,
6bffb48b96,180,397,14689,146.89,101.12547051154019,7.06304579310609e-18,49.69126630431204,20.34904682677378,
6bffb48b96,180,398,14726,147.26,101.12547051154019,2.842891369335375e-17,49.69126630431204,19.458980702266746,
6bffb48b96,180,399,14763,147.63,101.12547051154019,2.89325822808726e-17,49.69126630431204,18.386865769409013,
6bffb48b96,180,400,14800,148.0,101.12547051154019,1.4064925604451164e-17,49.69126630431204,21.064361585962285,
6bffb48b96,180,401,14837,148.37,101.12547051154019,7.156513857478833e-18,49.69126630431204,27.236023552482877,
6bffb48b96,180,402,14874,148.74,101.12547051154019,3.5620496891915076e-18,49.69126630431204,15.083393705766632,
6bffb48b96,180,403,14911,149.11,101.12547051154019,7.031197068208456e-18,49.69126630431204,22.068558157992165,
6bffb48b96,180,404,14948,149.48,101.12547051154019,3.4478656662847192e-18,49.69126630431204,15.401860611916831,
6bffb48b96,180,405,14985,149.85,101.12547051154019,7.083083271319328e-18,49.69126630431204,27.810703025576192,
6bffb48b96,180,406,15022,150.22,101.12547051154019,3.5494162624911424e-18,49.69126630431204,21.61245563367973,
6bffb48b96,180,407,15059,150.59,101.12547051154019,3.602610981108961e-18,49.69126630431204,21.367299441402274,
6bffb48b96,180,408,15096,150.96,101.12547051154019,3.6407623198080736e-18,49.69126630431204,27.976793690279838,
6bffb48b96,180,409,15133,151.33,101.12547051154019,7.418536852309739e-18,49.69126630431204,18.19255384039529,
6bffb48b96,180,410,15170,151.7,101.12547051154019,1.4704655198225563e-17,49.69126630431204,22.721385991670044,
6bffb48b96,180,411,15207,152.07,101.12547051154019,3.002949423212005e-17,49.69126630431204,19.788061775919655,
6bffb48b96,180,412,15244,152.44,101.12547051154019,2.991252150326527e-17,49.69126630431204,25.57665798430708,
6bffb48b96,180,413,15281,152.81,101.12547051154019,3.0285276236496576e-17,49.69126630431204,18.277178251727587,
6bffb48b96,180,414,15318,153.18,101.12547051154019,1.485935289678681e-17,49.69126630431204,21.176592223433673,
6bffb48b96,180,415,15355,153.55,101.12547051154019,1.468255207307649e-17,49.69126630431204,22.84587480303625,
6bffb48b96,180,416,15392,153.92,101.12547051154019,2.915158677552352e-17,49.69126630431204,23.42601022598633,
6bffb48b96,180,417,15429,154.29,101.12547051154019,2.8794298312771006e-17,49.69126630431204,25.66570862175674,
6bffb48b96,180,418,15466,154.66,101.12547051154019,7.264841258283063e-18,49.69126630431204,22.678242691497825,
6bffb48b96,180,419,15503,155.03,101.12547051154019,3.631732095030734e-18,49.69126630431204,21.443976655197925,
6bffb48b96,180,420,15540,155.4,101.12547051154019,3.671130221952394e-18,49.69126630431204,25.59159652554923,
6bffb48b96,180,421,15577,155.77,101.12547051154019,1.8842636039294804e-18,49.69126630431204,23.331335443863733,
6bffb48b96,180,422,15614,156.14,101.12547051154019,1.8576678072070478e-18,49.69126630431204,22.039760010500384,
6bffb48b96,180,423,15651,156.51,101.12547051154019,1.840823396677781e-18,49.69126630431204,19.657302469470526,
6bffb48b96,180,424,15688,156.88,101.12547051154019,3.688041890861118e-18,49.69126630431204,23.40214959923273,
6bffb48b96,180,425,15725,157.25,101.12547051154019,3.766845079153554e-18,49.69126630431204,25.11515704147098,
6bffb48b96,180,426,15762,157.62,101.12547051154019,3.67690726253168e-18,49.69126630431204,27.351366683397217,
6bffb48b96,180,427,15799,157.99,101.12547051154019,7.387209944091573e-18,49.69126630431204,22.85570731282467,
6bffb48b96,180,428,15836,158.36,101.12547051154019,7.318282344639619e-18,49.69126630431204,22.85672266254098,
6bffb48b96,180,429,15873,158.73,101.12547051154019,2.909039091685908e-17,49.69126630431204,24.556406437321577,
6bffb48b96,180,430,15910,159.1,101.12547051154019,3.690284531503456e-18,49.69126630431204,20.19151639007537,
6bffb48b96,180,431,15947,159.47,101.12547051154019,1.839065313744035e-18,49.69126630431204,22.284416307152753,
6bffb48b96,180,432,15984,159.84,101.12547051154019,1.8531810491853676e-18,49.69126630431204,23.57841025510868,
6bffb48b96,180,433,16021,160.21,101.12547051154019,1.811605056394161e-18,49.69126630431204,25.61876665310116,
6bffb48b96,180,434,16058,160.58,101.12547051154019,1.8257011517246995e-18,49.69126630431204,20.184846535003366,
6bffb48b96,180,435,16095,160.95,101.12547051154019,1.794043857988875e-18,49.69126630431204,22.783383789194584,
6bffb48b96,180,436,16132,161.32,101.12547051154019,1.8152017479810963e-18,49.69126630431204,25.47077347889529,
6bffb48b96,180,437,16169,161.69,101.12547051154019,1.7835439044000002e-18,49.69126630431204,19.976033489564735,
6bffb48b96,180,438,16206,162.06,101.12547051154019,1.758051071406677e-18,49.69126630431204,17.540263208913082,
6bffb48b96,180,439,16243,162.43,101.12547051154019,1.7680392237222658e-18,49.69126630431204,23.351391294068193,
6bffb48b96,180,440,16280,162.8,101.12547051154019,3.4681461282835465e-18,49.69126630431204,23.60838842118276,
6bffb48b96,180,441,16317,163.17,101.12547051154019,3.560124938482402e-18,49.69126630431204,22.444264560118157,
6bffb48b96,180,442,16354,163.54,101.12547051154019,7.138494180737325e-18,49.69126630431204,28.1372987659491,
6bffb48b96,180,443,16391,163.91,101.12547051154019,3.503241118611471e-18,49.69126630431204,17.389531805262504,
6bffb48b96,180,444,16428,164.28,101.12547051154019,2.900802706525294e-17,49.69126630431204,22.427479146364803,
6bffb48b96,180,445,16465,164.65,101.12547051154019,3.588038439632326e-18,49.69126630431204,26.347163733355796,
6bffb48b96,180,446,16502,165.02,101.12547051154019,7.266367174305149e-18,49.69126630431204,20.395685465897554,
6bffb48b96,180,447,16539,165.39,101.12547051154019,7.36023450599507e-18,49.69126630431204,26.954316049502793,
6bffb48b96,180,448,16576,165.76,101.12547051154019,7.397481352659592e-18,49.69126630431204,24.255054219693516,
6bffb48b96,180,449,16613,166.13,101.12547051154019,7.354801778104537e-18,49.69126630431204,20.146013301338844,
6bffb48b96,180,450,16650,166.5,101.12547051154019,7.387599269908148e-18,49.69126630431204,22.942195295904305,
6bffb48b96,180,451,16687,166.87,101.12547051154019,3.7460730824500675e-18,49.69126630431204,20.19897052842608,
6bffb48b96,180,452,16724,167.24,101.12547051154019,3.6985456416028884e-18,49.69126630431204,24.03686150166996,
6bffb48b96,180,453,16761,167.61,101.12547051154019,3.6683052953170146e-18,49.69126630431204,19.438020186042458,
6bffb48b96,180,454,16798,167.98,101.12547051154019,3.588219714173715e-18,49.69126630431204,20.755410264953934,
6bffb48b96,180,455,16835,168.35,101.12547051154019,7.359289868509836e-18,49.69126630431204,19.15880188802449,
6bffb48b96,180,456,16872,168.72,101.12547051154019,3.5811827912117355e-18,49.69126630431204,19.077580368364217,
6bffb48b96,180,457,16909,169.09,101.12547051154019,3.543552195854171e-18,49.69126630431204,19.880924404259222,
6bffb48b96,180,458,16946,169.46,101.12547051154019,3.517110423823507e-18,49.69126630431204,18.259813797651027,
6bffb48b96,180,459,16983,169.83,101.12547051154019,3.5763249623819984e-18,49.69126630431204,23.186505451301247,
6bffb48b96,180,460,17020,170.2,101.12547051154019,3.496101812649265e-18,49.69126630431204,20.231851789289312,
6bffb48b96,180,461,17057,170.57,101.12547051154019,3.439195082716742e-18,49.69126630431204,19.114287953385077,
6bffb48b96,180,462,17094,170.94,101.12547051154019,3.536392484539724e-18,49.69126630431204,21.96055025921637,
6bffb48b96,180,463,17131,171.31,101.12547051154019,1.7323934349305373e-18,49.69126630431204,25.119163300408516,
6bffb48b96,180,464,17168,171.68,101.12547051154019,1.7676475235013913e-18,49.69126630431204,18.288400063244705,
6bffb48b96,180,465,17205,172.05,101.12547051154019,1.770746121393879e-18,49.69126630431204,24.93777624256593,
6bffb48b96,180,466,17242,172.42,101.12547051154019,1.7830808927164004e-18,49.69126630431204,21.238640373527463,
6bffb48b96,180,467,17279,172.79,101.12547051154019,1.8341090049563e-18,49.69126630431204,23.82491394588687,
6bffb48b96,180,468,17316,173.16,101.12547051154019,1.7883858097277003e-18,49.69126630431204,20.020192469750423,
6bffb48b96,180,469,17353,173.53,101.12547051154019,1.8075692144872885e-18,49.69126630431204,23.496023884831242,
6bffb48b96,180,470,17390,173.9,101.12547051154019,3.715179087219331e-18,49.69126630431204,25.541932050350738,
6bffb48b96,180,471,17427,174.27,101.12547051154019,1.887041110404691e-18,49.69126630431204,27.27103526932262,
6bffb48b96,180,472,17464,174.64,101.12547051154019,3.7610451959152935e-18,49.69126630431204,26.027321789292635,
6bffb48b96,180,473,17501,175.01,101.12547051154019,3.793894294100036e-18,49.69126630431204,21.16142098458505,
6bffb48b96,180,474,17538,175.38,101.12547051154019,1.885166448399864e-18,49.69126630431204,22.431724356736137,
6bffb48b96,180,475,17575,175.75,101.12547051154019,3.6622936113644094e-18,49.69126630431204,16.718152842978757,
6bffb48b96,180,476,17612,176.12,101.12547051154019,3.6449584384238124e-18,49.69126630431204,24.154205017092654,
6bffb48b96,180,477,17649,176.49,101.12547051154019,3.726532206594173e-18,49.69126630431204,16.50908470090083,
6bffb48b96,180,478,17686,176.86,101.12547051154019,3.513643332588752e-18,49.69126630431204,16.995127909359354,
6bffb48b96,180,479,17723,177.23,101.12547051154019,1.728283602680329e-18,49.69126630431204,19.385244788064185,
6bffb48b96,180,480,17760,177.6,101.12547051154019,3.3623406235447637e-18,49.69126630431204,14.749899875494478,
6bffb48b96,180,481,17797,177.97,101.12547051154019,3.3880640442802178e-18,49.69126630431204,26.729465157016605,
6bffb48b96,180,482,17834,178.34,101.12547051154019,1.776709459145956e-18,49.69126630431204,22.57655861860839,
6bffb48b96,180,483,17871,178.71,101.12547051154019,3.630366877245331e-18,49.69126630431204,22.686510329408875,
6bffb48b96,180,484,17908,179.08,101.12547051154019,3.545136682685228e-18,49.69126630431204,23.58613074615673,
6bffb48b96,180,485,17945,179.45,101.12547051154019,3.547656816881279e-18,49.69126630431204,20.870929973172903,
6bffb48b96,180,486,17982,179.82,101.12547051154019,,49.69126630431204,27.042582730286174,
