run_id,equiv_grad_budget,row,deriv_evals,equiv_grad_evals,f_vals,update_norms,full_grad_norms,proj_grad_norms,config_str
9b21784eee,180,0,0,0.0,516651013610901.0,10.62620582411702,119640441474639.08,119640441474639.08,"ProjectedCommonDirectionsConfig(subspace_no_grads=1, subspace_frac_updates=0, subspace_frac_random=0.02, direction_str=sd, random_proj=True, random_proj_dim_frac=1, inner_use_full_grad=True, orth_P_k=True, beta=0.001, tau=0.5, c_const=inf, N_try=200, alpha_max=100, p_const=1)"
9b21784eee,180,1,100,1.0,27414268571048.457,2.447754808562065,27559269109336.145,27559269109336.145,
9b21784eee,180,2,200,2.0,1454641724362.1738,0.5638422313673356,6348299157704.205,6348299157704.205,
9b21784eee,180,3,300,3.0,77185446084.66696,0.1298814982453481,1462335667750.178,1462335667750.178,
9b21784eee,180,4,400,4.0,4095574270.568942,0.02991830453272017,336850162862.78894,336850162862.78894,
9b21784eee,180,5,500,5.0,217317337.08455393,0.00689170480942338,77593698029.1665,77593698029.1665,
9b21784eee,180,6,600,6.0,11531275.77669523,0.0015875095839166433,17873768926.43521,17873768926.43521,
9b21784eee,180,7,700,7.0,611962.344164274,0.00036568407218799665,4117236628.102967,4117236628.102967,
9b21784eee,180,8,800,8.0,32567.38864525264,8.42356115557551e-05,948408672.0345613,948408672.0345613,
9b21784eee,180,9,900,9.0,1823.833516582478,1.9403738893191004e-05,218466678.12242362,218466678.12242362,
9b21784eee,180,10,1000,10.0,192.53491286354804,4.469666404516347e-06,50323969.88462561,50323969.88462561,
9b21784eee,180,11,1100,11.0,105.97579101435959,1.029591146250116e-06,11592165.75648996,11592165.75648996,
9b21784eee,180,12,1200,12.0,101.382835709372,2.371671244970064e-07,2670264.433773125,2670264.433773125,
9b21784eee,180,13,1300,13.0,101.13912669389879,5.4631632307415776e-08,615097.4972557995,615097.4972557995,
9b21784eee,180,14,1400,14.0,101.12619513142714,1.2584439144245662e-08,141688.18860172867,141688.18860172867,
9b21784eee,180,15,1500,15.0,101.12550896363366,2.8988353754010383e-09,32637.98479116131,32637.98479116131,
9b21784eee,180,16,1600,16.0,101.1254725555763,6.677489172935316e-10,7518.1844377504995,7518.1844377504995,
9b21784eee,180,17,1700,17.0,101.12547062319523,1.5381642463026636e-10,1731.8189816208244,1731.8189816208244,
9b21784eee,180,18,1800,18.0,101.12547052002971,3.543179853093394e-11,398.92658665245136,398.92658665245136,
9b21784eee,180,19,1900,19.0,101.1254705145511,1.6323618143478206e-11,91.89380073538341,91.89380073538341,
9b21784eee,180,20,2000,20.0,101.12547051438699,5.8212898693414435e-15,134.22980549827463,134.22980549827463,
9b21784eee,180,21,2100,21.0,101.12547051434848,5.957402943743731e-12,134.14878838770073,134.14878838770073,
9b21784eee,180,22,2200,22.0,101.12547051355625,4.372747083067737e-18,51.62428565786273,51.62428565786273,
9b21784eee,180,23,2300,23.0,101.12547051354639,4.3727441413402684e-18,51.624250928074744,51.624250928074744,
9b21784eee,180,24,2400,24.0,101.12547051354639,4.372744141340269e-18,51.624250928074744,51.624250928074744,
9b21784eee,180,25,2500,25.0,101.12547051354639,4.372744141340269e-18,51.624250928074744,51.624250928074744,
9b21784eee,180,26,2600,26.0,101.12547051354639,4.372744141340269e-18,51.624250928074744,51.624250928074744,
9b21784eee,180,27,2700,27.0,101.12547051354639,4.372744141340269e-18,51.624250928074744,51.624250928074744,
9b21784eee,180,28,2800,28.0,101.1254705135461,4.37274338699692e-18,51.624242022360335,51.624242022360335,
9b21784eee,180,29,2900,29.0,101.1254705135461,4.37274338699692e-18,51.624242022360335,51.624242022360335,
9b21784eee,180,30,3000,30.0,101.1254705135461,4.37274338699692e-18,51.624242022360335,51.624242022360335,
9b21784eee,180,31,3100,31.0,101.12547051354086,4.372742193338445e-18,51.624227930128434,51.624227930128434,
9b21784eee,180,32,3200,32.0,101.12547051354086,4.372742193338445e-18,51.624227930128434,51.624227930128434,
9b21784eee,180,33,3300,33.0,101.12547051354086,4.372742193338446e-18,51.624227930128434,51.624227930128434,
9b21784eee,180,34,3400,34.0,101.12547051354086,4.372742193338445e-18,51.624227930128434,51.624227930128434,
9b21784eee,180,35,3500,35.0,101.12547051354086,4.372742193338445e-18,51.624227930128434,51.624227930128434,
9b21784eee,180,36,3600,36.0,101.12547051354086,4.372742193338446e-18,51.624227930128434,51.624227930128434,
9b21784eee,180,37,3700,37.0,101.12547051354086,4.372742193338445e-18,51.624227930128434,51.624227930128434,
9b21784eee,180,38,3800,38.0,101.12547051354086,4.372742193338445e-18,51.624227930128434,51.624227930128434,
9b21784eee,180,39,3900,39.0,101.12547051354086,4.372742193338445e-18,51.624227930128434,51.624227930128434,
9b21784eee,180,40,4000,40.0,101.12547051354086,4.372742193338445e-18,51.624227930128434,51.624227930128434,
9b21784eee,180,41,4100,41.0,101.12547051354086,4.372742193338445e-18,51.624227930128434,51.624227930128434,
9b21784eee,180,42,4200,42.0,101.12547051354086,4.372742193338446e-18,51.624227930128434,51.624227930128434,
9b21784eee,180,43,4300,43.0,101.12547051354086,4.372742193338445e-18,51.624227930128434,51.624227930128434,
9b21784eee,180,44,4400,44.0,101.12547051354086,4.372742193338446e-18,51.624227930128434,51.624227930128434,
9b21784eee,180,45,4500,45.0,101.12547051354086,4.372742193338445e-18,51.624227930128434,51.624227930128434,
9b21784eee,180,46,4600,46.0,101.12547051354086,4.372742193338445e-18,51.624227930128434,51.624227930128434,
9b21784eee,180,47,4700,47.0,101.12547051354086,4.372742193338445e-18,51.624227930128434,51.624227930128434,
9b21784eee,180,48,4800,48.0,101.12547051354086,4.372742193338445e-18,51.624227930128434,51.624227930128434,
9b21784eee,180,49,4900,49.0,101.12547051354086,4.372742193338445e-18,51.624227930128434,51.624227930128434,
9b21784eee,180,50,5000,50.0,101.12547051354086,4.372742193338446e-18,51.624227930128434,51.624227930128434,
9b21784eee,180,51,5100,51.0,101.12547051354086,4.372742193338445e-18,51.624227930128434,51.624227930128434,
9b21784eee,180,52,5200,52.0,101.12547051354086,4.372742193338445e-18,51.624227930128434,51.624227930128434,
9b21784eee,180,53,5300,53.0,101.12547051353312,4.372741342957134e-18,51.62421789059796,51.62421789059796,
9b21784eee,180,54,5400,54.0,101.12547051353312,4.372741342957134e-18,51.62421789059796,51.62421789059796,
9b21784eee,180,55,5500,55.0,101.12547051353312,4.372741342957134e-18,51.62421789059796,51.62421789059796,
9b21784eee,180,56,5600,56.0,101.12547051353312,2.1863706714785676e-18,51.62421789059796,51.62421789059796,
9b21784eee,180,57,5700,57.0,101.12547051353312,2.1863706714785676e-18,51.62421789059796,51.62421789059796,
9b21784eee,180,58,5800,58.0,101.12547051353312,2.186370671478567e-18,51.62421789059796,51.62421789059796,
9b21784eee,180,59,5900,59.0,101.12547051353312,2.186370671478567e-18,51.62421789059796,51.62421789059796,
9b21784eee,180,60,6000,60.0,101.12547051353312,2.1863706714785676e-18,51.62421789059796,51.62421789059796,
9b21784eee,180,61,6100,61.0,101.12547051353312,2.186370671478567e-18,51.62421789059796,51.62421789059796,
9b21784eee,180,62,6200,62.0,101.12547051353312,2.186370671478567e-18,51.62421789059796,51.62421789059796,
9b21784eee,180,63,6300,63.0,101.12547051353312,2.186370671478567e-18,51.62421789059796,51.62421789059796,
9b21784eee,180,64,6400,64.0,101.12547051353312,2.1863706714785676e-18,51.62421789059796,51.62421789059796,
9b21784eee,180,65,6500,65.0,101.12547051353312,2.186370671478567e-18,51.62421789059796,51.62421789059796,
9b21784eee,180,66,6600,66.0,101.12547051353312,2.186370671478567e-18,51.62421789059796,51.62421789059796,
9b21784eee,180,67,6700,67.0,101.12547051353312,2.1863706714785676e-18,51.62421789059796,51.62421789059796,
9b21784eee,180,68,6800,68.0,101.12547051353312,2.186370671478567e-18,51.62421789059796,51.62421789059796,
9b21784eee,180,69,6900,69.0,101.12547051353312,2.186370671478567e-18,51.62421789059796,51.62421789059796,
9b21784eee,180,70,7000,70.0,101.12547051353312,2.1863706714785676e-18,51.62421789059796,51.62421789059796,
9b21784eee,180,71,7100,71.0,101.12547051353312,2.1863706714785676e-18,51.62421789059796,51.62421789059796,
9b21784eee,180,72,7200,72.0,101.12547051353312,2.1863706714785676e-18,51.62421789059796,51.62421789059796,
9b21784eee,180,73,7300,73.0,101.12547051353312,2.186370671478567e-18,51.62421789059796,51.62421789059796,
9b21784eee,180,74,7400,74.0,101.12547051353312,2.1863706714785676e-18,51.62421789059796,51.62421789059796,
9b21784eee,180,75,7500,75.0,101.12547051353312,2.186370671478567e-18,51.62421789059796,51.62421789059796,
9b21784eee,180,76,7600,76.0,101.12547051353312,2.1863706714785676e-18,51.62421789059796,51.62421789059796,
9b21784eee,180,77,7700,77.0,101.12547051353312,2.1863706714785676e-18,51.62421789059796,51.62421789059796,
9b21784eee,180,78,7800,78.0,101.12547051353312,2.1863706714785676e-18,51.62421789059796,51.62421789059796,
9b21784eee,180,79,7900,79.0,101.12547051353312,2.186370671478567e-18,51.62421789059796,51.62421789059796,
9b21784eee,180,80,8000,80.0,101.12547051353312,2.1863706714785676e-18,51.62421789059796,51.62421789059796,
9b21784eee,180,81,8100,81.0,101.12547051353312,2.186370671478567e-18,51.62421789059796,51.62421789059796,
9b21784eee,180,82,8200,82.0,101.12547051353312,2.1863706714785676e-18,51.62421789059796,51.62421789059796,
9b21784eee,180,83,8300,83.0,101.12547051353312,2.1863706714785676e-18,51.62421789059796,51.62421789059796,
9b21784eee,180,84,8400,84.0,101.12547051353312,2.186370671478567e-18,51.62421789059796,51.62421789059796,
9b21784eee,180,85,8500,85.0,101.12547051353312,2.1863706714785676e-18,51.62421789059796,51.62421789059796,
9b21784eee,180,86,8600,86.0,101.12547051353312,2.1863706714785676e-18,51.62421789059796,51.62421789059796,
9b21784eee,180,87,8700,87.0,101.12547051353312,2.186370671478567e-18,51.62421789059796,51.62421789059796,
9b21784eee,180,88,8800,88.0,101.12547051353312,2.1863706714785676e-18,51.62421789059796,51.62421789059796,
9b21784eee,180,89,8900,89.0,101.12547051353312,2.1863706714785676e-18,51.62421789059796,51.62421789059796,
9b21784eee,180,90,9000,90.0,101.12547051353312,2.1863706714785676e-18,51.62421789059796,51.62421789059796,
9b21784eee,180,91,9100,91.0,101.12547051353312,2.186370671478567e-18,51.62421789059796,51.62421789059796,
9b21784eee,180,92,9200,92.0,101.12547051353312,2.1863706714785676e-18,51.62421789059796,51.62421789059796,
9b21784eee,180,93,9300,93.0,101.12547051353312,2.1863706714785676e-18,51.62421789059796,51.62421789059796,
9b21784eee,180,94,9400,94.0,101.12547051353312,2.186370671478567e-18,51.62421789059796,51.62421789059796,
9b21784eee,180,95,9500,95.0,101.12547051353312,2.1863706714785676e-18,51.62421789059796,51.62421789059796,
9b21784eee,180,96,9600,96.0,101.12547051353312,2.1863706714785676e-18,51.62421789059796,51.62421789059796,
9b21784eee,180,97,9700,97.0,101.12547051353312,2.186370671478567e-18,51.62421789059796,51.62421789059796,
9b21784eee,180,98,9800,98.0,101.12547051353312,2.186370671478567e-18,51.62421789059796,51.62421789059796,
9b21784eee,180,99,9900,99.0,101.12547051353312,2.1863706714785676e-18,51.62421789059796,51.62421789059796,
9b21784eee,180,100,10000,100.0,101.12547051353312,2.1863706714785676e-18,51.62421789059796,51.62421789059796,
9b21784eee,180,101,10100,101.0,101.12547051353312,2.1863706714785676e-18,51.62421789059796,51.62421789059796,
9b21784eee,180,102,10200,102.0,101.12547051353312,2.1863706714785676e-18,51.62421789059796,51.62421789059796,
9b21784eee,180,103,10300,103.0,101.12547051353312,2.1863706714785676e-18,51.62421789059796,51.62421789059796,
9b21784eee,180,104,10400,104.0,101.12547051353312,2.1863706714785676e-18,51.62421789059796,51.62421789059796,
9b21784eee,180,105,10500,105.0,101.12547051353312,2.1863706714785676e-18,51.62421789059796,51.62421789059796,
9b21784eee,180,106,10600,106.0,101.12547051353312,2.186370671478567e-18,51.62421789059796,51.62421789059796,
9b21784eee,180,107,10700,107.0,101.12547051353312,2.1863706714785676e-18,51.62421789059796,51.62421789059796,
9b21784eee,180,108,10800,108.0,101.12547051353312,2.1863706714785676e-18,51.62421789059796,51.62421789059796,
9b21784eee,180,109,10900,109.0,101.12547051353312,2.186370671478567e-18,51.62421789059796,51.62421789059796,
9b21784eee,180,110,11000,110.0,101.12547051353312,2.1863706714785676e-18,51.62421789059796,51.62421789059796,
9b21784eee,180,111,11100,111.0,101.12547051353312,2.186370671478567e-18,51.62421789059796,51.62421789059796,
9b21784eee,180,112,11200,112.0,101.12547051353312,2.1863706714785676e-18,51.62421789059796,51.62421789059796,
9b21784eee,180,113,11300,113.0,101.12547051353312,2.1863706714785676e-18,51.62421789059796,51.62421789059796,
9b21784eee,180,114,11400,114.0,101.12547051353312,2.1863706714785676e-18,51.62421789059796,51.62421789059796,
9b21784eee,180,115,11500,115.0,101.12547051353312,2.1863706714785676e-18,51.62421789059796,51.62421789059796,
9b21784eee,180,116,11600,116.0,101.12547051353312,2.186370671478567e-18,51.62421789059796,51.62421789059796,
9b21784eee,180,117,11700,117.0,101.12547051353312,2.1863706714785676e-18,51.62421789059796,51.62421789059796,
9b21784eee,180,118,11800,118.0,101.12547051353312,2.186370671478567e-18,51.62421789059796,51.62421789059796,
9b21784eee,180,119,11900,119.0,101.12547051353312,2.1863706714785676e-18,51.62421789059796,51.62421789059796,
9b21784eee,180,120,12000,120.0,101.12547051353312,2.186370671478567e-18,51.62421789059796,51.62421789059796,
9b21784eee,180,121,12100,121.0,101.12547051353312,2.186370671478567e-18,51.62421789059796,51.62421789059796,
9b21784eee,180,122,12200,122.0,101.12547051353312,2.1863706714785676e-18,51.62421789059796,51.62421789059796,
9b21784eee,180,123,12300,123.0,101.12547051353312,2.186370671478567e-18,51.62421789059796,51.62421789059796,
9b21784eee,180,124,12400,124.0,101.12547051353312,2.1863706714785676e-18,51.62421789059796,51.62421789059796,
9b21784eee,180,125,12500,125.0,101.12547051353312,2.186370671478567e-18,51.62421789059796,51.62421789059796,
9b21784eee,180,126,12600,126.0,101.12547051353312,2.186370671478567e-18,51.62421789059796,51.62421789059796,
9b21784eee,180,127,12700,127.0,101.12547051353312,2.186370671478567e-18,51.62421789059796,51.62421789059796,
9b21784eee,180,128,12800,128.0,101.12547051353312,2.1863706714785676e-18,51.62421789059796,51.62421789059796,
9b21784eee,180,129,12900,129.0,101.12547051353312,2.1863706714785676e-18,51.62421789059796,51.62421789059796,
9b21784eee,180,130,13000,130.0,101.12547051353312,2.1863706714785676e-18,51.62421789059796,51.62421789059796,
9b21784eee,180,131,13100,131.0,101.12547051353312,2.1863706714785676e-18,51.62421789059796,51.62421789059796,
9b21784eee,180,132,13200,132.0,101.12547051353312,2.186370671478567e-18,51.62421789059796,51.62421789059796,
9b21784eee,180,133,13300,133.0,101.12547051353312,2.1863706714785676e-18,51.62421789059796,51.62421789059796,
9b21784eee,180,134,13400,134.0,101.12547051353312,2.1863706714785676e-18,51.62421789059796,51.62421789059796,
9b21784eee,180,135,13500,135.0,101.12547051353312,2.186370671478567e-18,51.62421789059796,51.62421789059796,
9b21784eee,180,136,13600,136.0,101.12547051353312,2.186370671478567e-18,51.62421789059796,51.62421789059796,
9b21784eee,180,137,13700,137.0,101.12547051353312,2.1863706714785676e-18,51.62421789059796,51.62421789059796,
9b21784eee,180,138,13800,138.0,101.12547051353312,2.1863706714785676e-18,51.62421789059796,51.62421789059796,
9b21784eee,180,139,13900,139.0,101.12547051353312,2.186370671478567e-18,51.62421789059796,51.62421789059796,
9b21784eee,180,140,14000,140.0,101.12547051353312,2.186370671478567e-18,51.62421789059796,51.62421789059796,
9b21784eee,180,141,14100,141.0,101.12547051353312,2.1863706714785676e-18,51.62421789059796,51.62421789059796,
9b21784eee,180,142,14200,142.0,101.12547051353312,2.1863706714785676e-18,51.62421789059796,51.62421789059796,
9b21784eee,180,143,14300,143.0,101.12547051353312,2.1863706714785676e-18,51.62421789059796,51.62421789059796,
9b21784eee,180,144,14400,144.0,101.12547051353312,2.1863706714785676e-18,51.62421789059796,51.62421789059796,
9b21784eee,180,145,14500,145.0,101.12547051353312,2.186370671478567e-18,51.62421789059796,51.62421789059796,
9b21784eee,180,146,14600,146.0,101.12547051353312,2.1863706714785676e-18,51.62421789059796,51.62421789059796,
9b21784eee,180,147,14700,147.0,101.12547051353312,2.1863706714785676e-18,51.62421789059796,51.62421789059796,
9b21784eee,180,148,14800,148.0,101.12547051353312,2.1863706714785676e-18,51.62421789059796,51.62421789059796,
9b21784eee,180,149,14900,149.0,101.12547051353312,2.1863706714785676e-18,51.62421789059796,51.62421789059796,
9b21784eee,180,150,15000,150.0,101.12547051353312,2.186370671478567e-18,51.62421789059796,51.62421789059796,
9b21784eee,180,151,15100,151.0,101.12547051353312,2.186370671478567e-18,51.62421789059796,51.62421789059796,
9b21784eee,180,152,15200,152.0,101.12547051353312,2.186370671478567e-18,51.62421789059796,51.62421789059796,
9b21784eee,180,153,15300,153.0,101.12547051353312,2.186370671478567e-18,51.62421789059796,51.62421789059796,
9b21784eee,180,154,15400,154.0,101.12547051353312,2.1863706714785676e-18,51.62421789059796,51.62421789059796,
9b21784eee,180,155,15500,155.0,101.12547051353312,2.186370671478567e-18,51.62421789059796,51.62421789059796,
9b21784eee,180,156,15600,156.0,101.12547051353312,2.186370671478567e-18,51.62421789059796,51.62421789059796,
9b21784eee,180,157,15700,157.0,101.12547051353312,2.186370671478567e-18,51.62421789059796,51.62421789059796,
9b21784eee,180,158,15800,158.0,101.12547051353312,2.186370671478567e-18,51.62421789059796,51.62421789059796,
9b21784eee,180,159,15900,159.0,101.12547051353312,2.186370671478567e-18,51.62421789059796,51.62421789059796,
9b21784eee,180,160,16000,160.0,101.12547051353312,2.1863706714785676e-18,51.62421789059796,51.62421789059796,
9b21784eee,180,161,16100,161.0,101.12547051353312,2.186370671478567e-18,51.62421789059796,51.62421789059796,
9b21784eee,180,162,16200,162.0,101.12547051353312,2.1863706714785676e-18,51.62421789059796,51.62421789059796,
9b21784eee,180,163,16300,163.0,101.12547051353312,2.186370671478567e-18,51.62421789059796,51.62421789059796,
9b21784eee,180,164,16400,164.0,101.12547051353312,2.186370671478567e-18,51.62421789059796,51.62421789059796,
9b21784eee,180,165,16500,165.0,101.12547051353312,2.1863706714785676e-18,51.62421789059796,51.62421789059796,
9b21784eee,180,166,16600,166.0,101.12547051353312,2.1863706714785676e-18,51.62421789059796,51.62421789059796,
9b21784eee,180,167,16700,167.0,101.12547051353312,2.186370671478567e-18,51.62421789059796,51.62421789059796,
9b21784eee,180,168,16800,168.0,101.12547051353312,2.1863706714785676e-18,51.62421789059796,51.62421789059796,
9b21784eee,180,169,16900,169.0,101.12547051353312,2.186370671478567e-18,51.62421789059796,51.62421789059796,
9b21784eee,180,170,17000,170.0,101.12547051353312,2.186370671478567e-18,51.62421789059796,51.62421789059796,
9b21784eee,180,171,17100,171.0,101.12547051353312,2.1863706714785676e-18,51.62421789059796,51.62421789059796,
9b21784eee,180,172,17200,172.0,101.12547051353312,2.1863706714785676e-18,51.62421789059796,51.62421789059796,
9b21784eee,180,173,17300,173.0,101.12547051353312,2.186370671478567e-18,51.62421789059796,51.62421789059796,
9b21784eee,180,174,17400,174.0,101.12547051353312,2.1863706714785676e-18,51.62421789059796,51.62421789059796,
9b21784eee,180,175,17500,175.0,101.12547051353312,2.186370671478567e-18,51.62421789059796,51.62421789059796,
9b21784eee,180,176,17600,176.0,101.12547051353312,2.1863706714785676e-18,51.62421789059796,51.62421789059796,
9b21784eee,180,177,17700,177.0,101.12547051353312,2.1863706714785676e-18,51.62421789059796,51.62421789059796,
9b21784eee,180,178,17800,178.0,101.12547051353312,2.1863706714785676e-18,51.62421789059796,51.62421789059796,
9b21784eee,180,179,17900,179.0,101.12547051353312,,51.62421789059796,51.62421789059796,
e124644506,180,0,0,0.0,516651013610901.0,10.62620582411702,119640441474639.08,119640441474639.08,"ProjectedCommonDirectionsConfig(subspace_no_grads=1, subspace_frac_updates=0, subspace_frac_random=0.02, direction_str=sd, random_proj=True, random_proj_dim_frac=1, inner_use_full_grad=True, orth_P_k=True, beta=0.001, tau=0.5, c_const=inf, N_try=200, alpha_max=100, p_const=1)"
e124644506,180,1,100,1.0,27414268571048.457,2.4477548085620664,27559269109336.145,27559269109336.145,
e124644506,180,2,200,2.0,1454641724362.1804,0.5638422313673367,6348299157704.219,6348299157704.219,
e124644506,180,3,300,3.0,77185446084.6671,0.12988149824534811,1462335667750.179,1462335667750.179,
e124644506,180,4,400,4.0,4095574270.5689178,0.029918304532720097,336850162862.7881,336850162862.7881,
e124644506,180,5,500,5.0,217317337.08455405,0.006891704809423384,77593698029.16652,77593698029.16652,
e124644506,180,6,600,6.0,11531275.77669543,0.0015875095839166576,17873768926.43538,17873768926.43538,
e124644506,180,7,700,7.0,611962.3441643874,0.0003656840721880303,4117236628.103348,4117236628.103348,
e124644506,180,8,800,8.0,32567.388645278807,8.423561155578856e-05,948408672.0349383,948408672.0349383,
e124644506,180,9,900,9.0,1823.8335165917144,1.940373889324247e-05,218466678.1230031,218466678.1230031,
e124644506,180,10,1000,10.0,192.5349128649791,4.469666404542973e-06,50323969.88492541,50323969.88492541,
e124644506,180,11,1100,11.0,105.97579101448598,1.0295911462818116e-06,11592165.756846823,11592165.756846823,
e124644506,180,12,1200,12.0,101.38283570914135,2.3716712454883063e-07,2670264.4343566136,2670264.4343566136,
e124644506,180,13,1300,13.0,101.13912669427808,5.4631632339735344e-08,615097.4976196851,615097.4976196851,
e124644506,180,14,1400,14.0,101.12619513102084,1.2584439166417969e-08,141688.18885136655,141688.18885136655,
e124644506,180,15,1500,15.0,101.12550896387474,2.898835376505972e-09,32637.984803601776,32637.984803601776,
e124644506,180,16,1600,16.0,101.12547255528251,6.67748907194295e-10,7518.184324043203,7518.184324043203,
e124644506,180,17,1700,17.0,101.12547062278506,1.5381642434765165e-10,1731.818978438865,1731.818978438865,
e124644506,180,18,1800,18.0,101.125470520166,3.543179000949168e-11,398.92649070954093,398.92649070954093,
e124644506,180,19,1900,19.0,101.12547051477466,4.080895761232266e-12,91.89360314811732,91.89360314811732,
e124644506,180,20,2000,20.0,101.1254705139305,1.5704460830734985e-12,35.36330197267631,35.36330197267631,
e124644506,180,21,2100,21.0,101.12547051361179,5.901830228533712e-16,13.608693974030512,13.608693974030512,
e124644506,180,22,2200,22.0,101.12547051340717,1.843164026827328e-17,13.600150035500652,13.600150035500652,
e124644506,180,23,2300,23.0,101.12547051337808,1.8431598229251725e-17,13.600119016177791,13.600119016177791,
e124644506,180,24,2400,24.0,101.12547051337502,1.8431564332933955e-17,13.600094005109836,13.600094005109836,
e124644506,180,25,2500,25.0,101.12547051332584,1.843155083580592e-17,13.600084045987169,13.600084045987169,
e124644506,180,26,2600,26.0,101.12547051332584,9.21577541790296e-18,13.600084045987169,13.600084045987169,
e124644506,180,27,2700,27.0,101.12547051332584,9.21577541790296e-18,13.600084045987169,13.600084045987169,
e124644506,180,28,2800,28.0,101.12547051332584,9.21577541790296e-18,13.600084045987169,13.600084045987169,
e124644506,180,29,2900,29.0,101.12547051332584,2.30394385447574e-18,13.600084045987169,13.600084045987169,
e124644506,180,30,3000,30.0,101.12547051332584,2.30394385447574e-18,13.600084045987169,13.600084045987169,
e124644506,180,31,3100,31.0,101.12547051332584,2.30394385447574e-18,13.600084045987169,13.600084045987169,
e124644506,180,32,3200,32.0,101.12547051332584,2.30394385447574e-18,13.600084045987169,13.600084045987169,
e124644506,180,33,3300,33.0,101.12547051332584,2.30394385447574e-18,13.600084045987169,13.600084045987169,
e124644506,180,34,3400,34.0,101.12547051332584,2.30394385447574e-18,13.600084045987169,13.600084045987169,
e124644506,180,35,3500,35.0,101.12547051332584,2.3039438544757394e-18,13.600084045987169,13.600084045987169,
e124644506,180,36,3600,36.0,101.12547051332584,2.30394385447574e-18,13.600084045987169,13.600084045987169,
e124644506,180,37,3700,37.0,101.12547051332584,2.30394385447574e-18,13.600084045987169,13.600084045987169,
e124644506,180,38,3800,38.0,101.12547051332584,2.30394385447574e-18,13.600084045987169,13.600084045987169,
e124644506,180,39,3900,39.0,101.12547051332584,2.30394385447574e-18,13.600084045987169,13.600084045987169,
e124644506,180,40,4000,40.0,101.12547051332584,2.30394385447574e-18,13.600084045987169,13.600084045987169,
e124644506,180,41,4100,41.0,101.12547051332584,2.30394385447574e-18,13.600084045987169,13.600084045987169,
e124644506,180,42,4200,42.0,101.12547051332584,2.30394385447574e-18,13.600084045987169,13.600084045987169,
e124644506,180,43,4300,43.0,101.12547051332584,2.30394385447574e-18,13.600084045987169,13.600084045987169,
e124644506,180,44,4400,44.0,101.12547051332584,2.3039438544757394e-18,13.600084045987169,13.600084045987169,
e124644506,180,45,4500,45.0,101.12547051332584,2.30394385447574e-18,13.600084045987169,13.600084045987169,
e124644506,180,46,4600,46.0,101.12547051332584,2.30394385447574e-18,13.600084045987169,13.600084045987169,
e124644506,180,47,4700,47.0,101.12547051332584,2.30394385447574e-18,13.600084045987169,13.600084045987169,
e124644506,180,48,4800,48.0,101.12547051332584,2.30394385447574e-18,13.600084045987169,13.600084045987169,
e124644506,180,49,4900,49.0,101.12547051332584,2.30394385447574e-18,13.600084045987169,13.600084045987169,
e124644506,180,50,5000,50.0,101.12547051332584,2.30394385447574e-18,13.600084045987169,13.600084045987169,
e124644506,180,51,5100,51.0,101.12547051332584,2.30394385447574e-18,13.600084045987169,13.600084045987169,
e124644506,180,52,5200,52.0,101.12547051332584,2.30394385447574e-18,13.600084045987169,13.600084045987169,
e124644506,180,53,5300,53.0,101.12547051332584,2.30394385447574e-18,13.600084045987169,13.600084045987169,
e124644506,180,54,5400,54.0,101.12547051332584,2.30394385447574e-18,13.600084045987169,13.600084045987169,
e124644506,180,55,5500,55.0,101.12547051332584,2.30394385447574e-18,13.600084045987169,13.600084045987169,
e124644506,180,56,5600,56.0,101.12547051332584,2.30394385447574e-18,13.600084045987169,13.600084045987169,
e124644506,180,57,5700,57.0,101.12547051332584,2.30394385447574e-18,13.600084045987169,13.600084045987169,
e124644506,180,58,5800,58.0,101.12547051332584,2.30394385447574e-18,13.600084045987169,13.600084045987169,
e124644506,180,59,5900,59.0,101.12547051332584,2.30394385447574e-18,13.600084045987169,13.600084045987169,
e124644506,180,60,6000,60.0,101.12547051332584,2.30394385447574e-18,13.600084045987169,13.600084045987169,
e124644506,180,61,6100,61.0,101.12547051332584,2.30394385447574e-18,13.600084045987169,13.600084045987169,
e124644506,180,62,6200,62.0,101.12547051332584,2.30394385447574e-18,13.600084045987169,13.600084045987169,
e124644506,180,63,6300,63.0,101.12547051332584,2.30394385447574e-18,13.600084045987169,13.600084045987169,
e124644506,180,64,6400,64.0,101.12547051332584,2.30394385447574e-18,13.600084045987169,13.600084045987169,
e124644506,180,65,6500,65.0,101.12547051332584,2.30394385447574e-18,13.600084045987169,13.600084045987169,
e124644506,180,66,6600,66.0,101.12547051332584,2.30394385447574e-18,13.600084045987169,13.600084045987169,
e124644506,180,67,6700,67.0,101.12547051332584,2.30394385447574e-18,13.600084045987169,13.600084045987169,
e124644506,180,68,6800,68.0,101.12547051332584,2.30394385447574e-18,13.600084045987169,13.600084045987169,
e124644506,180,69,6900,69.0,101.12547051332584,2.30394385447574e-18,13.600084045987169,13.600084045987169,
e124644506,180,70,7000,70.0,101.12547051332584,2.30394385447574e-18,13.600084045987169,13.600084045987169,
e124644506,180,71,7100,71.0,101.12547051332584,2.30394385447574e-18,13.600084045987169,13.600084045987169,
e124644506,180,72,7200,72.0,101.12547051332584,2.30394385447574e-18,13.600084045987169,13.600084045987169,
e124644506,180,73,7300,73.0,101.12547051332584,2.30394385447574e-18,13.600084045987169,13.600084045987169,
e124644506,180,74,7400,74.0,101.12547051332584,2.30394385447574e-18,13.600084045987169,13.600084045987169,
e124644506,180,75,7500,75.0,101.12547051332584,2.30394385447574e-18,13.600084045987169,13.600084045987169,
e124644506,180,76,7600,76.0,101.12547051332584,2.30394385447574e-18,13.600084045987169,13.600084045987169,
e124644506,180,77,7700,77.0,101.12547051332584,2.30394385447574e-18,13.600084045987169,13.600084045987169,
e124644506,180,78,7800,78.0,101.12547051332584,2.30394385447574e-18,13.600084045987169,13.600084045987169,
e124644506,180,79,7900,79.0,101.12547051332584,2.30394385447574e-18,13.600084045987169,13.600084045987169,
e124644506,180,80,8000,80.0,101.12547051332584,2.30394385447574e-18,13.600084045987169,13.600084045987169,
e124644506,180,81,8100,81.0,101.12547051332584,2.30394385447574e-18,13.600084045987169,13.600084045987169,
e124644506,180,82,8200,82.0,101.12547051332584,2.30394385447574e-18,13.600084045987169,13.600084045987169,
e124644506,180,83,8300,83.0,101.12547051332584,2.30394385447574e-18,13.600084045987169,13.600084045987169,
e124644506,180,84,8400,84.0,101.12547051332584,2.30394385447574e-18,13.600084045987169,13.600084045987169,
e124644506,180,85,8500,85.0,101.12547051332584,2.30394385447574e-18,13.600084045987169,13.600084045987169,
e124644506,180,86,8600,86.0,101.12547051332584,2.30394385447574e-18,13.600084045987169,13.600084045987169,
e124644506,180,87,8700,87.0,101.12547051332584,2.30394385447574e-18,13.600084045987169,13.600084045987169,
e124644506,180,88,8800,88.0,101.12547051332584,2.30394385447574e-18,13.600084045987169,13.600084045987169,
e124644506,180,89,8900,89.0,101.12547051332584,2.30394385447574e-18,13.600084045987169,13.600084045987169,
e124644506,180,90,9000,90.0,101.12547051332584,2.30394385447574e-18,13.600084045987169,13.600084045987169,
e124644506,180,91,9100,91.0,101.12547051332584,2.30394385447574e-18,13.600084045987169,13.600084045987169,
e124644506,180,92,9200,92.0,101.12547051332584,2.30394385447574e-18,13.600084045987169,13.600084045987169,
e124644506,180,93,9300,93.0,101.12547051332584,2.30394385447574e-18,13.600084045987169,13.600084045987169,
e124644506,180,94,9400,94.0,101.12547051332584,2.30394385447574e-18,13.600084045987169,13.600084045987169,
e124644506,180,95,9500,95.0,101.12547051332584,2.30394385447574e-18,13.600084045987169,13.600084045987169,
e124644506,180,96,9600,96.0,101.12547051332584,2.30394385447574e-18,13.600084045987169,13.600084045987169,
e124644506,180,97,9700,97.0,101.12547051332584,2.30394385447574e-18,13.600084045987169,13.600084045987169,
e124644506,180,98,9800,98.0,101.12547051332584,2.30394385447574e-18,13.600084045987169,13.600084045987169,
e124644506,180,99,9900,99.0,101.12547051332584,2.30394385447574e-18,13.600084045987169,13.600084045987169,
e124644506,180,100,10000,100.0,101.12547051332584,2.30394385447574e-18,13.600084045987169,13.600084045987169,
e124644506,180,101,10100,101.0,101.12547051332584,2.30394385447574e-18,13.600084045987169,13.600084045987169,
e124644506,180,102,10200,102.0,101.12547051332584,2.30394385447574e-18,13.600084045987169,13.600084045987169,
e124644506,180,103,10300,103.0,101.12547051332584,2.30394385447574e-18,13.600084045987169,13.600084045987169,
e124644506,180,104,10400,104.0,101.12547051332584,2.30394385447574e-18,13.600084045987169,13.600084045987169,
e124644506,180,105,10500,105.0,101.12547051332584,2.30394385447574e-18,13.600084045987169,13.600084045987169,
e124644506,180,106,10600,106.0,101.12547051332584,2.3039438544757394e-18,13.600084045987169,13.600084045987169,
e124644506,180,107,10700,107.0,101.12547051332584,2.30394385447574e-18,13.600084045987169,13.600084045987169,
e124644506,180,108,10800,108.0,101.12547051332584,2.30394385447574e-18,13.600084045987169,13.600084045987169,
e124644506,180,109,10900,109.0,101.12547051332584,2.30394385447574e-18,13.600084045987169,13.600084045987169,
e124644506,180,110,11000,110.0,101.12547051332584,2.30394385447574e-18,13.600084045987169,13.600084045987169,
e124644506,180,111,11100,111.0,101.12547051332584,2.30394385447574e-18,13.600084045987169,13.600084045987169,
e124644506,180,112,11200,112.0,101.12547051332584,2.30394385447574e-18,13.600084045987169,13.600084045987169,
e124644506,180,113,11300,113.0,101.12547051332584,2.30394385447574e-18,13.600084045987169,13.600084045987169,
e124644506,180,114,11400,114.0,101.12547051332584,2.30394385447574e-18,13.600084045987169,13.600084045987169,
e124644506,180,115,11500,115.0,101.12547051332584,2.30394385447574e-18,13.600084045987169,13.600084045987169,
e124644506,180,116,11600,116.0,101.12547051332584,2.30394385447574e-18,13.600084045987169,13.600084045987169,
e124644506,180,117,11700,117.0,101.12547051332584,2.30394385447574e-18,13.600084045987169,13.600084045987169,
e124644506,180,118,11800,118.0,101.12547051332584,2.30394385447574e-18,13.600084045987169,13.600084045987169,
e124644506,180,119,11900,119.0,101.12547051332584,2.30394385447574e-18,13.600084045987169,13.600084045987169,
e124644506,180,120,12000,120.0,101.12547051332584,2.30394385447574e-18,13.600084045987169,13.600084045987169,
e124644506,180,121,12100,121.0,101.12547051332584,2.30394385447574e-18,13.600084045987169,13.600084045987169,
e124644506,180,122,12200,122.0,101.12547051332584,2.30394385447574e-18,13.600084045987169,13.600084045987169,
e124644506,180,123,12300,123.0,101.12547051332584,2.30394385447574e-18,13.600084045987169,13.600084045987169,
e124644506,180,124,12400,124.0,101.12547051332584,2.3039438544757394e-18,13.600084045987169,13.600084045987169,
e124644506,180,125,12500,125.0,101.12547051332584,2.30394385447574e-18,13.600084045987169,13.600084045987169,
e124644506,180,126,12600,126.0,101.12547051332584,2.30394385447574e-18,13.600084045987169,13.600084045987169,
e124644506,180,127,12700,127.0,101.12547051332584,2.30394385447574e-18,13.600084045987169,13.600084045987169,
e124644506,180,128,12800,128.0,101.12547051332584,2.30394385447574e-18,13.600084045987169,13.600084045987169,
e124644506,180,129,12900,129.0,101.12547051332584,2.30394385447574e-18,13.600084045987169,13.600084045987169,
e124644506,180,130,13000,130.0,101.12547051332584,2.30394385447574e-18,13.600084045987169,13.600084045987169,
e124644506,180,131,13100,131.0,101.12547051332584,2.30394385447574e-18,13.600084045987169,13.600084045987169,
e124644506,180,132,13200,132.0,101.12547051332584,2.30394385447574e-18,13.600084045987169,13.600084045987169,
e124644506,180,133,13300,133.0,101.12547051332584,2.30394385447574e-18,13.600084045987169,13.600084045987169,
e124644506,180,134,13400,134.0,101.12547051332584,2.30394385447574e-18,13.600084045987169,13.600084045987169,
e124644506,180,135,13500,135.0,101.12547051332584,2.30394385447574e-18,13.600084045987169,13.600084045987169,
e124644506,180,136,13600,136.0,101.12547051332584,2.30394385447574e-18,13.600084045987169,13.600084045987169,
e124644506,180,137,13700,137.0,101.12547051332584,2.30394385447574e-18,13.600084045987169,13.600084045987169,
e124644506,180,138,13800,138.0,101.12547051332584,2.30394385447574e-18,13.600084045987169,13.600084045987169,
e124644506,180,139,13900,139.0,101.12547051332584,2.30394385447574e-18,13.600084045987169,13.600084045987169,
e124644506,180,140,14000,140.0,101.12547051332584,2.30394385447574e-18,13.600084045987169,13.600084045987169,
e124644506,180,141,14100,141.0,101.12547051332584,2.30394385447574e-18,13.600084045987169,13.600084045987169,
e124644506,180,142,14200,142.0,101.12547051332584,2.30394385447574e-18,13.600084045987169,13.600084045987169,
e124644506,180,143,14300,143.0,101.12547051332584,2.30394385447574e-18,13.600084045987169,13.600084045987169,
e124644506,180,144,14400,144.0,101.12547051332584,2.30394385447574e-18,13.600084045987169,13.600084045987169,
e124644506,180,145,14500,145.0,101.12547051332584,2.30394385447574e-18,13.600084045987169,13.600084045987169,
e124644506,180,146,14600,146.0,101.12547051332584,2.30394385447574e-18,13.600084045987169,13.600084045987169,
e124644506,180,147,14700,147.0,101.12547051332584,2.30394385447574e-18,13.600084045987169,13.600084045987169,
e124644506,180,148,14800,148.0,101.12547051332584,2.30394385447574e-18,13.600084045987169,13.600084045987169,
e124644506,180,149,14900,149.0,101.12547051332584,2.30394385447574e-18,13.600084045987169,13.600084045987169,
e124644506,180,150,15000,150.0,101.12547051332584,2.30394385447574e-18,13.600084045987169,13.600084045987169,
e124644506,180,151,15100,151.0,101.12547051332584,2.30394385447574e-18,13.600084045987169,13.600084045987169,
e124644506,180,152,15200,152.0,101.12547051332584,2.30394385447574e-18,13.600084045987169,13.600084045987169,
e124644506,180,153,15300,153.0,101.12547051332584,2.30394385447574e-18,13.600084045987169,13.600084045987169,
e124644506,180,154,15400,154.0,101.12547051332584,2.3039438544757394e-18,13.600084045987169,13.600084045987169,
e124644506,180,155,15500,155.0,101.12547051332584,2.30394385447574e-18,13.600084045987169,13.600084045987169,
e124644506,180,156,15600,156.0,101.12547051332584,2.30394385447574e-18,13.600084045987169,13.600084045987169,
e124644506,180,157,15700,157.0,101.12547051332584,2.30394385447574e-18,13.600084045987169,13.600084045987169,
e124644506,180,158,15800,158.0,101.12547051332584,2.30394385447574e-18,13.600084045987169,13.600084045987169,
e124644506,180,159,15900,159.0,101.12547051332584,2.30394385447574e-18,13.600084045987169,13.600084045987169,
e124644506,180,160,16000,160.0,101.12547051332584,2.30394385447574e-18,13.600084045987169,13.600084045987169,
e124644506,180,161,16100,161.0,101.12547051332584,2.30394385447574e-18,13.600084045987169,13.600084045987169,
e124644506,180,162,16200,162.0,101.12547051332584,2.30394385447574e-18,13.600084045987169,13.600084045987169,
e124644506,180,163,16300,163.0,101.12547051332584,2.30394385447574e-18,13.600084045987169,13.600084045987169,
e124644506,180,164,16400,164.0,101.12547051332584,2.30394385447574e-18,13.600084045987169,13.600084045987169,
e124644506,180,165,16500,165.0,101.12547051332584,2.30394385447574e-18,13.600084045987169,13.600084045987169,
e124644506,180,166,16600,166.0,101.12547051332584,2.30394385447574e-18,13.600084045987169,13.600084045987169,
e124644506,180,167,16700,167.0,101.12547051332584,2.30394385447574e-18,13.600084045987169,13.600084045987169,
e124644506,180,168,16800,168.0,101.12547051332584,2.30394385447574e-18,13.600084045987169,13.600084045987169,
e124644506,180,169,16900,169.0,101.12547051332584,2.30394385447574e-18,13.600084045987169,13.600084045987169,
e124644506,180,170,17000,170.0,101.12547051332584,2.30394385447574e-18,13.600084045987169,13.600084045987169,
e124644506,180,171,17100,171.0,101.12547051332584,2.30394385447574e-18,13.600084045987169,13.600084045987169,
e124644506,180,172,17200,172.0,101.12547051332584,2.30394385447574e-18,13.600084045987169,13.600084045987169,
e124644506,180,173,17300,173.0,101.12547051332584,2.30394385447574e-18,13.600084045987169,13.600084045987169,
e124644506,180,174,17400,174.0,101.12547051332584,2.30394385447574e-18,13.600084045987169,13.600084045987169,
e124644506,180,175,17500,175.0,101.12547051332584,2.30394385447574e-18,13.600084045987169,13.600084045987169,
e124644506,180,176,17600,176.0,101.12547051332584,2.30394385447574e-18,13.600084045987169,13.600084045987169,
e124644506,180,177,17700,177.0,101.12547051332584,2.30394385447574e-18,13.600084045987169,13.600084045987169,
e124644506,180,178,17800,178.0,101.12547051332584,2.30394385447574e-18,13.600084045987169,13.600084045987169,
e124644506,180,179,17900,179.0,101.12547051332584,,13.600084045987169,13.600084045987169,
8904f70cf8,180,0,0,0.0,516651013610901.0,10.62620582411702,119640441474639.08,119640441474639.08,"ProjectedCommonDirectionsConfig(subspace_no_grads=1, subspace_frac_updates=0, subspace_frac_random=0.02, direction_str=sd, random_proj=True, random_proj_dim_frac=1, inner_use_full_grad=True, orth_P_k=True, beta=0.001, tau=0.5, c_const=inf, N_try=200, alpha_max=100, p_const=1)"
8904f70cf8,180,1,100,1.0,27414268571048.457,2.4477548085620655,27559269109336.145,27559269109336.145,
8904f70cf8,180,2,200,2.0,1454641724362.1736,0.5638422313673359,6348299157704.205,6348299157704.205,
8904f70cf8,180,3,300,3.0,77185446084.66731,0.12988149824534823,1462335667750.1804,1462335667750.1804,
8904f70cf8,180,4,400,4.0,4095574270.568927,0.02991830453272013,336850162862.7885,336850162862.7885,
8904f70cf8,180,5,500,5.0,217317337.08455554,0.006891704809423408,77593698029.16675,77593698029.16675,
8904f70cf8,180,6,600,6.0,11531275.776695577,0.001587509583916666,17873768926.435482,17873768926.435482,
8904f70cf8,180,7,700,7.0,611962.3441642597,0.00036568407218799204,4117236628.1029167,4117236628.1029167,
8904f70cf8,180,8,800,8.0,32567.388645248695,8.423561155574927e-05,948408672.0344958,948408672.0344958,
8904f70cf8,180,9,900,9.0,1823.833516584752,1.9403738893206268e-05,218466678.12259537,218466678.12259537,
8904f70cf8,180,10,1000,10.0,192.53491286478183,4.469666404531755e-06,50323969.8847991,50323969.8847991,
8904f70cf8,180,11,1100,11.0,105.97579101414192,1.0295911462773537e-06,11592165.756796632,11592165.756796632,
8904f70cf8,180,12,1200,12.0,101.38283570860543,2.3716712449814378e-07,2670264.4337859293,2670264.4337859293,
8904f70cf8,180,13,1300,13.0,101.139126693739,5.463163226925783e-08,615097.4968261785,615097.4968261785,
8904f70cf8,180,14,1400,14.0,101.12619513121126,1.2584439154575874e-08,141688.1887180365,141688.1887180365,
8904f70cf8,180,15,1500,15.0,101.12550896363595,2.8988353928564927e-09,32637.984987692253,32637.984987692253,
8904f70cf8,180,16,1600,16.0,101.12547255507552,6.677489428101944e-10,7518.184725042585,7518.184725042585,
8904f70cf8,180,17,1700,17.0,101.1254706228272,1.5381646484343757e-10,1731.8194343808811,1731.8194343808811,
8904f70cf8,180,18,1800,18.0,101.12547051993393,3.543180289404855e-11,398.92663577675455,398.92663577675455,
8904f70cf8,180,19,1900,19.0,101.1254705150458,1.632356596191048e-11,91.8935069792722,91.8935069792722,
8904f70cf8,180,20,2000,20.0,101.12547051496342,2.384389469778615e-11,134.2291940950138,134.2291940950138,
8904f70cf8,180,21,2100,21.0,101.12547051468204,3.321553778734098e-17,196.06992794678658,196.06992794678658,
8904f70cf8,180,22,2200,22.0,101.12547051467898,1.660776668151936e-17,196.06990183031562,196.06990183031562,
8904f70cf8,180,23,2300,23.0,101.1254705146667,1.7414504541220065e-11,196.06989040670135,196.06989040670135,
8904f70cf8,180,24,2400,24.0,101.12547051464358,4.011487058201537e-12,45.16532905129503,45.16532905129503,
8904f70cf8,180,25,2500,25.0,101.12547051437267,7.392457623583065e-12,10.403959187162775,10.403959187162775,
8904f70cf8,180,26,2600,26.0,101.1254705138409,3.11708912133572e-17,92.00023244195869,92.00023244195869,
8904f70cf8,180,27,2700,27.0,101.12547051383466,3.117087663250824e-17,92.00018940688847,92.00018940688847,
8904f70cf8,180,28,2800,28.0,101.12547051381087,7.79271509834044e-18,92.00014147738783,92.00014147738783,
8904f70cf8,180,29,2900,29.0,101.12547051381087,7.79271509834044e-18,92.00014147738783,92.00014147738783,
8904f70cf8,180,30,3000,30.0,101.12547051381087,7.79271509834044e-18,92.00014147738783,92.00014147738783,
8904f70cf8,180,31,3100,31.0,101.12547051381087,7.79271509834044e-18,92.00014147738783,92.00014147738783,
8904f70cf8,180,32,3200,32.0,101.12547051381087,3.117086039336176e-17,92.00014147738783,92.00014147738783,
8904f70cf8,180,33,3300,33.0,101.12547051378834,3.117084497063102e-17,92.00009595752105,92.00009595752105,
8904f70cf8,180,34,3400,34.0,101.12547051376936,3.117083798678565e-17,92.00007534484782,92.00007534484782,
8904f70cf8,180,35,3500,35.0,101.12547051375805,1.5585413447535892e-17,92.00004260788663,92.00004260788663,
8904f70cf8,180,36,3600,36.0,101.12547051373255,1.5585403408212762e-17,91.99998334618282,91.99998334618282,
8904f70cf8,180,37,3700,37.0,101.12547051373255,1.558540340821276e-17,91.99998334618282,91.99998334618282,
8904f70cf8,180,38,3800,38.0,101.12547051371925,1.5585400063188464e-17,91.99996360064456,91.99996360064456,
8904f70cf8,180,39,3900,39.0,101.12547051367982,1.5585394542776673e-17,91.99993101388509,91.99993101388509,
8904f70cf8,180,40,4000,40.0,101.12547051367676,7.79269610598276e-18,91.99991725520441,91.99991725520441,
8904f70cf8,180,41,4100,41.0,101.12547051367676,7.79269610598276e-18,91.99991725520441,91.99991725520441,
8904f70cf8,180,42,4200,42.0,101.12547051367676,7.79269610598276e-18,91.99991725520441,91.99991725520441,
8904f70cf8,180,43,4300,43.0,101.12547051367676,7.79269610598276e-18,91.99991725520441,91.99991725520441,
8904f70cf8,180,44,4400,44.0,101.12547051367676,1.94817402649569e-18,91.99991725520441,91.99991725520441,
8904f70cf8,180,45,4500,45.0,101.12547051367676,1.94817402649569e-18,91.99991725520441,91.99991725520441,
8904f70cf8,180,46,4600,46.0,101.12547051367676,1.94817402649569e-18,91.99991725520441,91.99991725520441,
8904f70cf8,180,47,4700,47.0,101.12547051367676,1.94817402649569e-18,91.99991725520441,91.99991725520441,
8904f70cf8,180,48,4800,48.0,101.12547051367676,1.94817402649569e-18,91.99991725520441,91.99991725520441,
8904f70cf8,180,49,4900,49.0,101.12547051367676,1.94817402649569e-18,91.99991725520441,91.99991725520441,
8904f70cf8,180,50,5000,50.0,101.12547051367676,1.94817402649569e-18,91.99991725520441,91.99991725520441,
8904f70cf8,180,51,5100,51.0,101.12547051367676,1.94817402649569e-18,91.99991725520441,91.99991725520441,
8904f70cf8,180,52,5200,52.0,101.12547051367676,1.94817402649569e-18,91.99991725520441,91.99991725520441,
8904f70cf8,180,53,5300,53.0,101.12547051367676,1.94817402649569e-18,91.99991725520441,91.99991725520441,
8904f70cf8,180,54,5400,54.0,101.12547051367676,1.94817402649569e-18,91.99991725520441,91.99991725520441,
8904f70cf8,180,55,5500,55.0,101.12547051367676,1.94817402649569e-18,91.99991725520441,91.99991725520441,
8904f70cf8,180,56,5600,56.0,101.12547051367676,1.94817402649569e-18,91.99991725520441,91.99991725520441,
8904f70cf8,180,57,5700,57.0,101.12547051367676,1.94817402649569e-18,91.99991725520441,91.99991725520441,
8904f70cf8,180,58,5800,58.0,101.12547051367676,1.94817402649569e-18,91.99991725520441,91.99991725520441,
8904f70cf8,180,59,5900,59.0,101.12547051367676,1.94817402649569e-18,91.99991725520441,91.99991725520441,
8904f70cf8,180,60,6000,60.0,101.12547051367676,1.94817402649569e-18,91.99991725520441,91.99991725520441,
8904f70cf8,180,61,6100,61.0,101.12547051367676,1.94817402649569e-18,91.99991725520441,91.99991725520441,
8904f70cf8,180,62,6200,62.0,101.12547051367676,1.94817402649569e-18,91.99991725520441,91.99991725520441,
8904f70cf8,180,63,6300,63.0,101.12547051367676,1.94817402649569e-18,91.99991725520441,91.99991725520441,
8904f70cf8,180,64,6400,64.0,101.12547051367676,1.94817402649569e-18,91.99991725520441,91.99991725520441,
8904f70cf8,180,65,6500,65.0,101.12547051367676,1.94817402649569e-18,91.99991725520441,91.99991725520441,
8904f70cf8,180,66,6600,66.0,101.12547051367676,1.94817402649569e-18,91.99991725520441,91.99991725520441,
8904f70cf8,180,67,6700,67.0,101.12547051367676,1.94817402649569e-18,91.99991725520441,91.99991725520441,
8904f70cf8,180,68,6800,68.0,101.12547051367676,1.94817402649569e-18,91.99991725520441,91.99991725520441,
8904f70cf8,180,69,6900,69.0,101.12547051367676,1.94817402649569e-18,91.99991725520441,91.99991725520441,
8904f70cf8,180,70,7000,70.0,101.12547051367676,1.94817402649569e-18,91.99991725520441,91.99991725520441,
8904f70cf8,180,71,7100,71.0,101.12547051367676,1.94817402649569e-18,91.99991725520441,91.99991725520441,
8904f70cf8,180,72,7200,72.0,101.12547051367676,1.94817402649569e-18,91.99991725520441,91.99991725520441,
8904f70cf8,180,73,7300,73.0,101.12547051367676,1.94817402649569e-18,91.99991725520441,91.99991725520441,
8904f70cf8,180,74,7400,74.0,101.12547051367676,1.94817402649569e-18,91.99991725520441,91.99991725520441,
8904f70cf8,180,75,7500,75.0,101.12547051367676,1.94817402649569e-18,91.99991725520441,91.99991725520441,
8904f70cf8,180,76,7600,76.0,101.12547051367676,1.94817402649569e-18,91.99991725520441,91.99991725520441,
8904f70cf8,180,77,7700,77.0,101.12547051367676,1.94817402649569e-18,91.99991725520441,91.99991725520441,
8904f70cf8,180,78,7800,78.0,101.12547051367676,1.94817402649569e-18,91.99991725520441,91.99991725520441,
8904f70cf8,180,79,7900,79.0,101.12547051367676,1.94817402649569e-18,91.99991725520441,91.99991725520441,
8904f70cf8,180,80,8000,80.0,101.12547051367676,1.94817402649569e-18,91.99991725520441,91.99991725520441,
8904f70cf8,180,81,8100,81.0,101.12547051367676,1.94817402649569e-18,91.99991725520441,91.99991725520441,
8904f70cf8,180,82,8200,82.0,101.12547051367676,1.94817402649569e-18,91.99991725520441,91.99991725520441,
8904f70cf8,180,83,8300,83.0,101.12547051367676,1.94817402649569e-18,91.99991725520441,91.99991725520441,
8904f70cf8,180,84,8400,84.0,101.12547051367676,1.94817402649569e-18,91.99991725520441,91.99991725520441,
8904f70cf8,180,85,8500,85.0,101.12547051367676,1.94817402649569e-18,91.99991725520441,91.99991725520441,
8904f70cf8,180,86,8600,86.0,101.12547051367676,1.94817402649569e-18,91.99991725520441,91.99991725520441,
8904f70cf8,180,87,8700,87.0,101.12547051367676,1.94817402649569e-18,91.99991725520441,91.99991725520441,
8904f70cf8,180,88,8800,88.0,101.12547051367676,1.94817402649569e-18,91.99991725520441,91.99991725520441,
8904f70cf8,180,89,8900,89.0,101.12547051367676,1.94817402649569e-18,91.99991725520441,91.99991725520441,
8904f70cf8,180,90,9000,90.0,101.12547051367676,1.94817402649569e-18,91.99991725520441,91.99991725520441,
8904f70cf8,180,91,9100,91.0,101.12547051367676,1.94817402649569e-18,91.99991725520441,91.99991725520441,
8904f70cf8,180,92,9200,92.0,101.12547051367676,1.94817402649569e-18,91.99991725520441,91.99991725520441,
8904f70cf8,180,93,9300,93.0,101.12547051367676,1.94817402649569e-18,91.99991725520441,91.99991725520441,
8904f70cf8,180,94,9400,94.0,101.12547051367676,1.94817402649569e-18,91.99991725520441,91.99991725520441,
8904f70cf8,180,95,9500,95.0,101.12547051367676,1.94817402649569e-18,91.99991725520441,91.99991725520441,
8904f70cf8,180,96,9600,96.0,101.12547051367676,1.94817402649569e-18,91.99991725520441,91.99991725520441,
8904f70cf8,180,97,9700,97.0,101.12547051367676,1.94817402649569e-18,91.99991725520441,91.99991725520441,
8904f70cf8,180,98,9800,98.0,101.12547051367676,1.94817402649569e-18,91.99991725520441,91.99991725520441,
8904f70cf8,180,99,9900,99.0,101.12547051367676,1.94817402649569e-18,91.99991725520441,91.99991725520441,
8904f70cf8,180,100,10000,100.0,101.12547051367676,1.94817402649569e-18,91.99991725520441,91.99991725520441,
8904f70cf8,180,101,10100,101.0,101.12547051367676,1.94817402649569e-18,91.99991725520441,91.99991725520441,
8904f70cf8,180,102,10200,102.0,101.12547051367676,1.94817402649569e-18,91.99991725520441,91.99991725520441,
8904f70cf8,180,103,10300,103.0,101.12547051367676,1.94817402649569e-18,91.99991725520441,91.99991725520441,
8904f70cf8,180,104,10400,104.0,101.12547051367676,1.94817402649569e-18,91.99991725520441,91.99991725520441,
8904f70cf8,180,105,10500,105.0,101.12547051367676,1.94817402649569e-18,91.99991725520441,91.99991725520441,
8904f70cf8,180,106,10600,106.0,101.12547051367676,1.94817402649569e-18,91.99991725520441,91.99991725520441,
8904f70cf8,180,107,10700,107.0,101.12547051367676,1.94817402649569e-18,91.99991725520441,91.99991725520441,
8904f70cf8,180,108,10800,108.0,101.12547051367676,1.94817402649569e-18,91.99991725520441,91.99991725520441,
8904f70cf8,180,109,10900,109.0,101.12547051367676,1.94817402649569e-18,91.99991725520441,91.99991725520441,
8904f70cf8,180,110,11000,110.0,101.12547051367676,1.94817402649569e-18,91.99991725520441,91.99991725520441,
8904f70cf8,180,111,11100,111.0,101.12547051367676,1.94817402649569e-18,91.99991725520441,91.99991725520441,
8904f70cf8,180,112,11200,112.0,101.12547051367676,1.94817402649569e-18,91.99991725520441,91.99991725520441,
8904f70cf8,180,113,11300,113.0,101.12547051367676,1.94817402649569e-18,91.99991725520441,91.99991725520441,
8904f70cf8,180,114,11400,114.0,101.12547051367676,1.94817402649569e-18,91.99991725520441,91.99991725520441,
8904f70cf8,180,115,11500,115.0,101.12547051367676,1.94817402649569e-18,91.99991725520441,91.99991725520441,
8904f70cf8,180,116,11600,116.0,101.12547051367676,1.94817402649569e-18,91.99991725520441,91.99991725520441,
8904f70cf8,180,117,11700,117.0,101.12547051367676,1.94817402649569e-18,91.99991725520441,91.99991725520441,
8904f70cf8,180,118,11800,118.0,101.12547051367676,1.94817402649569e-18,91.99991725520441,91.99991725520441,
8904f70cf8,180,119,11900,119.0,101.12547051367676,1.94817402649569e-18,91.99991725520441,91.99991725520441,
8904f70cf8,180,120,12000,120.0,101.12547051367676,1.94817402649569e-18,91.99991725520441,91.99991725520441,
8904f70cf8,180,121,12100,121.0,101.12547051367676,1.94817402649569e-18,91.99991725520441,91.99991725520441,
8904f70cf8,180,122,12200,122.0,101.12547051367676,1.94817402649569e-18,91.99991725520441,91.99991725520441,
8904f70cf8,180,123,12300,123.0,101.12547051367676,1.94817402649569e-18,91.99991725520441,91.99991725520441,
8904f70cf8,180,124,12400,124.0,101.12547051367676,1.94817402649569e-18,91.99991725520441,91.99991725520441,
8904f70cf8,180,125,12500,125.0,101.12547051367676,1.94817402649569e-18,91.99991725520441,91.99991725520441,
8904f70cf8,180,126,12600,126.0,101.12547051367676,1.94817402649569e-18,91.99991725520441,91.99991725520441,
8904f70cf8,180,127,12700,127.0,101.12547051367676,1.94817402649569e-18,91.99991725520441,91.99991725520441,
8904f70cf8,180,128,12800,128.0,101.12547051367676,1.94817402649569e-18,91.99991725520441,91.99991725520441,
8904f70cf8,180,129,12900,129.0,101.12547051367676,1.94817402649569e-18,91.99991725520441,91.99991725520441,
8904f70cf8,180,130,13000,130.0,101.12547051367676,1.94817402649569e-18,91.99991725520441,91.99991725520441,
8904f70cf8,180,131,13100,131.0,101.12547051367676,1.94817402649569e-18,91.99991725520441,91.99991725520441,
8904f70cf8,180,132,13200,132.0,101.12547051367676,1.94817402649569e-18,91.99991725520441,91.99991725520441,
8904f70cf8,180,133,13300,133.0,101.12547051367676,1.94817402649569e-18,91.99991725520441,91.99991725520441,
8904f70cf8,180,134,13400,134.0,101.12547051367676,1.94817402649569e-18,91.99991725520441,91.99991725520441,
8904f70cf8,180,135,13500,135.0,101.12547051367676,1.94817402649569e-18,91.99991725520441,91.99991725520441,
8904f70cf8,180,136,13600,136.0,101.12547051367676,1.94817402649569e-18,91.99991725520441,91.99991725520441,
8904f70cf8,180,137,13700,137.0,101.12547051367676,1.94817402649569e-18,91.99991725520441,91.99991725520441,
8904f70cf8,180,138,13800,138.0,101.12547051367676,1.94817402649569e-18,91.99991725520441,91.99991725520441,
8904f70cf8,180,139,13900,139.0,101.12547051367676,1.94817402649569e-18,91.99991725520441,91.99991725520441,
8904f70cf8,180,140,14000,140.0,101.12547051367676,1.94817402649569e-18,91.99991725520441,91.99991725520441,
8904f70cf8,180,141,14100,141.0,101.12547051367676,1.94817402649569e-18,91.99991725520441,91.99991725520441,
8904f70cf8,180,142,14200,142.0,101.12547051367676,1.94817402649569e-18,91.99991725520441,91.99991725520441,
8904f70cf8,180,143,14300,143.0,101.12547051367676,1.94817402649569e-18,91.99991725520441,91.99991725520441,
8904f70cf8,180,144,14400,144.0,101.12547051367676,1.94817402649569e-18,91.99991725520441,91.99991725520441,
8904f70cf8,180,145,14500,145.0,101.12547051367676,1.94817402649569e-18,91.99991725520441,91.99991725520441,
8904f70cf8,180,146,14600,146.0,101.12547051367676,1.94817402649569e-18,91.99991725520441,91.99991725520441,
8904f70cf8,180,147,14700,147.0,101.12547051367676,1.94817402649569e-18,91.99991725520441,91.99991725520441,
8904f70cf8,180,148,14800,148.0,101.12547051367676,1.94817402649569e-18,91.99991725520441,91.99991725520441,
8904f70cf8,180,149,14900,149.0,101.12547051367676,1.94817402649569e-18,91.99991725520441,91.99991725520441,
8904f70cf8,180,150,15000,150.0,101.12547051367676,1.94817402649569e-18,91.99991725520441,91.99991725520441,
8904f70cf8,180,151,15100,151.0,101.12547051367676,1.94817402649569e-18,91.99991725520441,91.99991725520441,
8904f70cf8,180,152,15200,152.0,101.12547051367676,1.94817402649569e-18,91.99991725520441,91.99991725520441,
8904f70cf8,180,153,15300,153.0,101.12547051367676,1.94817402649569e-18,91.99991725520441,91.99991725520441,
8904f70cf8,180,154,15400,154.0,101.12547051367676,1.94817402649569e-18,91.99991725520441,91.99991725520441,
8904f70cf8,180,155,15500,155.0,101.12547051367676,1.94817402649569e-18,91.99991725520441,91.99991725520441,
8904f70cf8,180,156,15600,156.0,101.12547051367676,1.94817402649569e-18,91.99991725520441,91.99991725520441,
8904f70cf8,180,157,15700,157.0,101.12547051367676,1.94817402649569e-18,91.99991725520441,91.99991725520441,
8904f70cf8,180,158,15800,158.0,101.12547051367676,1.94817402649569e-18,91.99991725520441,91.99991725520441,
8904f70cf8,180,159,15900,159.0,101.12547051367676,1.94817402649569e-18,91.99991725520441,91.99991725520441,
8904f70cf8,180,160,16000,160.0,101.12547051367676,1.94817402649569e-18,91.99991725520441,91.99991725520441,
8904f70cf8,180,161,16100,161.0,101.12547051367676,1.94817402649569e-18,91.99991725520441,91.99991725520441,
8904f70cf8,180,162,16200,162.0,101.12547051367676,1.94817402649569e-18,91.99991725520441,91.99991725520441,
8904f70cf8,180,163,16300,163.0,101.12547051367676,1.94817402649569e-18,91.99991725520441,91.99991725520441,
8904f70cf8,180,164,16400,164.0,101.12547051367676,1.94817402649569e-18,91.99991725520441,91.99991725520441,
8904f70cf8,180,165,16500,165.0,101.12547051367676,1.94817402649569e-18,91.99991725520441,91.99991725520441,
8904f70cf8,180,166,16600,166.0,101.12547051367676,1.94817402649569e-18,91.99991725520441,91.99991725520441,
8904f70cf8,180,167,16700,167.0,101.12547051367676,1.94817402649569e-18,91.99991725520441,91.99991725520441,
8904f70cf8,180,168,16800,168.0,101.12547051367676,1.94817402649569e-18,91.99991725520441,91.99991725520441,
8904f70cf8,180,169,16900,169.0,101.12547051367676,1.94817402649569e-18,91.99991725520441,91.99991725520441,
8904f70cf8,180,170,17000,170.0,101.12547051367676,1.94817402649569e-18,91.99991725520441,91.99991725520441,
8904f70cf8,180,171,17100,171.0,101.12547051367676,1.94817402649569e-18,91.99991725520441,91.99991725520441,
8904f70cf8,180,172,17200,172.0,101.12547051367676,1.94817402649569e-18,91.99991725520441,91.99991725520441,
8904f70cf8,180,173,17300,173.0,101.12547051367676,1.94817402649569e-18,91.99991725520441,91.99991725520441,
8904f70cf8,180,174,17400,174.0,101.12547051367676,1.94817402649569e-18,91.99991725520441,91.99991725520441,
8904f70cf8,180,175,17500,175.0,101.12547051367676,1.94817402649569e-18,91.99991725520441,91.99991725520441,
8904f70cf8,180,176,17600,176.0,101.12547051367676,1.94817402649569e-18,91.99991725520441,91.99991725520441,
8904f70cf8,180,177,17700,177.0,101.12547051367676,1.94817402649569e-18,91.99991725520441,91.99991725520441,
8904f70cf8,180,178,17800,178.0,101.12547051367676,1.94817402649569e-18,91.99991725520441,91.99991725520441,
8904f70cf8,180,179,17900,179.0,101.12547051367676,,91.99991725520441,91.99991725520441,
df4125c9b3,180,0,0,0.0,516651013610901.0,10.62620582411702,119640441474639.08,119640441474639.08,"ProjectedCommonDirectionsConfig(subspace_no_grads=1, subspace_frac_updates=0, subspace_frac_random=0.02, direction_str=sd, random_proj=True, random_proj_dim_frac=1, inner_use_full_grad=True, orth_P_k=True, beta=0.001, tau=0.5, c_const=inf, N_try=200, alpha_max=100, p_const=1)"
df4125c9b3,180,1,100,1.0,27414268571048.457,2.4477548085620664,27559269109336.145,27559269109336.145,
df4125c9b3,180,2,200,2.0,1454641724362.1855,0.5638422313673375,6348299157704.2295,6348299157704.2295,
df4125c9b3,180,3,300,3.0,77185446084.66708,0.12988149824534811,1462335667750.1787,1462335667750.1787,
df4125c9b3,180,4,400,4.0,4095574270.5689273,0.02991830453272012,336850162862.78845,336850162862.78845,
df4125c9b3,180,5,500,5.0,217317337.08455423,0.006891704809423387,77593698029.16656,77593698029.16656,
df4125c9b3,180,6,600,6.0,11531275.776695048,0.0015875095839166314,17873768926.435078,17873768926.435078,
df4125c9b3,180,7,700,7.0,611962.3441640708,0.00036568407218793533,4117236628.1022797,4117236628.1022797,
df4125c9b3,180,8,800,8.0,32567.388645238905,8.423561155573668e-05,948408672.0343539,948408672.0343539,
df4125c9b3,180,9,900,9.0,1823.8335165910444,1.940373889323743e-05,218466678.12294623,218466678.12294623,
df4125c9b3,180,10,1000,10.0,192.5349128660659,4.469666404547014e-06,50323969.88497091,50323969.88497091,
df4125c9b3,180,11,1100,11.0,105.97579101457876,1.0295911462681847e-06,11592165.756693397,11592165.756693397,
df4125c9b3,180,12,1200,12.0,101.38283570814465,2.3716712441828435e-07,2670264.4328867914,2670264.4328867914,
df4125c9b3,180,13,1300,13.0,101.13912669325049,5.4631632170083036e-08,615097.4957095699,615097.4957095699,
df4125c9b3,180,14,1400,14.0,101.12619513137246,1.258443912833491e-08,141688.18842258945,141688.18842258945,
df4125c9b3,180,15,1500,15.0,101.12550896336593,2.8988353615936978e-09,32637.9846357045,32637.9846357045,
df4125c9b3,180,16,1600,16.0,101.12547255591755,6.677489347950979e-10,7518.184634800622,7518.184634800622,
df4125c9b3,180,17,1700,17.0,101.12547062330573,1.538164747299409e-10,1731.8195456930127,1731.8195456930127,
df4125c9b3,180,18,1800,18.0,101.12547052009957,3.5431764957458546e-11,398.92620864872333,398.92620864872333,
df4125c9b3,180,19,1900,19.0,101.12547051476425,4.080880183329222e-12,91.89325236492562,91.89325236492562,
df4125c9b3,180,20,2000,20.0,101.12547051351362,3.926068787163238e-13,35.3628838537986,35.3628838537986,
df4125c9b3,180,21,2100,21.0,101.12547051316488,1.6222036625499158e-16,29.924375798492584,29.924375798492584,
df4125c9b3,180,22,2200,22.0,101.12547051308854,8.110684896045251e-17,29.923145707969667,29.923145707969667,
df4125c9b3,180,23,2300,23.0,101.12547051302523,1.0138275559244577e-17,29.92290793442068,29.92290793442068,
df4125c9b3,180,24,2400,24.0,101.12547051302523,1.0138275559244577e-17,29.92290793442068,29.92290793442068,
df4125c9b3,180,25,2500,25.0,101.12547051302523,1.0138275559244577e-17,29.92290793442068,29.92290793442068,
df4125c9b3,180,26,2600,26.0,101.12547051301983,1.013827283584182e-17,29.92289989635453,29.92289989635453,
df4125c9b3,180,27,2700,27.0,101.12547051301983,1.013827283584182e-17,29.92289989635453,29.92289989635453,
df4125c9b3,180,28,2800,28.0,101.12547051301962,1.013826834374075e-17,29.922886638012287,29.922886638012287,
df4125c9b3,180,29,2900,29.0,101.12547051301962,1.0138268343740751e-17,29.922886638012287,29.922886638012287,
df4125c9b3,180,30,3000,30.0,101.12547051301962,5.0691341718703756e-18,29.922886638012287,29.922886638012287,
df4125c9b3,180,31,3100,31.0,101.12547051301962,5.0691341718703756e-18,29.922886638012287,29.922886638012287,
df4125c9b3,180,32,3200,32.0,101.12547051301962,5.0691341718703756e-18,29.922886638012287,29.922886638012287,
df4125c9b3,180,33,3300,33.0,101.12547051301962,5.0691341718703756e-18,29.922886638012287,29.922886638012287,
df4125c9b3,180,34,3400,34.0,101.12547051301962,5.069134171870375e-18,29.922886638012287,29.922886638012287,
df4125c9b3,180,35,3500,35.0,101.12547051301962,5.0691341718703756e-18,29.922886638012287,29.922886638012287,
df4125c9b3,180,36,3600,36.0,101.12547051301962,5.0691341718703756e-18,29.922886638012287,29.922886638012287,
df4125c9b3,180,37,3700,37.0,101.12547051301962,5.0691341718703756e-18,29.922886638012287,29.922886638012287,
df4125c9b3,180,38,3800,38.0,101.12547051301962,5.069134171870375e-18,29.922886638012287,29.922886638012287,
df4125c9b3,180,39,3900,39.0,101.12547051301962,5.0691341718703756e-18,29.922886638012287,29.922886638012287,
df4125c9b3,180,40,4000,40.0,101.12547051301962,5.0691341718703756e-18,29.922886638012287,29.922886638012287,
df4125c9b3,180,41,4100,41.0,101.1254705130106,5.069131590306735e-18,29.922871399150296,29.922871399150296,
df4125c9b3,180,42,4200,42.0,101.1254705130106,5.0691315903067344e-18,29.922871399150296,29.922871399150296,
df4125c9b3,180,43,4300,43.0,101.1254705130106,5.069131590306735e-18,29.922871399150296,29.922871399150296,
df4125c9b3,180,44,4400,44.0,101.12547051300211,5.069130307670567e-18,29.92286382780272,29.92286382780272,
df4125c9b3,180,45,4500,45.0,101.12547051300211,5.0691303076705675e-18,29.92286382780272,29.92286382780272,
df4125c9b3,180,46,4600,46.0,101.12547051300211,5.069130307670567e-18,29.92286382780272,29.92286382780272,
df4125c9b3,180,47,4700,47.0,101.12547051300211,5.0691303076705675e-18,29.92286382780272,29.92286382780272,
df4125c9b3,180,48,4800,48.0,101.12547051300211,5.069130307670568e-18,29.92286382780272,29.92286382780272,
df4125c9b3,180,49,4900,49.0,101.12547051300211,5.069130307670567e-18,29.92286382780272,29.92286382780272,
df4125c9b3,180,50,5000,50.0,101.12547051300211,5.069130307670567e-18,29.92286382780272,29.92286382780272,
df4125c9b3,180,51,5100,51.0,101.12547051300211,5.069130307670568e-18,29.92286382780272,29.92286382780272,
df4125c9b3,180,52,5200,52.0,101.12547051300211,5.069130307670567e-18,29.92286382780272,29.92286382780272,
df4125c9b3,180,53,5300,53.0,101.12547051300211,2.5345651538352838e-18,29.92286382780272,29.92286382780272,
df4125c9b3,180,54,5400,54.0,101.12547051300211,2.5345651538352834e-18,29.92286382780272,29.92286382780272,
df4125c9b3,180,55,5500,55.0,101.12547051300211,2.5345651538352838e-18,29.92286382780272,29.92286382780272,
df4125c9b3,180,56,5600,56.0,101.12547051300211,2.5345651538352834e-18,29.92286382780272,29.92286382780272,
df4125c9b3,180,57,5700,57.0,101.12547051300211,2.5345651538352838e-18,29.92286382780272,29.92286382780272,
df4125c9b3,180,58,5800,58.0,101.12547051300211,2.5345651538352838e-18,29.92286382780272,29.92286382780272,
df4125c9b3,180,59,5900,59.0,101.12547051300211,2.5345651538352838e-18,29.92286382780272,29.92286382780272,
df4125c9b3,180,60,6000,60.0,101.12547051300211,2.5345651538352834e-18,29.92286382780272,29.92286382780272,
df4125c9b3,180,61,6100,61.0,101.12547051300211,2.5345651538352834e-18,29.92286382780272,29.92286382780272,
df4125c9b3,180,62,6200,62.0,101.12547051300211,2.5345651538352834e-18,29.92286382780272,29.92286382780272,
df4125c9b3,180,63,6300,63.0,101.12547051300211,2.5345651538352838e-18,29.92286382780272,29.92286382780272,
df4125c9b3,180,64,6400,64.0,101.12547051300211,2.5345651538352834e-18,29.92286382780272,29.92286382780272,
df4125c9b3,180,65,6500,65.0,101.12547051300211,2.5345651538352834e-18,29.92286382780272,29.92286382780272,
df4125c9b3,180,66,6600,66.0,101.12547051300211,2.5345651538352838e-18,29.92286382780272,29.92286382780272,
df4125c9b3,180,67,6700,67.0,101.12547051300211,2.5345651538352838e-18,29.92286382780272,29.92286382780272,
df4125c9b3,180,68,6800,68.0,101.12547051300211,2.5345651538352834e-18,29.92286382780272,29.92286382780272,
df4125c9b3,180,69,6900,69.0,101.12547051300211,2.5345651538352834e-18,29.92286382780272,29.92286382780272,
df4125c9b3,180,70,7000,70.0,101.12547051300211,2.5345651538352834e-18,29.92286382780272,29.92286382780272,
df4125c9b3,180,71,7100,71.0,101.12547051300211,2.5345651538352838e-18,29.92286382780272,29.92286382780272,
df4125c9b3,180,72,7200,72.0,101.12547051300211,2.5345651538352838e-18,29.92286382780272,29.92286382780272,
df4125c9b3,180,73,7300,73.0,101.12547051300211,2.5345651538352834e-18,29.92286382780272,29.92286382780272,
df4125c9b3,180,74,7400,74.0,101.12547051300211,2.534565153835284e-18,29.92286382780272,29.92286382780272,
df4125c9b3,180,75,7500,75.0,101.12547051300211,2.5345651538352838e-18,29.92286382780272,29.92286382780272,
df4125c9b3,180,76,7600,76.0,101.12547051300211,2.534565153835284e-18,29.92286382780272,29.92286382780272,
df4125c9b3,180,77,7700,77.0,101.12547051300211,2.5345651538352834e-18,29.92286382780272,29.92286382780272,
df4125c9b3,180,78,7800,78.0,101.12547051300211,2.5345651538352834e-18,29.92286382780272,29.92286382780272,
df4125c9b3,180,79,7900,79.0,101.12547051300211,2.5345651538352838e-18,29.92286382780272,29.92286382780272,
df4125c9b3,180,80,8000,80.0,101.12547051300211,2.5345651538352834e-18,29.92286382780272,29.92286382780272,
df4125c9b3,180,81,8100,81.0,101.12547051300211,2.5345651538352834e-18,29.92286382780272,29.92286382780272,
df4125c9b3,180,82,8200,82.0,101.12547051300211,2.5345651538352834e-18,29.92286382780272,29.92286382780272,
df4125c9b3,180,83,8300,83.0,101.12547051300211,2.5345651538352834e-18,29.92286382780272,29.92286382780272,
df4125c9b3,180,84,8400,84.0,101.12547051300211,2.5345651538352834e-18,29.92286382780272,29.92286382780272,
df4125c9b3,180,85,8500,85.0,101.12547051300211,2.5345651538352834e-18,29.92286382780272,29.92286382780272,
df4125c9b3,180,86,8600,86.0,101.12547051300211,2.5345651538352838e-18,29.92286382780272,29.92286382780272,
df4125c9b3,180,87,8700,87.0,101.12547051300211,2.5345651538352838e-18,29.92286382780272,29.92286382780272,
df4125c9b3,180,88,8800,88.0,101.12547051300211,2.5345651538352834e-18,29.92286382780272,29.92286382780272,
df4125c9b3,180,89,8900,89.0,101.12547051300211,2.5345651538352834e-18,29.92286382780272,29.92286382780272,
df4125c9b3,180,90,9000,90.0,101.12547051300211,2.5345651538352838e-18,29.92286382780272,29.92286382780272,
df4125c9b3,180,91,9100,91.0,101.12547051300211,2.5345651538352834e-18,29.92286382780272,29.92286382780272,
df4125c9b3,180,92,9200,92.0,101.12547051300211,2.5345651538352838e-18,29.92286382780272,29.92286382780272,
df4125c9b3,180,93,9300,93.0,101.12547051300211,2.5345651538352834e-18,29.92286382780272,29.92286382780272,
df4125c9b3,180,94,9400,94.0,101.12547051300211,2.534565153835284e-18,29.92286382780272,29.92286382780272,
df4125c9b3,180,95,9500,95.0,101.12547051300211,2.5345651538352838e-18,29.92286382780272,29.92286382780272,
df4125c9b3,180,96,9600,96.0,101.12547051300211,2.5345651538352834e-18,29.92286382780272,29.92286382780272,
df4125c9b3,180,97,9700,97.0,101.12547051300211,2.5345651538352838e-18,29.92286382780272,29.92286382780272,
df4125c9b3,180,98,9800,98.0,101.12547051300211,2.534565153835284e-18,29.92286382780272,29.92286382780272,
df4125c9b3,180,99,9900,99.0,101.12547051300211,2.5345651538352834e-18,29.92286382780272,29.92286382780272,
df4125c9b3,180,100,10000,100.0,101.12547051300211,2.5345651538352834e-18,29.92286382780272,29.92286382780272,
df4125c9b3,180,101,10100,101.0,101.12547051300211,2.5345651538352834e-18,29.92286382780272,29.92286382780272,
df4125c9b3,180,102,10200,102.0,101.12547051300211,2.5345651538352834e-18,29.92286382780272,29.92286382780272,
df4125c9b3,180,103,10300,103.0,101.12547051300211,2.5345651538352834e-18,29.92286382780272,29.92286382780272,
df4125c9b3,180,104,10400,104.0,101.12547051300211,2.5345651538352834e-18,29.92286382780272,29.92286382780272,
df4125c9b3,180,105,10500,105.0,101.12547051300211,2.5345651538352834e-18,29.92286382780272,29.92286382780272,
df4125c9b3,180,106,10600,106.0,101.12547051300211,2.5345651538352834e-18,29.92286382780272,29.92286382780272,
df4125c9b3,180,107,10700,107.0,101.12547051300211,2.5345651538352838e-18,29.92286382780272,29.92286382780272,
df4125c9b3,180,108,10800,108.0,101.12547051300211,2.5345651538352838e-18,29.92286382780272,29.92286382780272,
df4125c9b3,180,109,10900,109.0,101.12547051300211,2.5345651538352834e-18,29.92286382780272,29.92286382780272,
df4125c9b3,180,110,11000,110.0,101.12547051300211,2.5345651538352838e-18,29.92286382780272,29.92286382780272,
df4125c9b3,180,111,11100,111.0,101.12547051300211,2.5345651538352834e-18,29.92286382780272,29.92286382780272,
df4125c9b3,180,112,11200,112.0,101.12547051300211,2.5345651538352838e-18,29.92286382780272,29.92286382780272,
df4125c9b3,180,113,11300,113.0,101.12547051300211,2.5345651538352834e-18,29.92286382780272,29.92286382780272,
df4125c9b3,180,114,11400,114.0,101.12547051300211,2.5345651538352834e-18,29.92286382780272,29.92286382780272,
df4125c9b3,180,115,11500,115.0,101.12547051300211,2.5345651538352838e-18,29.92286382780272,29.92286382780272,
df4125c9b3,180,116,11600,116.0,101.12547051300211,2.5345651538352838e-18,29.92286382780272,29.92286382780272,
df4125c9b3,180,117,11700,117.0,101.12547051300211,2.5345651538352834e-18,29.92286382780272,29.92286382780272,
df4125c9b3,180,118,11800,118.0,101.12547051300211,2.5345651538352838e-18,29.92286382780272,29.92286382780272,
df4125c9b3,180,119,11900,119.0,101.12547051300211,2.5345651538352838e-18,29.92286382780272,29.92286382780272,
df4125c9b3,180,120,12000,120.0,101.12547051300211,2.5345651538352834e-18,29.92286382780272,29.92286382780272,
df4125c9b3,180,121,12100,121.0,101.12547051300211,2.5345651538352834e-18,29.92286382780272,29.92286382780272,
df4125c9b3,180,122,12200,122.0,101.12547051300211,2.5345651538352834e-18,29.92286382780272,29.92286382780272,
df4125c9b3,180,123,12300,123.0,101.12547051300211,2.5345651538352834e-18,29.92286382780272,29.92286382780272,
df4125c9b3,180,124,12400,124.0,101.12547051300211,2.5345651538352834e-18,29.92286382780272,29.92286382780272,
df4125c9b3,180,125,12500,125.0,101.12547051300211,2.5345651538352834e-18,29.92286382780272,29.92286382780272,
df4125c9b3,180,126,12600,126.0,101.12547051300211,2.5345651538352834e-18,29.92286382780272,29.92286382780272,
df4125c9b3,180,127,12700,127.0,101.12547051300211,2.5345651538352838e-18,29.92286382780272,29.92286382780272,
df4125c9b3,180,128,12800,128.0,101.12547051300211,2.5345651538352838e-18,29.92286382780272,29.92286382780272,
df4125c9b3,180,129,12900,129.0,101.12547051300211,2.5345651538352838e-18,29.92286382780272,29.92286382780272,
df4125c9b3,180,130,13000,130.0,101.12547051300211,2.5345651538352838e-18,29.92286382780272,29.92286382780272,
df4125c9b3,180,131,13100,131.0,101.12547051300211,2.5345651538352838e-18,29.92286382780272,29.92286382780272,
df4125c9b3,180,132,13200,132.0,101.12547051300211,2.5345651538352834e-18,29.92286382780272,29.92286382780272,
df4125c9b3,180,133,13300,133.0,101.12547051300211,2.5345651538352834e-18,29.92286382780272,29.92286382780272,
df4125c9b3,180,134,13400,134.0,101.12547051300211,2.5345651538352838e-18,29.92286382780272,29.92286382780272,
df4125c9b3,180,135,13500,135.0,101.12547051300211,2.534565153835284e-18,29.92286382780272,29.92286382780272,
df4125c9b3,180,136,13600,136.0,101.12547051300211,2.5345651538352834e-18,29.92286382780272,29.92286382780272,
df4125c9b3,180,137,13700,137.0,101.12547051300211,2.5345651538352834e-18,29.92286382780272,29.92286382780272,
df4125c9b3,180,138,13800,138.0,101.12547051300211,2.5345651538352834e-18,29.92286382780272,29.92286382780272,
df4125c9b3,180,139,13900,139.0,101.12547051300211,2.534565153835284e-18,29.92286382780272,29.92286382780272,
df4125c9b3,180,140,14000,140.0,101.12547051300211,2.5345651538352838e-18,29.92286382780272,29.92286382780272,
df4125c9b3,180,141,14100,141.0,101.12547051300211,2.5345651538352834e-18,29.92286382780272,29.92286382780272,
df4125c9b3,180,142,14200,142.0,101.12547051300211,2.5345651538352838e-18,29.92286382780272,29.92286382780272,
df4125c9b3,180,143,14300,143.0,101.12547051300211,2.5345651538352838e-18,29.92286382780272,29.92286382780272,
df4125c9b3,180,144,14400,144.0,101.12547051300211,2.534565153835284e-18,29.92286382780272,29.92286382780272,
df4125c9b3,180,145,14500,145.0,101.12547051300211,2.5345651538352838e-18,29.92286382780272,29.92286382780272,
df4125c9b3,180,146,14600,146.0,101.12547051300211,2.5345651538352838e-18,29.92286382780272,29.92286382780272,
df4125c9b3,180,147,14700,147.0,101.12547051300211,2.5345651538352838e-18,29.92286382780272,29.92286382780272,
df4125c9b3,180,148,14800,148.0,101.12547051300211,2.5345651538352838e-18,29.92286382780272,29.92286382780272,
df4125c9b3,180,149,14900,149.0,101.12547051300211,2.5345651538352838e-18,29.92286382780272,29.92286382780272,
df4125c9b3,180,150,15000,150.0,101.12547051300211,2.5345651538352834e-18,29.92286382780272,29.92286382780272,
df4125c9b3,180,151,15100,151.0,101.12547051300211,2.5345651538352838e-18,29.92286382780272,29.92286382780272,
df4125c9b3,180,152,15200,152.0,101.12547051300211,2.5345651538352834e-18,29.92286382780272,29.92286382780272,
df4125c9b3,180,153,15300,153.0,101.12547051300211,2.5345651538352834e-18,29.92286382780272,29.92286382780272,
df4125c9b3,180,154,15400,154.0,101.12547051300211,2.5345651538352838e-18,29.92286382780272,29.92286382780272,
df4125c9b3,180,155,15500,155.0,101.12547051300211,2.5345651538352838e-18,29.92286382780272,29.92286382780272,
df4125c9b3,180,156,15600,156.0,101.12547051300211,2.5345651538352838e-18,29.92286382780272,29.92286382780272,
df4125c9b3,180,157,15700,157.0,101.12547051300211,2.534565153835284e-18,29.92286382780272,29.92286382780272,
df4125c9b3,180,158,15800,158.0,101.12547051300211,2.5345651538352838e-18,29.92286382780272,29.92286382780272,
df4125c9b3,180,159,15900,159.0,101.12547051300211,2.5345651538352834e-18,29.92286382780272,29.92286382780272,
df4125c9b3,180,160,16000,160.0,101.12547051300211,2.5345651538352834e-18,29.92286382780272,29.92286382780272,
df4125c9b3,180,161,16100,161.0,101.12547051300211,2.5345651538352834e-18,29.92286382780272,29.92286382780272,
df4125c9b3,180,162,16200,162.0,101.12547051300211,2.5345651538352834e-18,29.92286382780272,29.92286382780272,
df4125c9b3,180,163,16300,163.0,101.12547051300211,2.5345651538352834e-18,29.92286382780272,29.92286382780272,
df4125c9b3,180,164,16400,164.0,101.12547051300211,2.5345651538352838e-18,29.92286382780272,29.92286382780272,
df4125c9b3,180,165,16500,165.0,101.12547051300211,2.5345651538352838e-18,29.92286382780272,29.92286382780272,
df4125c9b3,180,166,16600,166.0,101.12547051300211,2.5345651538352834e-18,29.92286382780272,29.92286382780272,
df4125c9b3,180,167,16700,167.0,101.12547051300211,2.5345651538352834e-18,29.92286382780272,29.92286382780272,
df4125c9b3,180,168,16800,168.0,101.12547051300211,2.5345651538352834e-18,29.92286382780272,29.92286382780272,
df4125c9b3,180,169,16900,169.0,101.12547051300211,2.534565153835284e-18,29.92286382780272,29.92286382780272,
df4125c9b3,180,170,17000,170.0,101.12547051300211,2.5345651538352834e-18,29.92286382780272,29.92286382780272,
df4125c9b3,180,171,17100,171.0,101.12547051300211,2.5345651538352838e-18,29.92286382780272,29.92286382780272,
df4125c9b3,180,172,17200,172.0,101.12547051300211,2.5345651538352834e-18,29.92286382780272,29.92286382780272,
df4125c9b3,180,173,17300,173.0,101.12547051300211,2.5345651538352834e-18,29.92286382780272,29.92286382780272,
df4125c9b3,180,174,17400,174.0,101.12547051300211,2.5345651538352838e-18,29.92286382780272,29.92286382780272,
df4125c9b3,180,175,17500,175.0,101.12547051300211,2.5345651538352834e-18,29.92286382780272,29.92286382780272,
df4125c9b3,180,176,17600,176.0,101.12547051300211,2.534565153835284e-18,29.92286382780272,29.92286382780272,
df4125c9b3,180,177,17700,177.0,101.12547051300211,2.5345651538352838e-18,29.92286382780272,29.92286382780272,
df4125c9b3,180,178,17800,178.0,101.12547051300211,2.5345651538352838e-18,29.92286382780272,29.92286382780272,
df4125c9b3,180,179,17900,179.0,101.12547051300211,,29.92286382780272,29.92286382780272,
f79386adb7,180,0,0,0.0,516651013610901.0,10.62620582411702,119640441474639.08,119640441474639.08,"ProjectedCommonDirectionsConfig(subspace_no_grads=1, subspace_frac_updates=0, subspace_frac_random=0.02, direction_str=sd, random_proj=True, random_proj_dim_frac=1, inner_use_full_grad=True, orth_P_k=True, beta=0.001, tau=0.5, c_const=inf, N_try=200, alpha_max=100, p_const=1)"
f79386adb7,180,1,100,1.0,27414268571048.457,2.447754808562066,27559269109336.145,27559269109336.145,
f79386adb7,180,2,200,2.0,1454641724362.1785,0.5638422313673367,6348299157704.214,6348299157704.214,
f79386adb7,180,3,300,3.0,77185446084.66753,0.12988149824534848,1462335667750.1829,1462335667750.1829,
f79386adb7,180,4,400,4.0,4095574270.568949,0.029918304532720184,336850162862.78937,336850162862.78937,
f79386adb7,180,5,500,5.0,217317337.0845558,0.006891704809423409,77593698029.16682,77593698029.16682,
f79386adb7,180,6,600,6.0,11531275.776695464,0.0015875095839166596,17873768926.435394,17873768926.435394,
f79386adb7,180,7,700,7.0,611962.3441643617,0.00036568407218802267,4117236628.1032624,4117236628.1032624,
f79386adb7,180,8,800,8.0,32567.388645244955,8.423561155574422e-05,948408672.0344388,948408672.0344388,
f79386adb7,180,9,900,9.0,1823.8335165836424,1.9403738893199688e-05,218466678.12252122,218466678.12252122,
f79386adb7,180,10,1000,10.0,192.53491286537485,4.469666404550043e-06,50323969.885005,50323969.885005,
f79386adb7,180,11,1100,11.0,105.97579101425723,1.0295911462064418e-06,11592165.755998231,11592165.755998231,
f79386adb7,180,12,1200,12.0,101.3828357079567,2.3716712433317712e-07,2670264.4319285722,2670264.4319285722,
f79386adb7,180,13,1300,13.0,101.13912669436944,5.463163215352247e-08,615097.4955231148,615097.4955231148,
f79386adb7,180,14,1400,14.0,101.12619513152501,1.2584439110671278e-08,141688.18822371462,141688.18822371462,
f79386adb7,180,15,1500,15.0,101.12550896333809,2.898835334436121e-09,32637.984329937357,32637.984329937357,
f79386adb7,180,16,1600,16.0,101.12547255563567,6.677489013840172e-10,7518.184258625294,7518.184258625294,
f79386adb7,180,17,1700,17.0,101.1254706231084,1.538164366449922e-10,1731.8191168946098,1731.8191168946098,
f79386adb7,180,18,1800,18.0,101.12547051996333,3.54317367481639e-11,398.92589104030105,398.92589104030105,
f79386adb7,180,19,1900,19.0,101.12547051403673,4.080871433534766e-12,91.89305533707036,91.89305533707036,
f79386adb7,180,20,2000,20.0,101.12547051349353,1.5704307485180882e-12,35.36295666918617,35.36295666918617,
f79386adb7,180,21,2100,21.0,101.12547051284095,4.610925550280572e-18,13.609050171032656,13.609050171032656,
f79386adb7,180,22,2200,22.0,101.12547051284095,4.610925550280572e-18,13.609050171032656,13.609050171032656,
f79386adb7,180,23,2300,23.0,101.12547051284095,4.610925550280572e-18,13.609050171032656,13.609050171032656,
f79386adb7,180,24,2400,24.0,101.12547051284095,4.610925550280572e-18,13.609050171032656,13.609050171032656,
f79386adb7,180,25,2500,25.0,101.12547051284095,4.610925550280572e-18,13.609050171032656,13.609050171032656,
f79386adb7,180,26,2600,26.0,101.12547051284095,4.610925550280572e-18,13.609050171032656,13.609050171032656,
f79386adb7,180,27,2700,27.0,101.12547051284095,4.610925550280572e-18,13.609050171032656,13.609050171032656,
f79386adb7,180,28,2800,28.0,101.12547051284095,4.610925550280572e-18,13.609050171032656,13.609050171032656,
f79386adb7,180,29,2900,29.0,101.12547051284095,4.610925550280572e-18,13.609050171032656,13.609050171032656,
f79386adb7,180,30,3000,30.0,101.12547051284095,4.610925550280572e-18,13.609050171032656,13.609050171032656,
f79386adb7,180,31,3100,31.0,101.12547051284095,4.610925550280572e-18,13.609050171032656,13.609050171032656,
f79386adb7,180,32,3200,32.0,101.12547051284095,4.610925550280572e-18,13.609050171032656,13.609050171032656,
f79386adb7,180,33,3300,33.0,101.12547051284095,4.610925550280572e-18,13.609050171032656,13.609050171032656,
f79386adb7,180,34,3400,34.0,101.12547051284095,4.610925550280572e-18,13.609050171032656,13.609050171032656,
f79386adb7,180,35,3500,35.0,101.12547051284095,4.610925550280572e-18,13.609050171032656,13.609050171032656,
f79386adb7,180,36,3600,36.0,101.12547051284095,4.610925550280572e-18,13.609050171032656,13.609050171032656,
f79386adb7,180,37,3700,37.0,101.12547051284095,4.610925550280572e-18,13.609050171032656,13.609050171032656,
f79386adb7,180,38,3800,38.0,101.12547051284095,4.610925550280572e-18,13.609050171032656,13.609050171032656,
f79386adb7,180,39,3900,39.0,101.12547051284095,4.610925550280572e-18,13.609050171032656,13.609050171032656,
f79386adb7,180,40,4000,40.0,101.12547051284095,4.610925550280572e-18,13.609050171032656,13.609050171032656,
f79386adb7,180,41,4100,41.0,101.12547051284095,4.610925550280572e-18,13.609050171032656,13.609050171032656,
f79386adb7,180,42,4200,42.0,101.12547051284095,4.610925550280572e-18,13.609050171032656,13.609050171032656,
f79386adb7,180,43,4300,43.0,101.12547051284095,4.610925550280572e-18,13.609050171032656,13.609050171032656,
f79386adb7,180,44,4400,44.0,101.12547051284095,4.610925550280572e-18,13.609050171032656,13.609050171032656,
f79386adb7,180,45,4500,45.0,101.12547051284095,4.610925550280572e-18,13.609050171032656,13.609050171032656,
f79386adb7,180,46,4600,46.0,101.12547051284095,4.610925550280572e-18,13.609050171032656,13.609050171032656,
f79386adb7,180,47,4700,47.0,101.12547051284095,4.610925550280572e-18,13.609050171032656,13.609050171032656,
f79386adb7,180,48,4800,48.0,101.12547051284095,4.610925550280572e-18,13.609050171032656,13.609050171032656,
f79386adb7,180,49,4900,49.0,101.12547051284095,4.610925550280572e-18,13.609050171032656,13.609050171032656,
f79386adb7,180,50,5000,50.0,101.12547051284095,2.305462775140286e-18,13.609050171032656,13.609050171032656,
f79386adb7,180,51,5100,51.0,101.12547051284095,2.305462775140286e-18,13.609050171032656,13.609050171032656,
f79386adb7,180,52,5200,52.0,101.12547051284095,2.305462775140286e-18,13.609050171032656,13.609050171032656,
f79386adb7,180,53,5300,53.0,101.12547051284095,2.305462775140286e-18,13.609050171032656,13.609050171032656,
f79386adb7,180,54,5400,54.0,101.12547051284095,2.305462775140286e-18,13.609050171032656,13.609050171032656,
f79386adb7,180,55,5500,55.0,101.12547051284095,2.305462775140286e-18,13.609050171032656,13.609050171032656,
f79386adb7,180,56,5600,56.0,101.12547051284095,2.305462775140286e-18,13.609050171032656,13.609050171032656,
f79386adb7,180,57,5700,57.0,101.12547051284095,2.305462775140286e-18,13.609050171032656,13.609050171032656,
f79386adb7,180,58,5800,58.0,101.12547051284095,2.305462775140286e-18,13.609050171032656,13.609050171032656,
f79386adb7,180,59,5900,59.0,101.12547051284095,2.305462775140286e-18,13.609050171032656,13.609050171032656,
f79386adb7,180,60,6000,60.0,101.12547051284095,2.305462775140286e-18,13.609050171032656,13.609050171032656,
f79386adb7,180,61,6100,61.0,101.12547051284095,2.305462775140286e-18,13.609050171032656,13.609050171032656,
f79386adb7,180,62,6200,62.0,101.12547051284095,2.305462775140286e-18,13.609050171032656,13.609050171032656,
f79386adb7,180,63,6300,63.0,101.12547051284095,2.305462775140286e-18,13.609050171032656,13.609050171032656,
f79386adb7,180,64,6400,64.0,101.12547051284095,2.305462775140286e-18,13.609050171032656,13.609050171032656,
f79386adb7,180,65,6500,65.0,101.12547051284095,2.305462775140286e-18,13.609050171032656,13.609050171032656,
f79386adb7,180,66,6600,66.0,101.12547051284095,2.305462775140286e-18,13.609050171032656,13.609050171032656,
f79386adb7,180,67,6700,67.0,101.12547051284095,2.305462775140286e-18,13.609050171032656,13.609050171032656,
f79386adb7,180,68,6800,68.0,101.12547051284095,2.305462775140286e-18,13.609050171032656,13.609050171032656,
f79386adb7,180,69,6900,69.0,101.12547051284095,2.305462775140286e-18,13.609050171032656,13.609050171032656,
f79386adb7,180,70,7000,70.0,101.12547051284095,2.305462775140286e-18,13.609050171032656,13.609050171032656,
f79386adb7,180,71,7100,71.0,101.12547051284095,2.305462775140286e-18,13.609050171032656,13.609050171032656,
f79386adb7,180,72,7200,72.0,101.12547051284095,2.305462775140286e-18,13.609050171032656,13.609050171032656,
f79386adb7,180,73,7300,73.0,101.12547051284095,2.305462775140286e-18,13.609050171032656,13.609050171032656,
f79386adb7,180,74,7400,74.0,101.12547051284095,2.305462775140286e-18,13.609050171032656,13.609050171032656,
f79386adb7,180,75,7500,75.0,101.12547051284095,2.305462775140286e-18,13.609050171032656,13.609050171032656,
f79386adb7,180,76,7600,76.0,101.12547051284095,2.305462775140286e-18,13.609050171032656,13.609050171032656,
f79386adb7,180,77,7700,77.0,101.12547051284095,2.305462775140286e-18,13.609050171032656,13.609050171032656,
f79386adb7,180,78,7800,78.0,101.12547051284095,2.305462775140286e-18,13.609050171032656,13.609050171032656,
f79386adb7,180,79,7900,79.0,101.12547051284095,2.305462775140286e-18,13.609050171032656,13.609050171032656,
f79386adb7,180,80,8000,80.0,101.12547051284095,2.305462775140286e-18,13.609050171032656,13.609050171032656,
f79386adb7,180,81,8100,81.0,101.12547051284095,2.305462775140286e-18,13.609050171032656,13.609050171032656,
f79386adb7,180,82,8200,82.0,101.12547051284095,2.305462775140286e-18,13.609050171032656,13.609050171032656,
f79386adb7,180,83,8300,83.0,101.12547051284095,2.305462775140286e-18,13.609050171032656,13.609050171032656,
f79386adb7,180,84,8400,84.0,101.12547051284095,2.305462775140286e-18,13.609050171032656,13.609050171032656,
f79386adb7,180,85,8500,85.0,101.12547051284095,2.305462775140286e-18,13.609050171032656,13.609050171032656,
f79386adb7,180,86,8600,86.0,101.12547051284095,2.305462775140286e-18,13.609050171032656,13.609050171032656,
f79386adb7,180,87,8700,87.0,101.12547051284095,2.305462775140286e-18,13.609050171032656,13.609050171032656,
f79386adb7,180,88,8800,88.0,101.12547051284095,2.305462775140286e-18,13.609050171032656,13.609050171032656,
f79386adb7,180,89,8900,89.0,101.12547051284095,2.305462775140286e-18,13.609050171032656,13.609050171032656,
f79386adb7,180,90,9000,90.0,101.12547051284095,2.305462775140286e-18,13.609050171032656,13.609050171032656,
f79386adb7,180,91,9100,91.0,101.12547051284095,2.305462775140286e-18,13.609050171032656,13.609050171032656,
f79386adb7,180,92,9200,92.0,101.12547051284095,2.305462775140286e-18,13.609050171032656,13.609050171032656,
f79386adb7,180,93,9300,93.0,101.12547051284095,2.305462775140286e-18,13.609050171032656,13.609050171032656,
f79386adb7,180,94,9400,94.0,101.12547051284095,2.305462775140286e-18,13.609050171032656,13.609050171032656,
f79386adb7,180,95,9500,95.0,101.12547051284095,2.305462775140286e-18,13.609050171032656,13.609050171032656,
f79386adb7,180,96,9600,96.0,101.12547051284095,2.305462775140286e-18,13.609050171032656,13.609050171032656,
f79386adb7,180,97,9700,97.0,101.12547051284095,2.305462775140286e-18,13.609050171032656,13.609050171032656,
f79386adb7,180,98,9800,98.0,101.12547051284095,2.305462775140286e-18,13.609050171032656,13.609050171032656,
f79386adb7,180,99,9900,99.0,101.12547051284095,2.305462775140286e-18,13.609050171032656,13.609050171032656,
f79386adb7,180,100,10000,100.0,101.12547051284095,2.305462775140286e-18,13.609050171032656,13.609050171032656,
f79386adb7,180,101,10100,101.0,101.12547051284095,2.305462775140286e-18,13.609050171032656,13.609050171032656,
f79386adb7,180,102,10200,102.0,101.12547051284095,2.305462775140286e-18,13.609050171032656,13.609050171032656,
f79386adb7,180,103,10300,103.0,101.12547051284095,2.305462775140286e-18,13.609050171032656,13.609050171032656,
f79386adb7,180,104,10400,104.0,101.12547051284095,2.305462775140286e-18,13.609050171032656,13.609050171032656,
f79386adb7,180,105,10500,105.0,101.12547051284095,2.305462775140286e-18,13.609050171032656,13.609050171032656,
f79386adb7,180,106,10600,106.0,101.12547051284095,2.305462775140286e-18,13.609050171032656,13.609050171032656,
f79386adb7,180,107,10700,107.0,101.12547051284095,2.305462775140286e-18,13.609050171032656,13.609050171032656,
f79386adb7,180,108,10800,108.0,101.12547051284095,2.305462775140286e-18,13.609050171032656,13.609050171032656,
f79386adb7,180,109,10900,109.0,101.12547051284095,2.305462775140286e-18,13.609050171032656,13.609050171032656,
f79386adb7,180,110,11000,110.0,101.12547051284095,2.305462775140286e-18,13.609050171032656,13.609050171032656,
f79386adb7,180,111,11100,111.0,101.12547051284095,2.305462775140286e-18,13.609050171032656,13.609050171032656,
f79386adb7,180,112,11200,112.0,101.12547051284095,2.305462775140286e-18,13.609050171032656,13.609050171032656,
f79386adb7,180,113,11300,113.0,101.12547051284095,2.305462775140286e-18,13.609050171032656,13.609050171032656,
f79386adb7,180,114,11400,114.0,101.12547051284095,2.305462775140286e-18,13.609050171032656,13.609050171032656,
f79386adb7,180,115,11500,115.0,101.12547051284095,2.305462775140286e-18,13.609050171032656,13.609050171032656,
f79386adb7,180,116,11600,116.0,101.12547051284095,2.305462775140286e-18,13.609050171032656,13.609050171032656,
f79386adb7,180,117,11700,117.0,101.12547051284095,2.305462775140286e-18,13.609050171032656,13.609050171032656,
f79386adb7,180,118,11800,118.0,101.12547051284095,2.305462775140286e-18,13.609050171032656,13.609050171032656,
f79386adb7,180,119,11900,119.0,101.12547051284095,2.305462775140286e-18,13.609050171032656,13.609050171032656,
f79386adb7,180,120,12000,120.0,101.12547051284095,2.305462775140286e-18,13.609050171032656,13.609050171032656,
f79386adb7,180,121,12100,121.0,101.12547051284095,2.305462775140286e-18,13.609050171032656,13.609050171032656,
f79386adb7,180,122,12200,122.0,101.12547051284095,2.305462775140286e-18,13.609050171032656,13.609050171032656,
f79386adb7,180,123,12300,123.0,101.12547051284095,2.305462775140286e-18,13.609050171032656,13.609050171032656,
f79386adb7,180,124,12400,124.0,101.12547051284095,2.305462775140286e-18,13.609050171032656,13.609050171032656,
f79386adb7,180,125,12500,125.0,101.12547051284095,2.305462775140286e-18,13.609050171032656,13.609050171032656,
f79386adb7,180,126,12600,126.0,101.12547051284095,2.305462775140286e-18,13.609050171032656,13.609050171032656,
f79386adb7,180,127,12700,127.0,101.12547051284095,2.305462775140286e-18,13.609050171032656,13.609050171032656,
f79386adb7,180,128,12800,128.0,101.12547051284095,2.305462775140286e-18,13.609050171032656,13.609050171032656,
f79386adb7,180,129,12900,129.0,101.12547051284095,2.305462775140286e-18,13.609050171032656,13.609050171032656,
f79386adb7,180,130,13000,130.0,101.12547051284095,2.305462775140286e-18,13.609050171032656,13.609050171032656,
f79386adb7,180,131,13100,131.0,101.12547051284095,2.305462775140286e-18,13.609050171032656,13.609050171032656,
f79386adb7,180,132,13200,132.0,101.12547051284095,2.305462775140286e-18,13.609050171032656,13.609050171032656,
f79386adb7,180,133,13300,133.0,101.12547051284095,2.305462775140286e-18,13.609050171032656,13.609050171032656,
f79386adb7,180,134,13400,134.0,101.12547051284095,2.305462775140286e-18,13.609050171032656,13.609050171032656,
f79386adb7,180,135,13500,135.0,101.12547051284095,2.305462775140286e-18,13.609050171032656,13.609050171032656,
f79386adb7,180,136,13600,136.0,101.12547051284095,2.305462775140286e-18,13.609050171032656,13.609050171032656,
f79386adb7,180,137,13700,137.0,101.12547051284095,2.305462775140286e-18,13.609050171032656,13.609050171032656,
f79386adb7,180,138,13800,138.0,101.12547051284095,2.305462775140286e-18,13.609050171032656,13.609050171032656,
f79386adb7,180,139,13900,139.0,101.12547051284095,2.305462775140286e-18,13.609050171032656,13.609050171032656,
f79386adb7,180,140,14000,140.0,101.12547051284095,2.305462775140286e-18,13.609050171032656,13.609050171032656,
f79386adb7,180,141,14100,141.0,101.12547051284095,2.305462775140286e-18,13.609050171032656,13.609050171032656,
f79386adb7,180,142,14200,142.0,101.12547051284095,2.305462775140286e-18,13.609050171032656,13.609050171032656,
f79386adb7,180,143,14300,143.0,101.12547051284095,2.305462775140286e-18,13.609050171032656,13.609050171032656,
f79386adb7,180,144,14400,144.0,101.12547051284095,2.305462775140286e-18,13.609050171032656,13.609050171032656,
f79386adb7,180,145,14500,145.0,101.12547051284095,2.305462775140286e-18,13.609050171032656,13.609050171032656,
f79386adb7,180,146,14600,146.0,101.12547051284095,2.305462775140286e-18,13.609050171032656,13.609050171032656,
f79386adb7,180,147,14700,147.0,101.12547051284095,2.305462775140286e-18,13.609050171032656,13.609050171032656,
f79386adb7,180,148,14800,148.0,101.12547051284095,2.305462775140286e-18,13.609050171032656,13.609050171032656,
f79386adb7,180,149,14900,149.0,101.12547051284095,2.305462775140286e-18,13.609050171032656,13.609050171032656,
f79386adb7,180,150,15000,150.0,101.12547051284095,2.305462775140286e-18,13.609050171032656,13.609050171032656,
f79386adb7,180,151,15100,151.0,101.12547051284095,2.305462775140286e-18,13.609050171032656,13.609050171032656,
f79386adb7,180,152,15200,152.0,101.12547051284095,2.305462775140286e-18,13.609050171032656,13.609050171032656,
f79386adb7,180,153,15300,153.0,101.12547051284095,2.305462775140286e-18,13.609050171032656,13.609050171032656,
f79386adb7,180,154,15400,154.0,101.12547051284095,2.305462775140286e-18,13.609050171032656,13.609050171032656,
f79386adb7,180,155,15500,155.0,101.12547051284095,2.305462775140286e-18,13.609050171032656,13.609050171032656,
f79386adb7,180,156,15600,156.0,101.12547051284095,2.305462775140286e-18,13.609050171032656,13.609050171032656,
f79386adb7,180,157,15700,157.0,101.12547051284095,2.305462775140286e-18,13.609050171032656,13.609050171032656,
f79386adb7,180,158,15800,158.0,101.12547051284095,2.305462775140286e-18,13.609050171032656,13.609050171032656,
f79386adb7,180,159,15900,159.0,101.12547051284095,2.305462775140286e-18,13.609050171032656,13.609050171032656,
f79386adb7,180,160,16000,160.0,101.12547051284095,2.305462775140286e-18,13.609050171032656,13.609050171032656,
f79386adb7,180,161,16100,161.0,101.12547051284095,2.305462775140286e-18,13.609050171032656,13.609050171032656,
f79386adb7,180,162,16200,162.0,101.12547051284095,2.305462775140286e-18,13.609050171032656,13.609050171032656,
f79386adb7,180,163,16300,163.0,101.12547051284095,2.305462775140286e-18,13.609050171032656,13.609050171032656,
f79386adb7,180,164,16400,164.0,101.12547051284095,2.305462775140286e-18,13.609050171032656,13.609050171032656,
f79386adb7,180,165,16500,165.0,101.12547051284095,2.305462775140286e-18,13.609050171032656,13.609050171032656,
f79386adb7,180,166,16600,166.0,101.12547051284095,2.305462775140286e-18,13.609050171032656,13.609050171032656,
f79386adb7,180,167,16700,167.0,101.12547051284095,2.305462775140286e-18,13.609050171032656,13.609050171032656,
f79386adb7,180,168,16800,168.0,101.12547051284095,2.305462775140286e-18,13.609050171032656,13.609050171032656,
f79386adb7,180,169,16900,169.0,101.12547051284095,2.305462775140286e-18,13.609050171032656,13.609050171032656,
f79386adb7,180,170,17000,170.0,101.12547051284095,2.305462775140286e-18,13.609050171032656,13.609050171032656,
f79386adb7,180,171,17100,171.0,101.12547051284095,2.305462775140286e-18,13.609050171032656,13.609050171032656,
f79386adb7,180,172,17200,172.0,101.12547051284095,2.305462775140286e-18,13.609050171032656,13.609050171032656,
f79386adb7,180,173,17300,173.0,101.12547051284095,2.305462775140286e-18,13.609050171032656,13.609050171032656,
f79386adb7,180,174,17400,174.0,101.12547051284095,2.305462775140286e-18,13.609050171032656,13.609050171032656,
f79386adb7,180,175,17500,175.0,101.12547051284095,2.305462775140286e-18,13.609050171032656,13.609050171032656,
f79386adb7,180,176,17600,176.0,101.12547051284095,2.305462775140286e-18,13.609050171032656,13.609050171032656,
f79386adb7,180,177,17700,177.0,101.12547051284095,2.305462775140286e-18,13.609050171032656,13.609050171032656,
f79386adb7,180,178,17800,178.0,101.12547051284095,2.305462775140286e-18,13.609050171032656,13.609050171032656,
f79386adb7,180,179,17900,179.0,101.12547051284095,,13.609050171032656,13.609050171032656,
8faf8758eb,180,0,0,0.0,516651013610901.0,10.62620582411702,119640441474639.08,119640441474639.08,"ProjectedCommonDirectionsConfig(subspace_no_grads=1, subspace_frac_updates=0, subspace_frac_random=0.02, direction_str=sd, random_proj=True, random_proj_dim_frac=1, inner_use_full_grad=True, orth_P_k=True, beta=0.001, tau=0.5, c_const=inf, N_try=200, alpha_max=100, p_const=1)"
8faf8758eb,180,1,100,1.0,27414268571048.457,2.4477548085620664,27559269109336.145,27559269109336.145,
8faf8758eb,180,2,200,2.0,1454641724362.1814,0.5638422313673371,6348299157704.222,6348299157704.222,
8faf8758eb,180,3,300,3.0,77185446084.66751,0.12988149824534845,1462335667750.1829,1462335667750.1829,
8faf8758eb,180,4,400,4.0,4095574270.568932,0.02991830453272015,336850162862.78864,336850162862.78864,
8faf8758eb,180,5,500,5.0,217317337.08455366,0.006891704809423375,77593698029.16644,77593698029.16644,
8faf8758eb,180,6,600,6.0,11531275.776694506,0.001587509583916594,17873768926.434658,17873768926.434658,
8faf8758eb,180,7,700,7.0,611962.3441639532,0.0003656840721879005,4117236628.101885,4117236628.101885,
8faf8758eb,180,8,800,8.0,32567.388645239986,8.423561155573765e-05,948408672.034365,948408672.034365,
8faf8758eb,180,9,900,9.0,1823.8335165859467,1.940373889321191e-05,218466678.12265885,218466678.12265885,
8faf8758eb,180,10,1000,10.0,192.53491286269798,4.469666404492472e-06,50323969.8843568,50323969.8843568,
8faf8758eb,180,11,1100,11.0,105.97579101408637,1.029591146171726e-06,11592165.755607367,11592165.755607367,
8faf8758eb,180,12,1200,12.0,101.38283570816608,2.3716712430363436e-07,2670264.43159595,2670264.43159595,
8faf8758eb,180,13,1300,13.0,101.13912669376226,5.4631632108279224e-08,615097.4950137206,615097.4950137206,
8faf8758eb,180,14,1400,14.0,101.12619513093632,1.2584439077175914e-08,141688.18784659042,141688.18784659042,
8faf8758eb,180,15,1500,15.0,101.12550896328415,2.898835403609439e-09,32637.985108759683,32637.985108759683,
8faf8758eb,180,16,1600,16.0,101.12547255514366,6.677489647783949e-10,7518.184972382538,7518.184972382538,
8faf8758eb,180,17,1700,17.0,101.1254706229946,1.5381647041890082e-10,1731.8194971550165,1731.8194971550165,
8faf8758eb,180,18,1800,18.0,101.12547051947018,3.5431752118933034e-11,398.9260640997764,398.9260640997764,
8faf8758eb,180,19,1900,19.0,101.12547051444254,4.080865632523522e-12,91.89292470990998,91.89292470990998,
8faf8758eb,180,20,2000,20.0,101.1254705137904,1.5704404375072756e-12,35.363174845826606,35.363174845826606,
8faf8758eb,180,21,2100,21.0,101.12547051294969,1.4754660012712013e-16,13.608771857454734,13.608771857454734,
8faf8758eb,180,22,2200,22.0,101.1254705128026,1.4753676674083068e-16,13.60786488765343,13.60786488765343,
8faf8758eb,180,23,2300,23.0,101.12547051277366,1.8440905868182516e-17,13.606986841509265,13.606986841509265,
8faf8758eb,180,24,2400,24.0,101.12547051277366,1.8440905868182516e-17,13.606986841509265,13.606986841509265,
8faf8758eb,180,25,2500,25.0,101.12547051275575,1.844088854455562e-17,13.606974058928795,13.606974058928795,
8faf8758eb,180,26,2600,26.0,101.12547051275386,1.8440876927627203e-17,13.606965487148576,13.606965487148576,
8faf8758eb,180,27,2700,27.0,101.12547051275386,9.220438463813602e-18,13.606965487148576,13.606965487148576,
8faf8758eb,180,28,2800,28.0,101.12547051275386,9.220438463813602e-18,13.606965487148576,13.606965487148576,
8faf8758eb,180,29,2900,29.0,101.12547051275386,9.220438463813602e-18,13.606965487148576,13.606965487148576,
8faf8758eb,180,30,3000,30.0,101.12547051275386,9.220438463813602e-18,13.606965487148576,13.606965487148576,
8faf8758eb,180,31,3100,31.0,101.12547051275386,9.220438463813602e-18,13.606965487148576,13.606965487148576,
8faf8758eb,180,32,3200,32.0,101.12547051275386,9.220438463813602e-18,13.606965487148576,13.606965487148576,
8faf8758eb,180,33,3300,33.0,101.12547051275386,9.220438463813602e-18,13.606965487148576,13.606965487148576,
8faf8758eb,180,34,3400,34.0,101.12547051274059,9.220429326998142e-18,13.606952003588857,13.606952003588857,
8faf8758eb,180,35,3500,35.0,101.12547051274059,4.610214663499071e-18,13.606952003588857,13.606952003588857,
8faf8758eb,180,36,3600,36.0,101.1254705127319,4.610209857889522e-18,13.60693781993293,13.60693781993293,
8faf8758eb,180,37,3700,37.0,101.1254705127319,4.610209857889522e-18,13.60693781993293,13.60693781993293,
8faf8758eb,180,38,3800,38.0,101.1254705127319,4.610209857889522e-18,13.60693781993293,13.60693781993293,
8faf8758eb,180,39,3900,39.0,101.12547051272605,4.610207157060895e-18,13.606929848493827,13.606929848493827,
8faf8758eb,180,40,4000,40.0,101.12547051272605,4.610207157060894e-18,13.606929848493827,13.606929848493827,
8faf8758eb,180,41,4100,41.0,101.12547051272605,4.610207157060895e-18,13.606929848493827,13.606929848493827,
8faf8758eb,180,42,4200,42.0,101.12547051272605,4.610207157060894e-18,13.606929848493827,13.606929848493827,
8faf8758eb,180,43,4300,43.0,101.12547051272605,4.610207157060894e-18,13.606929848493827,13.606929848493827,
8faf8758eb,180,44,4400,44.0,101.12547051272605,4.610207157060894e-18,13.606929848493827,13.606929848493827,
8faf8758eb,180,45,4500,45.0,101.12547051272605,4.610207157060895e-18,13.606929848493827,13.606929848493827,
8faf8758eb,180,46,4600,46.0,101.12547051272605,4.610207157060895e-18,13.606929848493827,13.606929848493827,
8faf8758eb,180,47,4700,47.0,101.12547051272605,4.610207157060894e-18,13.606929848493827,13.606929848493827,
8faf8758eb,180,48,4800,48.0,101.12547051272605,4.610207157060894e-18,13.606929848493827,13.606929848493827,
8faf8758eb,180,49,4900,49.0,101.12547051272605,4.610207157060894e-18,13.606929848493827,13.606929848493827,
8faf8758eb,180,50,5000,50.0,101.12547051272605,4.610207157060895e-18,13.606929848493827,13.606929848493827,
8faf8758eb,180,51,5100,51.0,101.12547051272605,4.610207157060895e-18,13.606929848493827,13.606929848493827,
8faf8758eb,180,52,5200,52.0,101.12547051272605,4.610207157060895e-18,13.606929848493827,13.606929848493827,
8faf8758eb,180,53,5300,53.0,101.12547051272605,4.610207157060895e-18,13.606929848493827,13.606929848493827,
8faf8758eb,180,54,5400,54.0,101.12547051272605,4.610207157060894e-18,13.606929848493827,13.606929848493827,
8faf8758eb,180,55,5500,55.0,101.12547051272605,4.610207157060895e-18,13.606929848493827,13.606929848493827,
8faf8758eb,180,56,5600,56.0,101.12547051272605,4.610207157060895e-18,13.606929848493827,13.606929848493827,
8faf8758eb,180,57,5700,57.0,101.12547051270813,4.610202826072586e-18,13.606917065672562,13.606917065672562,
8faf8758eb,180,58,5800,58.0,101.12547051270813,4.610202826072586e-18,13.606917065672562,13.606917065672562,
8faf8758eb,180,59,5900,59.0,101.12547051270813,2.305101413036293e-18,13.606917065672562,13.606917065672562,
8faf8758eb,180,60,6000,60.0,101.12547051270813,2.305101413036293e-18,13.606917065672562,13.606917065672562,
8faf8758eb,180,61,6100,61.0,101.12547051270813,2.305101413036293e-18,13.606917065672562,13.606917065672562,
8faf8758eb,180,62,6200,62.0,101.12547051270813,2.305101413036293e-18,13.606917065672562,13.606917065672562,
8faf8758eb,180,63,6300,63.0,101.12547051270813,2.305101413036293e-18,13.606917065672562,13.606917065672562,
8faf8758eb,180,64,6400,64.0,101.12547051270813,2.305101413036293e-18,13.606917065672562,13.606917065672562,
8faf8758eb,180,65,6500,65.0,101.12547051270813,2.305101413036293e-18,13.606917065672562,13.606917065672562,
8faf8758eb,180,66,6600,66.0,101.12547051270813,2.305101413036293e-18,13.606917065672562,13.606917065672562,
8faf8758eb,180,67,6700,67.0,101.12547051270813,2.305101413036293e-18,13.606917065672562,13.606917065672562,
8faf8758eb,180,68,6800,68.0,101.12547051270813,2.305101413036293e-18,13.606917065672562,13.606917065672562,
8faf8758eb,180,69,6900,69.0,101.12547051270813,2.305101413036293e-18,13.606917065672562,13.606917065672562,
8faf8758eb,180,70,7000,70.0,101.12547051270813,2.305101413036293e-18,13.606917065672562,13.606917065672562,
8faf8758eb,180,71,7100,71.0,101.12547051270813,2.305101413036293e-18,13.606917065672562,13.606917065672562,
8faf8758eb,180,72,7200,72.0,101.12547051270813,2.305101413036293e-18,13.606917065672562,13.606917065672562,
8faf8758eb,180,73,7300,73.0,101.12547051270813,2.305101413036293e-18,13.606917065672562,13.606917065672562,
8faf8758eb,180,74,7400,74.0,101.12547051270813,2.305101413036293e-18,13.606917065672562,13.606917065672562,
8faf8758eb,180,75,7500,75.0,101.12547051270813,2.305101413036293e-18,13.606917065672562,13.606917065672562,
8faf8758eb,180,76,7600,76.0,101.12547051270813,2.305101413036293e-18,13.606917065672562,13.606917065672562,
8faf8758eb,180,77,7700,77.0,101.12547051270813,2.305101413036293e-18,13.606917065672562,13.606917065672562,
8faf8758eb,180,78,7800,78.0,101.12547051270813,2.305101413036293e-18,13.606917065672562,13.606917065672562,
8faf8758eb,180,79,7900,79.0,101.12547051270813,2.305101413036293e-18,13.606917065672562,13.606917065672562,
8faf8758eb,180,80,8000,80.0,101.12547051270813,2.305101413036293e-18,13.606917065672562,13.606917065672562,
8faf8758eb,180,81,8100,81.0,101.12547051270813,2.305101413036293e-18,13.606917065672562,13.606917065672562,
8faf8758eb,180,82,8200,82.0,101.12547051270813,2.305101413036293e-18,13.606917065672562,13.606917065672562,
8faf8758eb,180,83,8300,83.0,101.12547051270813,2.305101413036293e-18,13.606917065672562,13.606917065672562,
8faf8758eb,180,84,8400,84.0,101.12547051270813,2.305101413036293e-18,13.606917065672562,13.606917065672562,
8faf8758eb,180,85,8500,85.0,101.12547051270813,2.305101413036293e-18,13.606917065672562,13.606917065672562,
8faf8758eb,180,86,8600,86.0,101.12547051270813,2.305101413036293e-18,13.606917065672562,13.606917065672562,
8faf8758eb,180,87,8700,87.0,101.12547051270813,2.305101413036293e-18,13.606917065672562,13.606917065672562,
8faf8758eb,180,88,8800,88.0,101.12547051270813,2.305101413036293e-18,13.606917065672562,13.606917065672562,
8faf8758eb,180,89,8900,89.0,101.12547051270813,2.305101413036293e-18,13.606917065672562,13.606917065672562,
8faf8758eb,180,90,9000,90.0,101.12547051270813,2.305101413036293e-18,13.606917065672562,13.606917065672562,
8faf8758eb,180,91,9100,91.0,101.12547051270813,2.305101413036293e-18,13.606917065672562,13.606917065672562,
8faf8758eb,180,92,9200,92.0,101.12547051270813,2.305101413036293e-18,13.606917065672562,13.606917065672562,
8faf8758eb,180,93,9300,93.0,101.12547051270813,2.305101413036293e-18,13.606917065672562,13.606917065672562,
8faf8758eb,180,94,9400,94.0,101.12547051270813,2.305101413036293e-18,13.606917065672562,13.606917065672562,
8faf8758eb,180,95,9500,95.0,101.12547051270813,2.305101413036293e-18,13.606917065672562,13.606917065672562,
8faf8758eb,180,96,9600,96.0,101.12547051270813,2.305101413036293e-18,13.606917065672562,13.606917065672562,
8faf8758eb,180,97,9700,97.0,101.12547051270813,2.305101413036293e-18,13.606917065672562,13.606917065672562,
8faf8758eb,180,98,9800,98.0,101.12547051270813,2.305101413036293e-18,13.606917065672562,13.606917065672562,
8faf8758eb,180,99,9900,99.0,101.12547051270813,2.305101413036293e-18,13.606917065672562,13.606917065672562,
8faf8758eb,180,100,10000,100.0,101.12547051270813,2.305101413036293e-18,13.606917065672562,13.606917065672562,
8faf8758eb,180,101,10100,101.0,101.12547051270813,2.305101413036293e-18,13.606917065672562,13.606917065672562,
8faf8758eb,180,102,10200,102.0,101.12547051270813,2.305101413036293e-18,13.606917065672562,13.606917065672562,
8faf8758eb,180,103,10300,103.0,101.12547051270813,2.305101413036293e-18,13.606917065672562,13.606917065672562,
8faf8758eb,180,104,10400,104.0,101.12547051270813,2.305101413036293e-18,13.606917065672562,13.606917065672562,
8faf8758eb,180,105,10500,105.0,101.12547051270813,2.305101413036293e-18,13.606917065672562,13.606917065672562,
8faf8758eb,180,106,10600,106.0,101.12547051270813,2.305101413036293e-18,13.606917065672562,13.606917065672562,
8faf8758eb,180,107,10700,107.0,101.12547051270813,2.305101413036293e-18,13.606917065672562,13.606917065672562,
8faf8758eb,180,108,10800,108.0,101.12547051270813,2.305101413036293e-18,13.606917065672562,13.606917065672562,
8faf8758eb,180,109,10900,109.0,101.12547051270813,2.305101413036293e-18,13.606917065672562,13.606917065672562,
8faf8758eb,180,110,11000,110.0,101.12547051270813,2.305101413036293e-18,13.606917065672562,13.606917065672562,
8faf8758eb,180,111,11100,111.0,101.12547051270813,2.305101413036293e-18,13.606917065672562,13.606917065672562,
8faf8758eb,180,112,11200,112.0,101.12547051270813,2.305101413036293e-18,13.606917065672562,13.606917065672562,
8faf8758eb,180,113,11300,113.0,101.12547051270813,2.305101413036293e-18,13.606917065672562,13.606917065672562,
8faf8758eb,180,114,11400,114.0,101.12547051270813,2.305101413036293e-18,13.606917065672562,13.606917065672562,
8faf8758eb,180,115,11500,115.0,101.12547051270813,2.305101413036293e-18,13.606917065672562,13.606917065672562,
8faf8758eb,180,116,11600,116.0,101.12547051270813,2.305101413036293e-18,13.606917065672562,13.606917065672562,
8faf8758eb,180,117,11700,117.0,101.12547051270813,2.305101413036293e-18,13.606917065672562,13.606917065672562,
8faf8758eb,180,118,11800,118.0,101.12547051270813,2.305101413036293e-18,13.606917065672562,13.606917065672562,
8faf8758eb,180,119,11900,119.0,101.12547051270813,2.305101413036293e-18,13.606917065672562,13.606917065672562,
8faf8758eb,180,120,12000,120.0,101.12547051270813,2.305101413036293e-18,13.606917065672562,13.606917065672562,
8faf8758eb,180,121,12100,121.0,101.12547051270813,2.305101413036293e-18,13.606917065672562,13.606917065672562,
8faf8758eb,180,122,12200,122.0,101.12547051270813,2.305101413036293e-18,13.606917065672562,13.606917065672562,
8faf8758eb,180,123,12300,123.0,101.12547051270813,2.305101413036293e-18,13.606917065672562,13.606917065672562,
8faf8758eb,180,124,12400,124.0,101.12547051270813,2.305101413036293e-18,13.606917065672562,13.606917065672562,
8faf8758eb,180,125,12500,125.0,101.12547051270813,2.305101413036293e-18,13.606917065672562,13.606917065672562,
8faf8758eb,180,126,12600,126.0,101.12547051270813,2.305101413036293e-18,13.606917065672562,13.606917065672562,
8faf8758eb,180,127,12700,127.0,101.12547051270813,2.305101413036293e-18,13.606917065672562,13.606917065672562,
8faf8758eb,180,128,12800,128.0,101.12547051270813,2.305101413036293e-18,13.606917065672562,13.606917065672562,
8faf8758eb,180,129,12900,129.0,101.12547051270813,2.305101413036293e-18,13.606917065672562,13.606917065672562,
8faf8758eb,180,130,13000,130.0,101.12547051270813,2.305101413036293e-18,13.606917065672562,13.606917065672562,
8faf8758eb,180,131,13100,131.0,101.12547051270813,2.305101413036293e-18,13.606917065672562,13.606917065672562,
8faf8758eb,180,132,13200,132.0,101.12547051270813,2.305101413036293e-18,13.606917065672562,13.606917065672562,
8faf8758eb,180,133,13300,133.0,101.12547051270813,2.305101413036293e-18,13.606917065672562,13.606917065672562,
8faf8758eb,180,134,13400,134.0,101.12547051270813,2.305101413036293e-18,13.606917065672562,13.606917065672562,
8faf8758eb,180,135,13500,135.0,101.12547051270813,2.305101413036293e-18,13.606917065672562,13.606917065672562,
8faf8758eb,180,136,13600,136.0,101.12547051270813,2.305101413036293e-18,13.606917065672562,13.606917065672562,
8faf8758eb,180,137,13700,137.0,101.12547051270813,2.305101413036293e-18,13.606917065672562,13.606917065672562,
8faf8758eb,180,138,13800,138.0,101.12547051270813,2.305101413036293e-18,13.606917065672562,13.606917065672562,
8faf8758eb,180,139,13900,139.0,101.12547051270813,2.305101413036293e-18,13.606917065672562,13.606917065672562,
8faf8758eb,180,140,14000,140.0,101.12547051270813,2.305101413036293e-18,13.606917065672562,13.606917065672562,
8faf8758eb,180,141,14100,141.0,101.12547051270813,2.305101413036293e-18,13.606917065672562,13.606917065672562,
8faf8758eb,180,142,14200,142.0,101.12547051270813,2.305101413036293e-18,13.606917065672562,13.606917065672562,
8faf8758eb,180,143,14300,143.0,101.12547051270813,2.305101413036293e-18,13.606917065672562,13.606917065672562,
8faf8758eb,180,144,14400,144.0,101.12547051270813,2.305101413036293e-18,13.606917065672562,13.606917065672562,
8faf8758eb,180,145,14500,145.0,101.12547051270813,2.305101413036293e-18,13.606917065672562,13.606917065672562,
8faf8758eb,180,146,14600,146.0,101.12547051270813,2.305101413036293e-18,13.606917065672562,13.606917065672562,
8faf8758eb,180,147,14700,147.0,101.12547051270813,2.305101413036293e-18,13.606917065672562,13.606917065672562,
8faf8758eb,180,148,14800,148.0,101.12547051270813,2.305101413036293e-18,13.606917065672562,13.606917065672562,
8faf8758eb,180,149,14900,149.0,101.12547051270813,2.305101413036293e-18,13.606917065672562,13.606917065672562,
8faf8758eb,180,150,15000,150.0,101.12547051270813,2.305101413036293e-18,13.606917065672562,13.606917065672562,
8faf8758eb,180,151,15100,151.0,101.12547051270813,2.305101413036293e-18,13.606917065672562,13.606917065672562,
8faf8758eb,180,152,15200,152.0,101.12547051270813,2.305101413036293e-18,13.606917065672562,13.606917065672562,
8faf8758eb,180,153,15300,153.0,101.12547051270813,2.305101413036293e-18,13.606917065672562,13.606917065672562,
8faf8758eb,180,154,15400,154.0,101.12547051270813,2.305101413036293e-18,13.606917065672562,13.606917065672562,
8faf8758eb,180,155,15500,155.0,101.12547051270813,2.305101413036293e-18,13.606917065672562,13.606917065672562,
8faf8758eb,180,156,15600,156.0,101.12547051270813,2.305101413036293e-18,13.606917065672562,13.606917065672562,
8faf8758eb,180,157,15700,157.0,101.12547051270813,2.305101413036293e-18,13.606917065672562,13.606917065672562,
8faf8758eb,180,158,15800,158.0,101.12547051270813,2.305101413036293e-18,13.606917065672562,13.606917065672562,
8faf8758eb,180,159,15900,159.0,101.12547051270813,2.305101413036293e-18,13.606917065672562,13.606917065672562,
8faf8758eb,180,160,16000,160.0,101.12547051270813,2.305101413036293e-18,13.606917065672562,13.606917065672562,
8faf8758eb,180,161,16100,161.0,101.12547051270813,2.305101413036293e-18,13.606917065672562,13.606917065672562,
8faf8758eb,180,162,16200,162.0,101.12547051270813,2.305101413036293e-18,13.606917065672562,13.606917065672562,
8faf8758eb,180,163,16300,163.0,101.12547051270813,2.305101413036293e-18,13.606917065672562,13.606917065672562,
8faf8758eb,180,164,16400,164.0,101.12547051270813,2.305101413036293e-18,13.606917065672562,13.606917065672562,
8faf8758eb,180,165,16500,165.0,101.12547051270813,2.305101413036293e-18,13.606917065672562,13.606917065672562,
8faf8758eb,180,166,16600,166.0,101.12547051270813,2.305101413036293e-18,13.606917065672562,13.606917065672562,
8faf8758eb,180,167,16700,167.0,101.12547051270813,2.305101413036293e-18,13.606917065672562,13.606917065672562,
8faf8758eb,180,168,16800,168.0,101.12547051270813,2.305101413036293e-18,13.606917065672562,13.606917065672562,
8faf8758eb,180,169,16900,169.0,101.12547051270813,2.305101413036293e-18,13.606917065672562,13.606917065672562,
8faf8758eb,180,170,17000,170.0,101.12547051270813,2.305101413036293e-18,13.606917065672562,13.606917065672562,
8faf8758eb,180,171,17100,171.0,101.12547051270813,2.305101413036293e-18,13.606917065672562,13.606917065672562,
8faf8758eb,180,172,17200,172.0,101.12547051270813,2.305101413036293e-18,13.606917065672562,13.606917065672562,
8faf8758eb,180,173,17300,173.0,101.12547051270813,2.305101413036293e-18,13.606917065672562,13.606917065672562,
8faf8758eb,180,174,17400,174.0,101.12547051270813,2.305101413036293e-18,13.606917065672562,13.606917065672562,
8faf8758eb,180,175,17500,175.0,101.12547051270813,2.305101413036293e-18,13.606917065672562,13.606917065672562,
8faf8758eb,180,176,17600,176.0,101.12547051270813,2.305101413036293e-18,13.606917065672562,13.606917065672562,
8faf8758eb,180,177,17700,177.0,101.12547051270813,2.305101413036293e-18,13.606917065672562,13.606917065672562,
8faf8758eb,180,178,17800,178.0,101.12547051270813,2.305101413036293e-18,13.606917065672562,13.606917065672562,
8faf8758eb,180,179,17900,179.0,101.12547051270813,,13.606917065672562,13.606917065672562,
e7907100d2,180,0,0,0.0,516651013610901.0,10.62620582411702,119640441474639.08,119640441474639.08,"ProjectedCommonDirectionsConfig(subspace_no_grads=1, subspace_frac_updates=0, subspace_frac_random=0.02, direction_str=sd, random_proj=True, random_proj_dim_frac=1, inner_use_full_grad=True, orth_P_k=True, beta=0.001, tau=0.5, c_const=inf, N_try=200, alpha_max=100, p_const=1)"
e7907100d2,180,1,100,1.0,27414268571048.457,2.447754808562066,27559269109336.145,27559269109336.145,
e7907100d2,180,2,200,2.0,1454641724362.176,0.5638422313673361,6348299157704.21,6348299157704.21,
e7907100d2,180,3,300,3.0,77185446084.66727,0.12988149824534817,1462335667750.1804,1462335667750.1804,
e7907100d2,180,4,400,4.0,4095574270.5689063,0.02991830453272005,336850162862.78754,336850162862.78754,
e7907100d2,180,5,500,5.0,217317337.08455104,0.006891704809423331,77593698029.16599,77593698029.16599,
e7907100d2,180,6,600,6.0,11531275.776694544,0.0015875095839165965,17873768926.434692,17873768926.434692,
e7907100d2,180,7,700,7.0,611962.3441640108,0.0003656840721879178,4117236628.102081,4117236628.102081,
e7907100d2,180,8,800,8.0,32567.388645265735,8.423561155577174e-05,948408672.0347484,948408672.0347484,
e7907100d2,180,9,900,9.0,1823.8335165942804,1.9403738893260674e-05,218466678.12320805,218466678.12320805,
e7907100d2,180,10,1000,10.0,192.5349128656272,4.469666404550624e-06,50323969.88501155,50323969.88501155,
e7907100d2,180,11,1100,11.0,105.9757910140362,1.0295911462629247e-06,11592165.75663417,11592165.75663417,
e7907100d2,180,12,1200,12.0,101.38283570908787,2.3716712448776463e-07,2670264.433669072,2670264.433669072,
e7907100d2,180,13,1300,13.0,101.1391266941205,5.463163229255844e-08,615097.4970885206,615097.4970885206,
e7907100d2,180,14,1400,14.0,101.12619513144247,1.258443915720175e-08,141688.1887476012,141688.1887476012,
e7907100d2,180,15,1500,15.0,101.1255089635777,2.898835387887419e-09,32637.984931745472,32637.984931745472,
e7907100d2,180,16,1600,16.0,101.12547255484982,6.677488980357986e-10,7518.184220927701,7518.184220927701,
e7907100d2,180,17,1700,17.0,101.12547062357207,1.5381638235140595e-10,1731.8185056031741,1731.8185056031741,
e7907100d2,180,18,1800,18.0,101.12547051981933,3.543177601885297e-11,398.9263331889527,398.9263331889527,
e7907100d2,180,19,1900,19.0,101.12547051463204,4.080891479082892e-12,91.8935067226857,91.8935067226857,
e7907100d2,180,20,2000,20.0,101.12547051324015,1.1981476412153143e-17,35.36307664002829,35.36307664002829,
e7907100d2,180,21,2100,21.0,101.12547051324015,2.3962952824306287e-17,35.36307664002829,35.36307664002829,
e7907100d2,180,22,2200,22.0,101.12547051323766,2.396294107198242e-17,35.36305929665943,35.36305929665943,
e7907100d2,180,23,2300,23.0,101.12547051323766,5.990735267995605e-18,35.36305929665943,35.36305929665943,
e7907100d2,180,24,2400,24.0,101.12547051323766,5.990735267995606e-18,35.36305929665943,35.36305929665943,
e7907100d2,180,25,2500,25.0,101.12547051323766,5.990735267995606e-18,35.36305929665943,35.36305929665943,
e7907100d2,180,26,2600,26.0,101.12547051323766,5.990735267995606e-18,35.36305929665943,35.36305929665943,
e7907100d2,180,27,2700,27.0,101.12547051323766,5.990735267995606e-18,35.36305929665943,35.36305929665943,
e7907100d2,180,28,2800,28.0,101.12547051323766,4.792588214396485e-17,35.36305929665943,35.36305929665943,
e7907100d2,180,29,2900,29.0,101.12547051322686,5.990730292727571e-18,35.36302992786067,35.36302992786067,
e7907100d2,180,30,3000,30.0,101.12547051322686,5.990730292727571e-18,35.36302992786067,35.36302992786067,
e7907100d2,180,31,3100,31.0,101.12547051322686,5.990730292727572e-18,35.36302992786067,35.36302992786067,
e7907100d2,180,32,3200,32.0,101.12547051322686,5.990730292727572e-18,35.36302992786067,35.36302992786067,
e7907100d2,180,33,3300,33.0,101.12547051322686,5.990730292727572e-18,35.36302992786067,35.36302992786067,
e7907100d2,180,34,3400,34.0,101.12547051322686,5.990730292727572e-18,35.36302992786067,35.36302992786067,
e7907100d2,180,35,3500,35.0,101.12547051322686,5.990730292727572e-18,35.36302992786067,35.36302992786067,
e7907100d2,180,36,3600,36.0,101.12547051322686,5.990730292727572e-18,35.36302992786067,35.36302992786067,
e7907100d2,180,37,3700,37.0,101.12547051322686,5.990730292727572e-18,35.36302992786067,35.36302992786067,
e7907100d2,180,38,3800,38.0,101.12547051322686,5.990730292727572e-18,35.36302992786067,35.36302992786067,
e7907100d2,180,39,3900,39.0,101.12547051322686,5.990730292727572e-18,35.36302992786067,35.36302992786067,
e7907100d2,180,40,4000,40.0,101.12547051322686,5.990730292727572e-18,35.36302992786067,35.36302992786067,
e7907100d2,180,41,4100,41.0,101.12547051322584,5.990728817973891e-18,35.363021222451515,35.363021222451515,
e7907100d2,180,42,4200,42.0,101.12547051322584,5.990728817973891e-18,35.363021222451515,35.363021222451515,
e7907100d2,180,43,4300,43.0,101.12547051322584,5.990728817973891e-18,35.363021222451515,35.363021222451515,
e7907100d2,180,44,4400,44.0,101.12547051322584,5.990728817973891e-18,35.363021222451515,35.363021222451515,
e7907100d2,180,45,4500,45.0,101.12547051322584,5.990728817973891e-18,35.363021222451515,35.363021222451515,
e7907100d2,180,46,4600,46.0,101.12547051322584,5.990728817973891e-18,35.363021222451515,35.363021222451515,
e7907100d2,180,47,4700,47.0,101.12547051322584,5.990728817973891e-18,35.363021222451515,35.363021222451515,
e7907100d2,180,48,4800,48.0,101.12547051322584,2.9953644089869456e-18,35.363021222451515,35.363021222451515,
e7907100d2,180,49,4900,49.0,101.12547051322584,2.9953644089869456e-18,35.363021222451515,35.363021222451515,
e7907100d2,180,50,5000,50.0,101.12547051322584,2.9953644089869456e-18,35.363021222451515,35.363021222451515,
e7907100d2,180,51,5100,51.0,101.12547051322584,2.995364408986946e-18,35.363021222451515,35.363021222451515,
e7907100d2,180,52,5200,52.0,101.12547051322584,2.9953644089869456e-18,35.363021222451515,35.363021222451515,
e7907100d2,180,53,5300,53.0,101.12547051322584,2.995364408986946e-18,35.363021222451515,35.363021222451515,
e7907100d2,180,54,5400,54.0,101.12547051322584,2.9953644089869456e-18,35.363021222451515,35.363021222451515,
e7907100d2,180,55,5500,55.0,101.12547051322584,2.9953644089869456e-18,35.363021222451515,35.363021222451515,
e7907100d2,180,56,5600,56.0,101.12547051322584,2.9953644089869456e-18,35.363021222451515,35.363021222451515,
e7907100d2,180,57,5700,57.0,101.12547051322584,2.9953644089869456e-18,35.363021222451515,35.363021222451515,
e7907100d2,180,58,5800,58.0,101.12547051322584,2.9953644089869456e-18,35.363021222451515,35.363021222451515,
e7907100d2,180,59,5900,59.0,101.12547051322584,2.9953644089869456e-18,35.363021222451515,35.363021222451515,
e7907100d2,180,60,6000,60.0,101.12547051322584,2.9953644089869456e-18,35.363021222451515,35.363021222451515,
e7907100d2,180,61,6100,61.0,101.12547051322584,2.9953644089869456e-18,35.363021222451515,35.363021222451515,
e7907100d2,180,62,6200,62.0,101.12547051322584,2.9953644089869456e-18,35.363021222451515,35.363021222451515,
e7907100d2,180,63,6300,63.0,101.12547051322584,2.9953644089869456e-18,35.363021222451515,35.363021222451515,
e7907100d2,180,64,6400,64.0,101.12547051322584,2.9953644089869456e-18,35.363021222451515,35.363021222451515,
e7907100d2,180,65,6500,65.0,101.12547051322584,2.9953644089869456e-18,35.363021222451515,35.363021222451515,
e7907100d2,180,66,6600,66.0,101.12547051322584,2.9953644089869456e-18,35.363021222451515,35.363021222451515,
e7907100d2,180,67,6700,67.0,101.12547051322584,2.995364408986945e-18,35.363021222451515,35.363021222451515,
e7907100d2,180,68,6800,68.0,101.12547051322584,2.9953644089869456e-18,35.363021222451515,35.363021222451515,
e7907100d2,180,69,6900,69.0,101.12547051322584,2.9953644089869456e-18,35.363021222451515,35.363021222451515,
e7907100d2,180,70,7000,70.0,101.12547051322584,2.9953644089869456e-18,35.363021222451515,35.363021222451515,
e7907100d2,180,71,7100,71.0,101.12547051322584,2.9953644089869456e-18,35.363021222451515,35.363021222451515,
e7907100d2,180,72,7200,72.0,101.12547051322584,2.9953644089869456e-18,35.363021222451515,35.363021222451515,
e7907100d2,180,73,7300,73.0,101.12547051322584,2.995364408986946e-18,35.363021222451515,35.363021222451515,
e7907100d2,180,74,7400,74.0,101.12547051322584,2.9953644089869456e-18,35.363021222451515,35.363021222451515,
e7907100d2,180,75,7500,75.0,101.12547051322584,2.9953644089869456e-18,35.363021222451515,35.363021222451515,
e7907100d2,180,76,7600,76.0,101.12547051322584,2.9953644089869456e-18,35.363021222451515,35.363021222451515,
e7907100d2,180,77,7700,77.0,101.12547051322584,2.9953644089869456e-18,35.363021222451515,35.363021222451515,
e7907100d2,180,78,7800,78.0,101.12547051322584,2.9953644089869456e-18,35.363021222451515,35.363021222451515,
e7907100d2,180,79,7900,79.0,101.12547051322584,2.9953644089869456e-18,35.363021222451515,35.363021222451515,
e7907100d2,180,80,8000,80.0,101.12547051322584,2.9953644089869456e-18,35.363021222451515,35.363021222451515,
e7907100d2,180,81,8100,81.0,101.12547051322584,2.9953644089869456e-18,35.363021222451515,35.363021222451515,
e7907100d2,180,82,8200,82.0,101.12547051322584,2.9953644089869456e-18,35.363021222451515,35.363021222451515,
e7907100d2,180,83,8300,83.0,101.12547051322584,2.9953644089869456e-18,35.363021222451515,35.363021222451515,
e7907100d2,180,84,8400,84.0,101.12547051322584,2.9953644089869456e-18,35.363021222451515,35.363021222451515,
e7907100d2,180,85,8500,85.0,101.12547051322584,2.995364408986946e-18,35.363021222451515,35.363021222451515,
e7907100d2,180,86,8600,86.0,101.12547051322584,2.9953644089869456e-18,35.363021222451515,35.363021222451515,
e7907100d2,180,87,8700,87.0,101.12547051322584,2.9953644089869456e-18,35.363021222451515,35.363021222451515,
e7907100d2,180,88,8800,88.0,101.12547051322584,2.9953644089869456e-18,35.363021222451515,35.363021222451515,
e7907100d2,180,89,8900,89.0,101.12547051322584,2.9953644089869456e-18,35.363021222451515,35.363021222451515,
e7907100d2,180,90,9000,90.0,101.12547051322584,2.995364408986946e-18,35.363021222451515,35.363021222451515,
e7907100d2,180,91,9100,91.0,101.12547051322584,2.9953644089869456e-18,35.363021222451515,35.363021222451515,
e7907100d2,180,92,9200,92.0,101.12547051322584,2.9953644089869456e-18,35.363021222451515,35.363021222451515,
e7907100d2,180,93,9300,93.0,101.12547051322584,2.995364408986946e-18,35.363021222451515,35.363021222451515,
e7907100d2,180,94,9400,94.0,101.12547051322584,2.9953644089869456e-18,35.363021222451515,35.363021222451515,
e7907100d2,180,95,9500,95.0,101.12547051322584,2.9953644089869456e-18,35.363021222451515,35.363021222451515,
e7907100d2,180,96,9600,96.0,101.12547051322584,2.9953644089869456e-18,35.363021222451515,35.363021222451515,
e7907100d2,180,97,9700,97.0,101.12547051322584,2.9953644089869456e-18,35.363021222451515,35.363021222451515,
e7907100d2,180,98,9800,98.0,101.12547051322584,2.9953644089869456e-18,35.363021222451515,35.363021222451515,
e7907100d2,180,99,9900,99.0,101.12547051322584,2.9953644089869456e-18,35.363021222451515,35.363021222451515,
e7907100d2,180,100,10000,100.0,101.12547051322584,2.995364408986946e-18,35.363021222451515,35.363021222451515,
e7907100d2,180,101,10100,101.0,101.12547051322584,2.9953644089869456e-18,35.363021222451515,35.363021222451515,
e7907100d2,180,102,10200,102.0,101.12547051322584,2.9953644089869456e-18,35.363021222451515,35.363021222451515,
e7907100d2,180,103,10300,103.0,101.12547051322584,2.9953644089869456e-18,35.363021222451515,35.363021222451515,
e7907100d2,180,104,10400,104.0,101.12547051322584,2.9953644089869456e-18,35.363021222451515,35.363021222451515,
e7907100d2,180,105,10500,105.0,101.12547051322584,2.9953644089869456e-18,35.363021222451515,35.363021222451515,
e7907100d2,180,106,10600,106.0,101.12547051322584,2.9953644089869456e-18,35.363021222451515,35.363021222451515,
e7907100d2,180,107,10700,107.0,101.12547051322584,2.9953644089869456e-18,35.363021222451515,35.363021222451515,
e7907100d2,180,108,10800,108.0,101.12547051322584,2.9953644089869456e-18,35.363021222451515,35.363021222451515,
e7907100d2,180,109,10900,109.0,101.12547051322584,2.9953644089869456e-18,35.363021222451515,35.363021222451515,
e7907100d2,180,110,11000,110.0,101.12547051322584,2.9953644089869456e-18,35.363021222451515,35.363021222451515,
e7907100d2,180,111,11100,111.0,101.12547051322584,2.995364408986946e-18,35.363021222451515,35.363021222451515,
e7907100d2,180,112,11200,112.0,101.12547051322584,2.9953644089869456e-18,35.363021222451515,35.363021222451515,
e7907100d2,180,113,11300,113.0,101.12547051322584,2.9953644089869456e-18,35.363021222451515,35.363021222451515,
e7907100d2,180,114,11400,114.0,101.12547051322584,2.9953644089869456e-18,35.363021222451515,35.363021222451515,
e7907100d2,180,115,11500,115.0,101.12547051322584,2.9953644089869456e-18,35.363021222451515,35.363021222451515,
e7907100d2,180,116,11600,116.0,101.12547051322584,2.995364408986946e-18,35.363021222451515,35.363021222451515,
e7907100d2,180,117,11700,117.0,101.12547051322584,2.9953644089869456e-18,35.363021222451515,35.363021222451515,
e7907100d2,180,118,11800,118.0,101.12547051322584,2.9953644089869456e-18,35.363021222451515,35.363021222451515,
e7907100d2,180,119,11900,119.0,101.12547051322584,2.9953644089869456e-18,35.363021222451515,35.363021222451515,
e7907100d2,180,120,12000,120.0,101.12547051322584,2.995364408986946e-18,35.363021222451515,35.363021222451515,
e7907100d2,180,121,12100,121.0,101.12547051322584,2.9953644089869456e-18,35.363021222451515,35.363021222451515,
e7907100d2,180,122,12200,122.0,101.12547051322584,2.9953644089869456e-18,35.363021222451515,35.363021222451515,
e7907100d2,180,123,12300,123.0,101.12547051322584,2.9953644089869456e-18,35.363021222451515,35.363021222451515,
e7907100d2,180,124,12400,124.0,101.12547051322584,2.995364408986946e-18,35.363021222451515,35.363021222451515,
e7907100d2,180,125,12500,125.0,101.12547051322584,2.9953644089869456e-18,35.363021222451515,35.363021222451515,
e7907100d2,180,126,12600,126.0,101.12547051322584,2.9953644089869456e-18,35.363021222451515,35.363021222451515,
e7907100d2,180,127,12700,127.0,101.12547051322584,2.9953644089869456e-18,35.363021222451515,35.363021222451515,
e7907100d2,180,128,12800,128.0,101.12547051322584,2.9953644089869456e-18,35.363021222451515,35.363021222451515,
e7907100d2,180,129,12900,129.0,101.12547051322584,2.9953644089869456e-18,35.363021222451515,35.363021222451515,
e7907100d2,180,130,13000,130.0,101.12547051322584,2.9953644089869456e-18,35.363021222451515,35.363021222451515,
e7907100d2,180,131,13100,131.0,101.12547051322584,2.995364408986946e-18,35.363021222451515,35.363021222451515,
e7907100d2,180,132,13200,132.0,101.12547051322584,2.9953644089869456e-18,35.363021222451515,35.363021222451515,
e7907100d2,180,133,13300,133.0,101.12547051322584,2.9953644089869456e-18,35.363021222451515,35.363021222451515,
e7907100d2,180,134,13400,134.0,101.12547051322584,2.995364408986945e-18,35.363021222451515,35.363021222451515,
e7907100d2,180,135,13500,135.0,101.12547051322584,2.9953644089869456e-18,35.363021222451515,35.363021222451515,
e7907100d2,180,136,13600,136.0,101.12547051322584,2.995364408986946e-18,35.363021222451515,35.363021222451515,
e7907100d2,180,137,13700,137.0,101.12547051322584,2.9953644089869456e-18,35.363021222451515,35.363021222451515,
e7907100d2,180,138,13800,138.0,101.12547051322584,2.9953644089869456e-18,35.363021222451515,35.363021222451515,
e7907100d2,180,139,13900,139.0,101.12547051322584,2.9953644089869456e-18,35.363021222451515,35.363021222451515,
e7907100d2,180,140,14000,140.0,101.12547051322584,2.9953644089869456e-18,35.363021222451515,35.363021222451515,
e7907100d2,180,141,14100,141.0,101.12547051322584,2.9953644089869456e-18,35.363021222451515,35.363021222451515,
e7907100d2,180,142,14200,142.0,101.12547051322584,2.9953644089869456e-18,35.363021222451515,35.363021222451515,
e7907100d2,180,143,14300,143.0,101.12547051322584,2.9953644089869456e-18,35.363021222451515,35.363021222451515,
e7907100d2,180,144,14400,144.0,101.12547051322584,2.9953644089869456e-18,35.363021222451515,35.363021222451515,
e7907100d2,180,145,14500,145.0,101.12547051322584,2.9953644089869456e-18,35.363021222451515,35.363021222451515,
e7907100d2,180,146,14600,146.0,101.12547051322584,2.995364408986946e-18,35.363021222451515,35.363021222451515,
e7907100d2,180,147,14700,147.0,101.12547051322584,2.9953644089869456e-18,35.363021222451515,35.363021222451515,
e7907100d2,180,148,14800,148.0,101.12547051322584,2.9953644089869456e-18,35.363021222451515,35.363021222451515,
e7907100d2,180,149,14900,149.0,101.12547051322584,2.995364408986946e-18,35.363021222451515,35.363021222451515,
e7907100d2,180,150,15000,150.0,101.12547051322584,2.9953644089869456e-18,35.363021222451515,35.363021222451515,
e7907100d2,180,151,15100,151.0,101.12547051322584,2.9953644089869456e-18,35.363021222451515,35.363021222451515,
e7907100d2,180,152,15200,152.0,101.12547051322584,2.9953644089869456e-18,35.363021222451515,35.363021222451515,
e7907100d2,180,153,15300,153.0,101.12547051322584,2.9953644089869456e-18,35.363021222451515,35.363021222451515,
e7907100d2,180,154,15400,154.0,101.12547051322584,2.9953644089869456e-18,35.363021222451515,35.363021222451515,
e7907100d2,180,155,15500,155.0,101.12547051322584,2.9953644089869456e-18,35.363021222451515,35.363021222451515,
e7907100d2,180,156,15600,156.0,101.12547051322584,2.9953644089869456e-18,35.363021222451515,35.363021222451515,
e7907100d2,180,157,15700,157.0,101.12547051322584,2.9953644089869456e-18,35.363021222451515,35.363021222451515,
e7907100d2,180,158,15800,158.0,101.12547051322584,2.9953644089869456e-18,35.363021222451515,35.363021222451515,
e7907100d2,180,159,15900,159.0,101.12547051322584,2.9953644089869456e-18,35.363021222451515,35.363021222451515,
e7907100d2,180,160,16000,160.0,101.12547051322584,2.9953644089869456e-18,35.363021222451515,35.363021222451515,
e7907100d2,180,161,16100,161.0,101.12547051322584,2.9953644089869456e-18,35.363021222451515,35.363021222451515,
e7907100d2,180,162,16200,162.0,101.12547051322584,2.9953644089869456e-18,35.363021222451515,35.363021222451515,
e7907100d2,180,163,16300,163.0,101.12547051322584,2.9953644089869456e-18,35.363021222451515,35.363021222451515,
e7907100d2,180,164,16400,164.0,101.12547051322584,2.9953644089869456e-18,35.363021222451515,35.363021222451515,
e7907100d2,180,165,16500,165.0,101.12547051322584,2.9953644089869456e-18,35.363021222451515,35.363021222451515,
e7907100d2,180,166,16600,166.0,101.12547051322584,2.9953644089869456e-18,35.363021222451515,35.363021222451515,
e7907100d2,180,167,16700,167.0,101.12547051322584,2.9953644089869456e-18,35.363021222451515,35.363021222451515,
e7907100d2,180,168,16800,168.0,101.12547051322584,2.9953644089869456e-18,35.363021222451515,35.363021222451515,
e7907100d2,180,169,16900,169.0,101.12547051322584,2.9953644089869456e-18,35.363021222451515,35.363021222451515,
e7907100d2,180,170,17000,170.0,101.12547051322584,2.9953644089869456e-18,35.363021222451515,35.363021222451515,
e7907100d2,180,171,17100,171.0,101.12547051322584,2.995364408986946e-18,35.363021222451515,35.363021222451515,
e7907100d2,180,172,17200,172.0,101.12547051322584,2.9953644089869456e-18,35.363021222451515,35.363021222451515,
e7907100d2,180,173,17300,173.0,101.12547051322584,2.9953644089869456e-18,35.363021222451515,35.363021222451515,
e7907100d2,180,174,17400,174.0,101.12547051322584,2.9953644089869456e-18,35.363021222451515,35.363021222451515,
e7907100d2,180,175,17500,175.0,101.12547051322584,2.9953644089869456e-18,35.363021222451515,35.363021222451515,
e7907100d2,180,176,17600,176.0,101.12547051322584,2.9953644089869456e-18,35.363021222451515,35.363021222451515,
e7907100d2,180,177,17700,177.0,101.12547051322584,2.9953644089869456e-18,35.363021222451515,35.363021222451515,
e7907100d2,180,178,17800,178.0,101.12547051322584,2.9953644089869456e-18,35.363021222451515,35.363021222451515,
e7907100d2,180,179,17900,179.0,101.12547051322584,,35.363021222451515,35.363021222451515,
437229c6f2,180,0,0,0.0,516651013610901.0,10.62620582411702,119640441474639.08,119640441474639.08,"ProjectedCommonDirectionsConfig(subspace_no_grads=1, subspace_frac_updates=0, subspace_frac_random=0.02, direction_str=sd, random_proj=True, random_proj_dim_frac=1, inner_use_full_grad=True, orth_P_k=True, beta=0.001, tau=0.5, c_const=inf, N_try=200, alpha_max=100, p_const=1)"
437229c6f2,180,1,100,1.0,27414268571048.457,2.447754808562066,27559269109336.15,27559269109336.15,
437229c6f2,180,2,200,2.0,1454641724362.1768,0.5638422313673365,6348299157704.212,6348299157704.212,
437229c6f2,180,3,300,3.0,77185446084.66742,0.12988149824534836,1462335667750.1814,1462335667750.1814,
437229c6f2,180,4,400,4.0,4095574270.5689516,0.02991830453272022,336850162862.7894,336850162862.7894,
437229c6f2,180,5,500,5.0,217317337.08455667,0.006891704809423423,77593698029.16698,77593698029.16698,
437229c6f2,180,6,600,6.0,11531275.776694924,0.0015875095839166223,17873768926.43498,17873768926.43498,
437229c6f2,180,7,700,7.0,611962.3441640016,0.00036568407218791517,4117236628.10205,4117236628.10205,
437229c6f2,180,8,800,8.0,32567.388645246854,8.423561155574683e-05,948408672.034468,948408672.034468,
437229c6f2,180,9,900,9.0,1823.8335165944536,1.9403738893260884e-05,218466678.1232103,218466678.1232103,
437229c6f2,180,10,1000,10.0,192.53491286612893,4.469666404577923e-06,50323969.885318905,50323969.885318905,
437229c6f2,180,11,1100,11.0,105.97579101436868,1.0295911461798172e-06,11592165.755698461,11592165.755698461,
437229c6f2,180,12,1200,12.0,101.38283570791029,2.3716712433760954e-07,2670264.4319784762,2670264.4319784762,
437229c6f2,180,13,1300,13.0,101.13912669342004,5.463163218108364e-08,615097.4958334258,615097.4958334258,
437229c6f2,180,14,1400,14.0,101.12619513076152,1.2584439120972395e-08,141688.18833969493,141688.18833969493,
437229c6f2,180,15,1500,15.0,101.12550896310458,2.8988354165076093e-09,32637.985253980154,32637.985253980154,
437229c6f2,180,16,1600,16.0,101.12547255589764,6.677490096549182e-10,7518.185477647271,7518.185477647271,
437229c6f2,180,17,1700,17.0,101.12547062347119,1.538164731650677e-10,1731.819528074106,1731.819528074106,
437229c6f2,180,18,1800,18.0,101.12547051943771,3.543169497630186e-11,398.92542073094546,398.92542073094546,
437229c6f2,180,19,1900,19.0,101.12547051490704,1.632337823543516e-11,91.89245017316682,91.89245017316682,
437229c6f2,180,20,2000,20.0,101.12547051489118,2.3843606758342977e-11,134.22757314005253,134.22757314005253,
437229c6f2,180,21,2100,21.0,101.12547051478444,1.741424944630756e-11,196.06701829331897,196.06701829331897,
437229c6f2,180,22,2200,22.0,101.12547051400963,6.267826444008514e-14,45.16444934025552,45.16444934025552,
437229c6f2,180,23,2300,23.0,101.12547051317964,9.835562185375874e-13,44.29543419303814,44.29543419303814,
437229c6f2,180,24,2400,24.0,101.12547051285588,8.313432238942716e-17,30.671151377180486,30.671151377180486,
437229c6f2,180,25,2500,25.0,101.12547051276013,1.0391703174093017e-17,30.670894230791845,30.670894230791845,
437229c6f2,180,26,2600,26.0,101.12547051276013,2.5979257935232546e-18,30.670894230791845,30.670894230791845,
437229c6f2,180,27,2700,27.0,101.12547051276013,2.5979257935232542e-18,30.670894230791845,30.670894230791845,
437229c6f2,180,28,2800,28.0,101.12547051276013,2.5979257935232542e-18,30.670894230791845,30.670894230791845,
437229c6f2,180,29,2900,29.0,101.12547051276013,2.5979257935232542e-18,30.670894230791845,30.670894230791845,
437229c6f2,180,30,3000,30.0,101.12547051276013,2.5979257935232542e-18,30.670894230791845,30.670894230791845,
437229c6f2,180,31,3100,31.0,101.12547051276013,2.5979257935232542e-18,30.670894230791845,30.670894230791845,
437229c6f2,180,32,3200,32.0,101.12547051276013,2.5979257935232542e-18,30.670894230791845,30.670894230791845,
437229c6f2,180,33,3300,33.0,101.12547051276013,2.5979257935232542e-18,30.670894230791845,30.670894230791845,
437229c6f2,180,34,3400,34.0,101.12547051276013,2.5979257935232542e-18,30.670894230791845,30.670894230791845,
437229c6f2,180,35,3500,35.0,101.12547051276013,2.5979257935232542e-18,30.670894230791845,30.670894230791845,
437229c6f2,180,36,3600,36.0,101.12547051276013,2.5979257935232546e-18,30.670894230791845,30.670894230791845,
437229c6f2,180,37,3700,37.0,101.12547051276013,2.5979257935232542e-18,30.670894230791845,30.670894230791845,
437229c6f2,180,38,3800,38.0,101.12547051276013,2.5979257935232542e-18,30.670894230791845,30.670894230791845,
437229c6f2,180,39,3900,39.0,101.12547051276013,2.5979257935232542e-18,30.670894230791845,30.670894230791845,
437229c6f2,180,40,4000,40.0,101.12547051276013,2.5979257935232542e-18,30.670894230791845,30.670894230791845,
437229c6f2,180,41,4100,41.0,101.12547051276013,2.5979257935232542e-18,30.670894230791845,30.670894230791845,
437229c6f2,180,42,4200,42.0,101.12547051276013,2.5979257935232542e-18,30.670894230791845,30.670894230791845,
437229c6f2,180,43,4300,43.0,101.12547051276013,2.5979257935232542e-18,30.670894230791845,30.670894230791845,
437229c6f2,180,44,4400,44.0,101.12547051276013,2.5979257935232542e-18,30.670894230791845,30.670894230791845,
437229c6f2,180,45,4500,45.0,101.12547051276013,2.5979257935232542e-18,30.670894230791845,30.670894230791845,
437229c6f2,180,46,4600,46.0,101.12547051276013,2.5979257935232542e-18,30.670894230791845,30.670894230791845,
437229c6f2,180,47,4700,47.0,101.12547051276013,2.5979257935232542e-18,30.670894230791845,30.670894230791845,
437229c6f2,180,48,4800,48.0,101.12547051276013,2.5979257935232542e-18,30.670894230791845,30.670894230791845,
437229c6f2,180,49,4900,49.0,101.12547051276013,2.5979257935232542e-18,30.670894230791845,30.670894230791845,
437229c6f2,180,50,5000,50.0,101.12547051276013,2.5979257935232542e-18,30.670894230791845,30.670894230791845,
437229c6f2,180,51,5100,51.0,101.12547051276013,2.5979257935232542e-18,30.670894230791845,30.670894230791845,
437229c6f2,180,52,5200,52.0,101.12547051276013,2.5979257935232542e-18,30.670894230791845,30.670894230791845,
437229c6f2,180,53,5300,53.0,101.12547051276013,2.5979257935232542e-18,30.670894230791845,30.670894230791845,
437229c6f2,180,54,5400,54.0,101.12547051276013,2.5979257935232542e-18,30.670894230791845,30.670894230791845,
437229c6f2,180,55,5500,55.0,101.12547051276013,2.5979257935232542e-18,30.670894230791845,30.670894230791845,
437229c6f2,180,56,5600,56.0,101.12547051276013,2.5979257935232542e-18,30.670894230791845,30.670894230791845,
437229c6f2,180,57,5700,57.0,101.12547051276013,2.5979257935232542e-18,30.670894230791845,30.670894230791845,
437229c6f2,180,58,5800,58.0,101.12547051276013,2.5979257935232542e-18,30.670894230791845,30.670894230791845,
437229c6f2,180,59,5900,59.0,101.12547051276013,2.5979257935232542e-18,30.670894230791845,30.670894230791845,
437229c6f2,180,60,6000,60.0,101.12547051276013,2.5979257935232542e-18,30.670894230791845,30.670894230791845,
437229c6f2,180,61,6100,61.0,101.12547051276013,2.5979257935232542e-18,30.670894230791845,30.670894230791845,
437229c6f2,180,62,6200,62.0,101.12547051276013,2.5979257935232542e-18,30.670894230791845,30.670894230791845,
437229c6f2,180,63,6300,63.0,101.12547051276013,2.5979257935232542e-18,30.670894230791845,30.670894230791845,
437229c6f2,180,64,6400,64.0,101.12547051276013,2.5979257935232542e-18,30.670894230791845,30.670894230791845,
437229c6f2,180,65,6500,65.0,101.12547051276013,2.5979257935232542e-18,30.670894230791845,30.670894230791845,
437229c6f2,180,66,6600,66.0,101.12547051276013,2.5979257935232542e-18,30.670894230791845,30.670894230791845,
437229c6f2,180,67,6700,67.0,101.12547051276013,2.5979257935232542e-18,30.670894230791845,30.670894230791845,
437229c6f2,180,68,6800,68.0,101.12547051276013,2.5979257935232546e-18,30.670894230791845,30.670894230791845,
437229c6f2,180,69,6900,69.0,101.12547051276013,2.5979257935232542e-18,30.670894230791845,30.670894230791845,
437229c6f2,180,70,7000,70.0,101.12547051276013,2.5979257935232542e-18,30.670894230791845,30.670894230791845,
437229c6f2,180,71,7100,71.0,101.12547051276013,2.5979257935232542e-18,30.670894230791845,30.670894230791845,
437229c6f2,180,72,7200,72.0,101.12547051276013,2.5979257935232542e-18,30.670894230791845,30.670894230791845,
437229c6f2,180,73,7300,73.0,101.12547051276013,2.5979257935232542e-18,30.670894230791845,30.670894230791845,
437229c6f2,180,74,7400,74.0,101.12547051276013,2.5979257935232542e-18,30.670894230791845,30.670894230791845,
437229c6f2,180,75,7500,75.0,101.12547051276013,2.5979257935232542e-18,30.670894230791845,30.670894230791845,
437229c6f2,180,76,7600,76.0,101.12547051276013,2.5979257935232542e-18,30.670894230791845,30.670894230791845,
437229c6f2,180,77,7700,77.0,101.12547051276013,2.5979257935232542e-18,30.670894230791845,30.670894230791845,
437229c6f2,180,78,7800,78.0,101.12547051276013,2.5979257935232542e-18,30.670894230791845,30.670894230791845,
437229c6f2,180,79,7900,79.0,101.12547051276013,2.5979257935232542e-18,30.670894230791845,30.670894230791845,
437229c6f2,180,80,8000,80.0,101.12547051276013,2.5979257935232542e-18,30.670894230791845,30.670894230791845,
437229c6f2,180,81,8100,81.0,101.12547051276013,2.5979257935232542e-18,30.670894230791845,30.670894230791845,
437229c6f2,180,82,8200,82.0,101.12547051276013,2.5979257935232542e-18,30.670894230791845,30.670894230791845,
437229c6f2,180,83,8300,83.0,101.12547051276013,2.5979257935232542e-18,30.670894230791845,30.670894230791845,
437229c6f2,180,84,8400,84.0,101.12547051276013,2.5979257935232542e-18,30.670894230791845,30.670894230791845,
437229c6f2,180,85,8500,85.0,101.12547051276013,2.5979257935232542e-18,30.670894230791845,30.670894230791845,
437229c6f2,180,86,8600,86.0,101.12547051276013,2.5979257935232542e-18,30.670894230791845,30.670894230791845,
437229c6f2,180,87,8700,87.0,101.12547051276013,2.5979257935232542e-18,30.670894230791845,30.670894230791845,
437229c6f2,180,88,8800,88.0,101.12547051276013,2.5979257935232542e-18,30.670894230791845,30.670894230791845,
437229c6f2,180,89,8900,89.0,101.12547051276013,2.5979257935232542e-18,30.670894230791845,30.670894230791845,
437229c6f2,180,90,9000,90.0,101.12547051276013,2.5979257935232542e-18,30.670894230791845,30.670894230791845,
437229c6f2,180,91,9100,91.0,101.12547051276013,2.5979257935232542e-18,30.670894230791845,30.670894230791845,
437229c6f2,180,92,9200,92.0,101.12547051276013,2.5979257935232542e-18,30.670894230791845,30.670894230791845,
437229c6f2,180,93,9300,93.0,101.12547051276013,2.5979257935232542e-18,30.670894230791845,30.670894230791845,
437229c6f2,180,94,9400,94.0,101.12547051276013,2.5979257935232542e-18,30.670894230791845,30.670894230791845,
437229c6f2,180,95,9500,95.0,101.12547051276013,2.5979257935232542e-18,30.670894230791845,30.670894230791845,
437229c6f2,180,96,9600,96.0,101.12547051276013,2.5979257935232542e-18,30.670894230791845,30.670894230791845,
437229c6f2,180,97,9700,97.0,101.12547051276013,2.5979257935232542e-18,30.670894230791845,30.670894230791845,
437229c6f2,180,98,9800,98.0,101.12547051276013,2.5979257935232542e-18,30.670894230791845,30.670894230791845,
437229c6f2,180,99,9900,99.0,101.12547051276013,2.5979257935232542e-18,30.670894230791845,30.670894230791845,
437229c6f2,180,100,10000,100.0,101.12547051276013,2.5979257935232542e-18,30.670894230791845,30.670894230791845,
437229c6f2,180,101,10100,101.0,101.12547051276013,2.5979257935232542e-18,30.670894230791845,30.670894230791845,
437229c6f2,180,102,10200,102.0,101.12547051276013,2.5979257935232542e-18,30.670894230791845,30.670894230791845,
437229c6f2,180,103,10300,103.0,101.12547051276013,2.5979257935232542e-18,30.670894230791845,30.670894230791845,
437229c6f2,180,104,10400,104.0,101.12547051276013,2.5979257935232546e-18,30.670894230791845,30.670894230791845,
437229c6f2,180,105,10500,105.0,101.12547051276013,2.5979257935232542e-18,30.670894230791845,30.670894230791845,
437229c6f2,180,106,10600,106.0,101.12547051276013,2.5979257935232542e-18,30.670894230791845,30.670894230791845,
437229c6f2,180,107,10700,107.0,101.12547051276013,2.5979257935232542e-18,30.670894230791845,30.670894230791845,
437229c6f2,180,108,10800,108.0,101.12547051276013,2.5979257935232542e-18,30.670894230791845,30.670894230791845,
437229c6f2,180,109,10900,109.0,101.12547051276013,2.5979257935232542e-18,30.670894230791845,30.670894230791845,
437229c6f2,180,110,11000,110.0,101.12547051276013,2.5979257935232542e-18,30.670894230791845,30.670894230791845,
437229c6f2,180,111,11100,111.0,101.12547051276013,2.5979257935232542e-18,30.670894230791845,30.670894230791845,
437229c6f2,180,112,11200,112.0,101.12547051276013,2.5979257935232542e-18,30.670894230791845,30.670894230791845,
437229c6f2,180,113,11300,113.0,101.12547051276013,2.5979257935232542e-18,30.670894230791845,30.670894230791845,
437229c6f2,180,114,11400,114.0,101.12547051276013,2.5979257935232542e-18,30.670894230791845,30.670894230791845,
437229c6f2,180,115,11500,115.0,101.12547051276013,2.5979257935232542e-18,30.670894230791845,30.670894230791845,
437229c6f2,180,116,11600,116.0,101.12547051276013,2.5979257935232542e-18,30.670894230791845,30.670894230791845,
437229c6f2,180,117,11700,117.0,101.12547051276013,2.5979257935232542e-18,30.670894230791845,30.670894230791845,
437229c6f2,180,118,11800,118.0,101.12547051276013,2.5979257935232542e-18,30.670894230791845,30.670894230791845,
437229c6f2,180,119,11900,119.0,101.12547051276013,2.5979257935232542e-18,30.670894230791845,30.670894230791845,
437229c6f2,180,120,12000,120.0,101.12547051276013,2.5979257935232542e-18,30.670894230791845,30.670894230791845,
437229c6f2,180,121,12100,121.0,101.12547051276013,2.5979257935232542e-18,30.670894230791845,30.670894230791845,
437229c6f2,180,122,12200,122.0,101.12547051276013,2.5979257935232542e-18,30.670894230791845,30.670894230791845,
437229c6f2,180,123,12300,123.0,101.12547051276013,2.5979257935232546e-18,30.670894230791845,30.670894230791845,
437229c6f2,180,124,12400,124.0,101.12547051276013,2.5979257935232542e-18,30.670894230791845,30.670894230791845,
437229c6f2,180,125,12500,125.0,101.12547051276013,2.5979257935232542e-18,30.670894230791845,30.670894230791845,
437229c6f2,180,126,12600,126.0,101.12547051276013,2.5979257935232542e-18,30.670894230791845,30.670894230791845,
437229c6f2,180,127,12700,127.0,101.12547051276013,2.5979257935232542e-18,30.670894230791845,30.670894230791845,
437229c6f2,180,128,12800,128.0,101.12547051276013,2.5979257935232542e-18,30.670894230791845,30.670894230791845,
437229c6f2,180,129,12900,129.0,101.12547051276013,2.5979257935232542e-18,30.670894230791845,30.670894230791845,
437229c6f2,180,130,13000,130.0,101.12547051276013,2.5979257935232542e-18,30.670894230791845,30.670894230791845,
437229c6f2,180,131,13100,131.0,101.12547051276013,2.5979257935232542e-18,30.670894230791845,30.670894230791845,
437229c6f2,180,132,13200,132.0,101.12547051276013,2.5979257935232542e-18,30.670894230791845,30.670894230791845,
437229c6f2,180,133,13300,133.0,101.12547051276013,2.5979257935232542e-18,30.670894230791845,30.670894230791845,
437229c6f2,180,134,13400,134.0,101.12547051276013,2.5979257935232542e-18,30.670894230791845,30.670894230791845,
437229c6f2,180,135,13500,135.0,101.12547051276013,2.5979257935232542e-18,30.670894230791845,30.670894230791845,
437229c6f2,180,136,13600,136.0,101.12547051276013,2.5979257935232542e-18,30.670894230791845,30.670894230791845,
437229c6f2,180,137,13700,137.0,101.12547051276013,2.5979257935232542e-18,30.670894230791845,30.670894230791845,
437229c6f2,180,138,13800,138.0,101.12547051276013,2.5979257935232542e-18,30.670894230791845,30.670894230791845,
437229c6f2,180,139,13900,139.0,101.12547051276013,2.5979257935232542e-18,30.670894230791845,30.670894230791845,
437229c6f2,180,140,14000,140.0,101.12547051276013,2.5979257935232542e-18,30.670894230791845,30.670894230791845,
437229c6f2,180,141,14100,141.0,101.12547051276013,2.5979257935232542e-18,30.670894230791845,30.670894230791845,
437229c6f2,180,142,14200,142.0,101.12547051276013,2.5979257935232542e-18,30.670894230791845,30.670894230791845,
437229c6f2,180,143,14300,143.0,101.12547051276013,2.5979257935232542e-18,30.670894230791845,30.670894230791845,
437229c6f2,180,144,14400,144.0,101.12547051276013,2.5979257935232542e-18,30.670894230791845,30.670894230791845,
437229c6f2,180,145,14500,145.0,101.12547051276013,2.5979257935232542e-18,30.670894230791845,30.670894230791845,
437229c6f2,180,146,14600,146.0,101.12547051276013,2.5979257935232542e-18,30.670894230791845,30.670894230791845,
437229c6f2,180,147,14700,147.0,101.12547051276013,2.5979257935232542e-18,30.670894230791845,30.670894230791845,
437229c6f2,180,148,14800,148.0,101.12547051276013,2.5979257935232542e-18,30.670894230791845,30.670894230791845,
437229c6f2,180,149,14900,149.0,101.12547051276013,2.5979257935232542e-18,30.670894230791845,30.670894230791845,
437229c6f2,180,150,15000,150.0,101.12547051276013,2.5979257935232542e-18,30.670894230791845,30.670894230791845,
437229c6f2,180,151,15100,151.0,101.12547051276013,2.5979257935232542e-18,30.670894230791845,30.670894230791845,
437229c6f2,180,152,15200,152.0,101.12547051276013,2.5979257935232542e-18,30.670894230791845,30.670894230791845,
437229c6f2,180,153,15300,153.0,101.12547051276013,2.5979257935232542e-18,30.670894230791845,30.670894230791845,
437229c6f2,180,154,15400,154.0,101.12547051276013,2.5979257935232542e-18,30.670894230791845,30.670894230791845,
437229c6f2,180,155,15500,155.0,101.12547051276013,2.5979257935232542e-18,30.670894230791845,30.670894230791845,
437229c6f2,180,156,15600,156.0,101.12547051276013,2.5979257935232542e-18,30.670894230791845,30.670894230791845,
437229c6f2,180,157,15700,157.0,101.12547051276013,2.5979257935232542e-18,30.670894230791845,30.670894230791845,
437229c6f2,180,158,15800,158.0,101.12547051276013,2.5979257935232542e-18,30.670894230791845,30.670894230791845,
437229c6f2,180,159,15900,159.0,101.12547051276013,2.5979257935232542e-18,30.670894230791845,30.670894230791845,
437229c6f2,180,160,16000,160.0,101.12547051276013,2.5979257935232542e-18,30.670894230791845,30.670894230791845,
437229c6f2,180,161,16100,161.0,101.12547051276013,2.5979257935232542e-18,30.670894230791845,30.670894230791845,
437229c6f2,180,162,16200,162.0,101.12547051276013,2.5979257935232542e-18,30.670894230791845,30.670894230791845,
437229c6f2,180,163,16300,163.0,101.12547051276013,2.5979257935232542e-18,30.670894230791845,30.670894230791845,
437229c6f2,180,164,16400,164.0,101.12547051276013,2.5979257935232542e-18,30.670894230791845,30.670894230791845,
437229c6f2,180,165,16500,165.0,101.12547051276013,2.5979257935232542e-18,30.670894230791845,30.670894230791845,
437229c6f2,180,166,16600,166.0,101.12547051276013,2.5979257935232542e-18,30.670894230791845,30.670894230791845,
437229c6f2,180,167,16700,167.0,101.12547051276013,2.5979257935232542e-18,30.670894230791845,30.670894230791845,
437229c6f2,180,168,16800,168.0,101.12547051276013,2.5979257935232542e-18,30.670894230791845,30.670894230791845,
437229c6f2,180,169,16900,169.0,101.12547051276013,2.5979257935232542e-18,30.670894230791845,30.670894230791845,
437229c6f2,180,170,17000,170.0,101.12547051276013,2.5979257935232542e-18,30.670894230791845,30.670894230791845,
437229c6f2,180,171,17100,171.0,101.12547051276013,2.5979257935232542e-18,30.670894230791845,30.670894230791845,
437229c6f2,180,172,17200,172.0,101.12547051276013,2.5979257935232542e-18,30.670894230791845,30.670894230791845,
437229c6f2,180,173,17300,173.0,101.12547051276013,2.5979257935232546e-18,30.670894230791845,30.670894230791845,
437229c6f2,180,174,17400,174.0,101.12547051276013,2.5979257935232542e-18,30.670894230791845,30.670894230791845,
437229c6f2,180,175,17500,175.0,101.12547051276013,2.5979257935232542e-18,30.670894230791845,30.670894230791845,
437229c6f2,180,176,17600,176.0,101.12547051276013,2.5979257935232542e-18,30.670894230791845,30.670894230791845,
437229c6f2,180,177,17700,177.0,101.12547051276013,2.5979257935232542e-18,30.670894230791845,30.670894230791845,
437229c6f2,180,178,17800,178.0,101.12547051276013,2.5979257935232542e-18,30.670894230791845,30.670894230791845,
437229c6f2,180,179,17900,179.0,101.12547051276013,,30.670894230791845,30.670894230791845,
f1e329583a,180,0,0,0.0,516651013610901.0,10.62620582411702,119640441474639.08,119640441474639.08,"ProjectedCommonDirectionsConfig(subspace_no_grads=1, subspace_frac_updates=0, subspace_frac_random=0.02, direction_str=sd, random_proj=True, random_proj_dim_frac=1, inner_use_full_grad=True, orth_P_k=True, beta=0.001, tau=0.5, c_const=inf, N_try=200, alpha_max=100, p_const=1)"
f1e329583a,180,1,100,1.0,27414268571048.457,2.4477548085620655,27559269109336.145,27559269109336.145,
f1e329583a,180,2,200,2.0,1454641724362.1753,0.5638422313673362,6348299157704.21,6348299157704.21,
f1e329583a,180,3,300,3.0,77185446084.66756,0.12988149824534848,1462335667750.1829,1462335667750.1829,
f1e329583a,180,4,400,4.0,4095574270.5689406,0.029918304532720163,336850162862.7891,336850162862.7891,
f1e329583a,180,5,500,5.0,217317337.08455166,0.006891704809423349,77593698029.16609,77593698029.16609,
f1e329583a,180,6,600,6.0,11531275.776695216,0.0015875095839166416,17873768926.435204,17873768926.435204,
f1e329583a,180,7,700,7.0,611962.3441643583,0.0003656840721880218,4117236628.103252,4117236628.103252,
f1e329583a,180,8,800,8.0,32567.388645278406,8.423561155578832e-05,948408672.0349352,948408672.0349352,
f1e329583a,180,9,900,9.0,1823.8335165960586,1.9403738893276063e-05,218466678.1233811,218466678.1233811,
f1e329583a,180,10,1000,10.0,192.53491286621465,4.469666404577851e-06,50323969.88531808,50323969.88531808,
f1e329583a,180,11,1100,11.0,105.975791014801,1.029591146272707e-06,11592165.756744312,11592165.756744312,
f1e329583a,180,12,1200,12.0,101.38283570974663,2.3716712450658645e-07,2670264.4338809852,2670264.4338809852,
f1e329583a,180,13,1300,13.0,101.13912669409983,5.463163230207655e-08,615097.4971956846,615097.4971956846,
f1e329583a,180,14,1400,14.0,101.12619513149215,1.2584439154009553e-08,141688.18871166027,141688.18871166027,
f1e329583a,180,15,1500,15.0,101.12550896339509,2.898835412904686e-09,32637.985213414842,32637.985213414842,
f1e329583a,180,16,1600,16.0,101.12547255489268,6.677489227075082e-10,7518.184498706459,7518.184498706459,
f1e329583a,180,17,1700,17.0,101.12547062344012,1.538163946268909e-10,1731.8186438128482,1731.8186438128482,
f1e329583a,180,18,1800,18.0,101.12547052028067,3.54317685678111e-11,398.9262492976795,398.9262492976795,
f1e329583a,180,19,1900,19.0,101.12547051447515,4.080884187275083e-12,91.89334252577103,91.89334252577103,
f1e329583a,180,20,2000,20.0,101.12547051346586,1.570444759646725e-12,35.363272171754694,35.363272171754694,
f1e329583a,180,21,2100,21.0,101.12547051344941,5.901983894761179e-16,13.609048304226873,13.609048304226873,
f1e329583a,180,22,2200,22.0,101.12547051333735,3.686245167855671e-17,13.599844240876411,13.599844240876411,
f1e329583a,180,23,2300,23.0,101.12547051332997,1.8431197338575314e-17,13.599823211069419,13.599823211069419,
f1e329583a,180,24,2400,24.0,101.12547051332645,9.215590024152464e-18,13.59981045310171,13.59981045310171,
f1e329583a,180,25,2500,25.0,101.12547051332645,3.6862360096609857e-17,13.59981045310171,13.59981045310171,
f1e329583a,180,26,2600,26.0,101.12547051332137,3.686212201130447e-17,13.599722615127785,13.599722615127785,
f1e329583a,180,27,2700,27.0,101.12547051328639,3.68620764005928e-17,13.599705787745282,13.599705787745282,
f1e329583a,180,28,2800,28.0,101.12547051328201,2.3038739062995413e-18,13.599671144833646,13.599671144833646,
f1e329583a,180,29,2900,29.0,101.12547051328201,2.3038739062995413e-18,13.599671144833646,13.599671144833646,
f1e329583a,180,30,3000,30.0,101.12547051328201,2.3038739062995413e-18,13.599671144833646,13.599671144833646,
f1e329583a,180,31,3100,31.0,101.12547051328201,2.3038739062995413e-18,13.599671144833646,13.599671144833646,
f1e329583a,180,32,3200,32.0,101.12547051328201,2.3038739062995413e-18,13.599671144833646,13.599671144833646,
f1e329583a,180,33,3300,33.0,101.12547051328201,2.3038739062995413e-18,13.599671144833646,13.599671144833646,
f1e329583a,180,34,3400,34.0,101.12547051328201,2.3038739062995413e-18,13.599671144833646,13.599671144833646,
f1e329583a,180,35,3500,35.0,101.12547051328201,2.3038739062995413e-18,13.599671144833646,13.599671144833646,
f1e329583a,180,36,3600,36.0,101.12547051328201,2.3038739062995413e-18,13.599671144833646,13.599671144833646,
f1e329583a,180,37,3700,37.0,101.12547051328201,2.3038739062995413e-18,13.599671144833646,13.599671144833646,
f1e329583a,180,38,3800,38.0,101.12547051328201,2.3038739062995413e-18,13.599671144833646,13.599671144833646,
f1e329583a,180,39,3900,39.0,101.12547051328201,2.3038739062995413e-18,13.599671144833646,13.599671144833646,
f1e329583a,180,40,4000,40.0,101.12547051328201,2.3038739062995413e-18,13.599671144833646,13.599671144833646,
f1e329583a,180,41,4100,41.0,101.12547051328201,2.3038739062995413e-18,13.599671144833646,13.599671144833646,
f1e329583a,180,42,4200,42.0,101.12547051328201,2.3038739062995413e-18,13.599671144833646,13.599671144833646,
f1e329583a,180,43,4300,43.0,101.12547051328201,2.3038739062995413e-18,13.599671144833646,13.599671144833646,
f1e329583a,180,44,4400,44.0,101.12547051328201,2.3038739062995413e-18,13.599671144833646,13.599671144833646,
f1e329583a,180,45,4500,45.0,101.12547051328201,2.3038739062995413e-18,13.599671144833646,13.599671144833646,
f1e329583a,180,46,4600,46.0,101.12547051328201,2.3038739062995413e-18,13.599671144833646,13.599671144833646,
f1e329583a,180,47,4700,47.0,101.12547051328201,2.3038739062995413e-18,13.599671144833646,13.599671144833646,
f1e329583a,180,48,4800,48.0,101.12547051328201,2.3038739062995413e-18,13.599671144833646,13.599671144833646,
f1e329583a,180,49,4900,49.0,101.12547051328201,2.3038739062995413e-18,13.599671144833646,13.599671144833646,
f1e329583a,180,50,5000,50.0,101.12547051328201,2.3038739062995413e-18,13.599671144833646,13.599671144833646,
f1e329583a,180,51,5100,51.0,101.12547051328201,2.3038739062995413e-18,13.599671144833646,13.599671144833646,
f1e329583a,180,52,5200,52.0,101.12547051328201,2.3038739062995413e-18,13.599671144833646,13.599671144833646,
f1e329583a,180,53,5300,53.0,101.12547051328201,2.3038739062995413e-18,13.599671144833646,13.599671144833646,
f1e329583a,180,54,5400,54.0,101.12547051328201,2.3038739062995413e-18,13.599671144833646,13.599671144833646,
f1e329583a,180,55,5500,55.0,101.12547051328201,2.3038739062995413e-18,13.599671144833646,13.599671144833646,
f1e329583a,180,56,5600,56.0,101.12547051328201,2.3038739062995413e-18,13.599671144833646,13.599671144833646,
f1e329583a,180,57,5700,57.0,101.12547051328201,2.3038739062995413e-18,13.599671144833646,13.599671144833646,
f1e329583a,180,58,5800,58.0,101.12547051328201,2.3038739062995413e-18,13.599671144833646,13.599671144833646,
f1e329583a,180,59,5900,59.0,101.12547051328201,2.3038739062995413e-18,13.599671144833646,13.599671144833646,
f1e329583a,180,60,6000,60.0,101.12547051328201,2.3038739062995413e-18,13.599671144833646,13.599671144833646,
f1e329583a,180,61,6100,61.0,101.12547051328201,2.3038739062995413e-18,13.599671144833646,13.599671144833646,
f1e329583a,180,62,6200,62.0,101.12547051328201,2.3038739062995413e-18,13.599671144833646,13.599671144833646,
f1e329583a,180,63,6300,63.0,101.12547051328201,2.3038739062995413e-18,13.599671144833646,13.599671144833646,
f1e329583a,180,64,6400,64.0,101.12547051328201,2.3038739062995413e-18,13.599671144833646,13.599671144833646,
f1e329583a,180,65,6500,65.0,101.12547051328201,2.3038739062995413e-18,13.599671144833646,13.599671144833646,
f1e329583a,180,66,6600,66.0,101.12547051328201,2.3038739062995413e-18,13.599671144833646,13.599671144833646,
f1e329583a,180,67,6700,67.0,101.12547051328201,2.3038739062995413e-18,13.599671144833646,13.599671144833646,
f1e329583a,180,68,6800,68.0,101.12547051328201,2.3038739062995413e-18,13.599671144833646,13.599671144833646,
f1e329583a,180,69,6900,69.0,101.12547051328201,2.3038739062995413e-18,13.599671144833646,13.599671144833646,
f1e329583a,180,70,7000,70.0,101.12547051328201,2.3038739062995413e-18,13.599671144833646,13.599671144833646,
f1e329583a,180,71,7100,71.0,101.12547051328201,2.3038739062995413e-18,13.599671144833646,13.599671144833646,
f1e329583a,180,72,7200,72.0,101.12547051328201,2.3038739062995413e-18,13.599671144833646,13.599671144833646,
f1e329583a,180,73,7300,73.0,101.12547051328201,2.3038739062995413e-18,13.599671144833646,13.599671144833646,
f1e329583a,180,74,7400,74.0,101.12547051328201,2.3038739062995413e-18,13.599671144833646,13.599671144833646,
f1e329583a,180,75,7500,75.0,101.12547051328201,2.3038739062995413e-18,13.599671144833646,13.599671144833646,
f1e329583a,180,76,7600,76.0,101.12547051328201,2.3038739062995413e-18,13.599671144833646,13.599671144833646,
f1e329583a,180,77,7700,77.0,101.12547051328201,2.3038739062995413e-18,13.599671144833646,13.599671144833646,
f1e329583a,180,78,7800,78.0,101.12547051328201,2.3038739062995413e-18,13.599671144833646,13.599671144833646,
f1e329583a,180,79,7900,79.0,101.12547051328201,2.3038739062995413e-18,13.599671144833646,13.599671144833646,
f1e329583a,180,80,8000,80.0,101.12547051328201,2.3038739062995413e-18,13.599671144833646,13.599671144833646,
f1e329583a,180,81,8100,81.0,101.12547051328201,2.3038739062995413e-18,13.599671144833646,13.599671144833646,
f1e329583a,180,82,8200,82.0,101.12547051328201,2.3038739062995413e-18,13.599671144833646,13.599671144833646,
f1e329583a,180,83,8300,83.0,101.12547051328201,2.3038739062995413e-18,13.599671144833646,13.599671144833646,
f1e329583a,180,84,8400,84.0,101.12547051328201,2.3038739062995413e-18,13.599671144833646,13.599671144833646,
f1e329583a,180,85,8500,85.0,101.12547051328201,2.3038739062995413e-18,13.599671144833646,13.599671144833646,
f1e329583a,180,86,8600,86.0,101.12547051328201,2.3038739062995413e-18,13.599671144833646,13.599671144833646,
f1e329583a,180,87,8700,87.0,101.12547051328201,2.3038739062995413e-18,13.599671144833646,13.599671144833646,
f1e329583a,180,88,8800,88.0,101.12547051328201,2.3038739062995413e-18,13.599671144833646,13.599671144833646,
f1e329583a,180,89,8900,89.0,101.12547051328201,2.3038739062995413e-18,13.599671144833646,13.599671144833646,
f1e329583a,180,90,9000,90.0,101.12547051328201,2.3038739062995413e-18,13.599671144833646,13.599671144833646,
f1e329583a,180,91,9100,91.0,101.12547051328201,2.3038739062995413e-18,13.599671144833646,13.599671144833646,
f1e329583a,180,92,9200,92.0,101.12547051328201,2.3038739062995413e-18,13.599671144833646,13.599671144833646,
f1e329583a,180,93,9300,93.0,101.12547051328201,2.3038739062995413e-18,13.599671144833646,13.599671144833646,
f1e329583a,180,94,9400,94.0,101.12547051328201,2.3038739062995413e-18,13.599671144833646,13.599671144833646,
f1e329583a,180,95,9500,95.0,101.12547051328201,2.3038739062995413e-18,13.599671144833646,13.599671144833646,
f1e329583a,180,96,9600,96.0,101.12547051328201,2.3038739062995413e-18,13.599671144833646,13.599671144833646,
f1e329583a,180,97,9700,97.0,101.12547051328201,2.3038739062995413e-18,13.599671144833646,13.599671144833646,
f1e329583a,180,98,9800,98.0,101.12547051328201,2.3038739062995413e-18,13.599671144833646,13.599671144833646,
f1e329583a,180,99,9900,99.0,101.12547051328201,2.3038739062995413e-18,13.599671144833646,13.599671144833646,
f1e329583a,180,100,10000,100.0,101.12547051328201,2.3038739062995413e-18,13.599671144833646,13.599671144833646,
f1e329583a,180,101,10100,101.0,101.12547051328201,2.3038739062995413e-18,13.599671144833646,13.599671144833646,
f1e329583a,180,102,10200,102.0,101.12547051328201,2.3038739062995413e-18,13.599671144833646,13.599671144833646,
f1e329583a,180,103,10300,103.0,101.12547051328201,2.3038739062995413e-18,13.599671144833646,13.599671144833646,
f1e329583a,180,104,10400,104.0,101.12547051328201,2.3038739062995413e-18,13.599671144833646,13.599671144833646,
f1e329583a,180,105,10500,105.0,101.12547051328201,2.3038739062995413e-18,13.599671144833646,13.599671144833646,
f1e329583a,180,106,10600,106.0,101.12547051328201,2.3038739062995413e-18,13.599671144833646,13.599671144833646,
f1e329583a,180,107,10700,107.0,101.12547051328201,2.3038739062995413e-18,13.599671144833646,13.599671144833646,
f1e329583a,180,108,10800,108.0,101.12547051328201,2.3038739062995413e-18,13.599671144833646,13.599671144833646,
f1e329583a,180,109,10900,109.0,101.12547051328201,2.3038739062995413e-18,13.599671144833646,13.599671144833646,
f1e329583a,180,110,11000,110.0,101.12547051328201,2.3038739062995413e-18,13.599671144833646,13.599671144833646,
f1e329583a,180,111,11100,111.0,101.12547051328201,2.3038739062995413e-18,13.599671144833646,13.599671144833646,
f1e329583a,180,112,11200,112.0,101.12547051328201,2.3038739062995413e-18,13.599671144833646,13.599671144833646,
f1e329583a,180,113,11300,113.0,101.12547051328201,2.3038739062995413e-18,13.599671144833646,13.599671144833646,
f1e329583a,180,114,11400,114.0,101.12547051328201,2.3038739062995413e-18,13.599671144833646,13.599671144833646,
f1e329583a,180,115,11500,115.0,101.12547051328201,2.3038739062995413e-18,13.599671144833646,13.599671144833646,
f1e329583a,180,116,11600,116.0,101.12547051328201,2.3038739062995413e-18,13.599671144833646,13.599671144833646,
f1e329583a,180,117,11700,117.0,101.12547051328201,2.3038739062995413e-18,13.599671144833646,13.599671144833646,
f1e329583a,180,118,11800,118.0,101.12547051328201,2.3038739062995413e-18,13.599671144833646,13.599671144833646,
f1e329583a,180,119,11900,119.0,101.12547051328201,2.3038739062995413e-18,13.599671144833646,13.599671144833646,
f1e329583a,180,120,12000,120.0,101.12547051328201,2.3038739062995413e-18,13.599671144833646,13.599671144833646,
f1e329583a,180,121,12100,121.0,101.12547051328201,2.3038739062995413e-18,13.599671144833646,13.599671144833646,
f1e329583a,180,122,12200,122.0,101.12547051328201,2.3038739062995413e-18,13.599671144833646,13.599671144833646,
f1e329583a,180,123,12300,123.0,101.12547051328201,2.3038739062995413e-18,13.599671144833646,13.599671144833646,
f1e329583a,180,124,12400,124.0,101.12547051328201,2.3038739062995413e-18,13.599671144833646,13.599671144833646,
f1e329583a,180,125,12500,125.0,101.12547051328201,2.3038739062995413e-18,13.599671144833646,13.599671144833646,
f1e329583a,180,126,12600,126.0,101.12547051328201,2.3038739062995413e-18,13.599671144833646,13.599671144833646,
f1e329583a,180,127,12700,127.0,101.12547051328201,2.3038739062995413e-18,13.599671144833646,13.599671144833646,
f1e329583a,180,128,12800,128.0,101.12547051328201,2.3038739062995413e-18,13.599671144833646,13.599671144833646,
f1e329583a,180,129,12900,129.0,101.12547051328201,2.3038739062995413e-18,13.599671144833646,13.599671144833646,
f1e329583a,180,130,13000,130.0,101.12547051328201,2.3038739062995413e-18,13.599671144833646,13.599671144833646,
f1e329583a,180,131,13100,131.0,101.12547051328201,2.3038739062995413e-18,13.599671144833646,13.599671144833646,
f1e329583a,180,132,13200,132.0,101.12547051328201,2.3038739062995413e-18,13.599671144833646,13.599671144833646,
f1e329583a,180,133,13300,133.0,101.12547051328201,2.3038739062995413e-18,13.599671144833646,13.599671144833646,
f1e329583a,180,134,13400,134.0,101.12547051328201,2.3038739062995413e-18,13.599671144833646,13.599671144833646,
f1e329583a,180,135,13500,135.0,101.12547051328201,2.3038739062995413e-18,13.599671144833646,13.599671144833646,
f1e329583a,180,136,13600,136.0,101.12547051328201,2.3038739062995413e-18,13.599671144833646,13.599671144833646,
f1e329583a,180,137,13700,137.0,101.12547051328201,2.3038739062995413e-18,13.599671144833646,13.599671144833646,
f1e329583a,180,138,13800,138.0,101.12547051328201,2.3038739062995413e-18,13.599671144833646,13.599671144833646,
f1e329583a,180,139,13900,139.0,101.12547051328201,2.3038739062995413e-18,13.599671144833646,13.599671144833646,
f1e329583a,180,140,14000,140.0,101.12547051328201,2.3038739062995413e-18,13.599671144833646,13.599671144833646,
f1e329583a,180,141,14100,141.0,101.12547051328201,2.3038739062995413e-18,13.599671144833646,13.599671144833646,
f1e329583a,180,142,14200,142.0,101.12547051328201,2.3038739062995413e-18,13.599671144833646,13.599671144833646,
f1e329583a,180,143,14300,143.0,101.12547051328201,2.3038739062995413e-18,13.599671144833646,13.599671144833646,
f1e329583a,180,144,14400,144.0,101.12547051328201,2.3038739062995413e-18,13.599671144833646,13.599671144833646,
f1e329583a,180,145,14500,145.0,101.12547051328201,2.3038739062995413e-18,13.599671144833646,13.599671144833646,
f1e329583a,180,146,14600,146.0,101.12547051328201,2.3038739062995413e-18,13.599671144833646,13.599671144833646,
f1e329583a,180,147,14700,147.0,101.12547051328201,2.3038739062995413e-18,13.599671144833646,13.599671144833646,
f1e329583a,180,148,14800,148.0,101.12547051328201,2.3038739062995413e-18,13.599671144833646,13.599671144833646,
f1e329583a,180,149,14900,149.0,101.12547051328201,2.3038739062995413e-18,13.599671144833646,13.599671144833646,
f1e329583a,180,150,15000,150.0,101.12547051328201,2.3038739062995413e-18,13.599671144833646,13.599671144833646,
f1e329583a,180,151,15100,151.0,101.12547051328201,2.3038739062995413e-18,13.599671144833646,13.599671144833646,
f1e329583a,180,152,15200,152.0,101.12547051328201,2.3038739062995413e-18,13.599671144833646,13.599671144833646,
f1e329583a,180,153,15300,153.0,101.12547051328201,2.3038739062995413e-18,13.599671144833646,13.599671144833646,
f1e329583a,180,154,15400,154.0,101.12547051328201,2.3038739062995413e-18,13.599671144833646,13.599671144833646,
f1e329583a,180,155,15500,155.0,101.12547051328201,2.3038739062995413e-18,13.599671144833646,13.599671144833646,
f1e329583a,180,156,15600,156.0,101.12547051328201,2.3038739062995413e-18,13.599671144833646,13.599671144833646,
f1e329583a,180,157,15700,157.0,101.12547051328201,2.3038739062995413e-18,13.599671144833646,13.599671144833646,
f1e329583a,180,158,15800,158.0,101.12547051328201,2.3038739062995413e-18,13.599671144833646,13.599671144833646,
f1e329583a,180,159,15900,159.0,101.12547051328201,2.3038739062995413e-18,13.599671144833646,13.599671144833646,
f1e329583a,180,160,16000,160.0,101.12547051328201,2.3038739062995413e-18,13.599671144833646,13.599671144833646,
f1e329583a,180,161,16100,161.0,101.12547051328201,2.3038739062995413e-18,13.599671144833646,13.599671144833646,
f1e329583a,180,162,16200,162.0,101.12547051328201,2.3038739062995413e-18,13.599671144833646,13.599671144833646,
f1e329583a,180,163,16300,163.0,101.12547051328201,2.3038739062995413e-18,13.599671144833646,13.599671144833646,
f1e329583a,180,164,16400,164.0,101.12547051328201,2.3038739062995413e-18,13.599671144833646,13.599671144833646,
f1e329583a,180,165,16500,165.0,101.12547051328201,2.3038739062995413e-18,13.599671144833646,13.599671144833646,
f1e329583a,180,166,16600,166.0,101.12547051328201,2.3038739062995413e-18,13.599671144833646,13.599671144833646,
f1e329583a,180,167,16700,167.0,101.12547051328201,2.3038739062995413e-18,13.599671144833646,13.599671144833646,
f1e329583a,180,168,16800,168.0,101.12547051328201,2.3038739062995413e-18,13.599671144833646,13.599671144833646,
f1e329583a,180,169,16900,169.0,101.12547051328201,2.3038739062995413e-18,13.599671144833646,13.599671144833646,
f1e329583a,180,170,17000,170.0,101.12547051328201,2.3038739062995413e-18,13.599671144833646,13.599671144833646,
f1e329583a,180,171,17100,171.0,101.12547051328201,2.3038739062995413e-18,13.599671144833646,13.599671144833646,
f1e329583a,180,172,17200,172.0,101.12547051328201,2.3038739062995413e-18,13.599671144833646,13.599671144833646,
f1e329583a,180,173,17300,173.0,101.12547051328201,2.3038739062995413e-18,13.599671144833646,13.599671144833646,
f1e329583a,180,174,17400,174.0,101.12547051328201,2.3038739062995413e-18,13.599671144833646,13.599671144833646,
f1e329583a,180,175,17500,175.0,101.12547051328201,2.3038739062995413e-18,13.599671144833646,13.599671144833646,
f1e329583a,180,176,17600,176.0,101.12547051328201,2.3038739062995413e-18,13.599671144833646,13.599671144833646,
f1e329583a,180,177,17700,177.0,101.12547051328201,2.3038739062995413e-18,13.599671144833646,13.599671144833646,
f1e329583a,180,178,17800,178.0,101.12547051328201,2.3038739062995413e-18,13.599671144833646,13.599671144833646,
f1e329583a,180,179,17900,179.0,101.12547051328201,,13.599671144833646,13.599671144833646,
7350350f3d,180,0,0,0.0,516651013610901.0,10.62620582411702,119640441474639.08,119640441474639.08,"ProjectedCommonDirectionsConfig(subspace_no_grads=1, subspace_frac_updates=0, subspace_frac_random=0.02, direction_str=sd, random_proj=True, random_proj_dim_frac=1, inner_use_full_grad=True, orth_P_k=True, beta=0.001, tau=0.5, c_const=inf, N_try=200, alpha_max=100, p_const=1)"
7350350f3d,180,1,100,1.0,27414268571048.457,2.4477548085620664,27559269109336.145,27559269109336.145,
7350350f3d,180,2,200,2.0,1454641724362.1858,0.5638422313673376,6348299157704.229,6348299157704.229,
7350350f3d,180,3,300,3.0,77185446084.66733,0.1298814982453483,1462335667750.181,1462335667750.181,
7350350f3d,180,4,400,4.0,4095574270.5689464,0.02991830453272021,336850162862.78925,336850162862.78925,
7350350f3d,180,5,500,5.0,217317337.08455664,0.006891704809423424,77593698029.16698,77593698029.16698,
7350350f3d,180,6,600,6.0,11531275.776695391,0.0015875095839166544,17873768926.435345,17873768926.435345,
7350350f3d,180,7,700,7.0,611962.3441643133,0.00036568407218800803,4117236628.103096,4117236628.103096,
7350350f3d,180,8,800,8.0,32567.388645290932,8.423561155580359e-05,948408672.0351068,948408672.0351068,
7350350f3d,180,9,900,9.0,1823.833516599468,1.9403738893290493e-05,218466678.12354362,218466678.12354362,
7350350f3d,180,10,1000,10.0,192.53491286434726,4.469666404537495e-06,50323969.88486371,50323969.88486371,
7350350f3d,180,11,1100,11.0,105.97579101437873,1.0295911461642748e-06,11592165.755523484,11592165.755523484,
7350350f3d,180,12,1200,12.0,101.38283570831385,2.3716712433738796e-07,2670264.4319759808,2670264.4319759808,
7350350f3d,180,13,1300,13.0,101.13912669377642,5.4631632207197895e-08,615097.4961274462,615097.4961274462,
7350350f3d,180,14,1400,14.0,101.1261951317782,1.2584439191258706e-08,141688.18913104842,141688.18913104842,
7350350f3d,180,15,1500,15.0,101.12550896342995,2.898835442982466e-09,32637.985552060545,32637.985552060545,
7350350f3d,180,16,1600,16.0,101.12547255554654,6.67748987267449e-10,7518.18522558677,7518.18522558677,
7350350f3d,180,17,1700,17.0,101.12547062285049,1.5381646158762808e-10,1731.8193977237243,1731.8193977237243,
7350350f3d,180,18,1800,18.0,101.12547051975467,3.543175221186954e-11,398.9260651461484,398.9260651461484,
7350350f3d,180,19,1900,19.0,101.12547051458438,1.6323529244530002e-11,91.89330027879586,91.89330027879586,
7350350f3d,180,20,2000,20.0,101.12547051449698,2.9804830194204947e-12,134.22902215646232,134.22902215646232,
7350350f3d,180,21,2100,21.0,101.1254705139502,2.0153435185605263e-15,92.9413152687384,92.9413152687384,
7350350f3d,180,22,2200,22.0,101.12547051383008,1.0315457810775738e-12,92.91338390553135,92.91338390553135,
7350350f3d,180,23,2300,23.0,101.12547051374327,8.524385643073282e-16,78.62358017168846,78.62358017168846,
7350350f3d,180,24,2400,24.0,101.1254705131647,5.32698686870837e-17,78.61245076085979,78.61245076085979,
7350350f3d,180,25,2500,25.0,101.12547051316126,6.658725848402386e-18,78.61235941278292,78.61235941278292,
7350350f3d,180,26,2600,26.0,101.12547051316126,3.329362924201193e-18,78.61235941278292,78.61235941278292,
7350350f3d,180,27,2700,27.0,101.12547051316126,3.329362924201193e-18,78.61235941278292,78.61235941278292,
7350350f3d,180,28,2800,28.0,101.12547051316126,3.329362924201193e-18,78.61235941278292,78.61235941278292,
7350350f3d,180,29,2900,29.0,101.12547051316126,3.329362924201193e-18,78.61235941278292,78.61235941278292,
7350350f3d,180,30,3000,30.0,101.12547051316126,3.329362924201193e-18,78.61235941278292,78.61235941278292,
7350350f3d,180,31,3100,31.0,101.12547051316126,3.329362924201193e-18,78.61235941278292,78.61235941278292,
7350350f3d,180,32,3200,32.0,101.12547051316126,3.329362924201193e-18,78.61235941278292,78.61235941278292,
7350350f3d,180,33,3300,33.0,101.12547051316126,3.329362924201193e-18,78.61235941278292,78.61235941278292,
7350350f3d,180,34,3400,34.0,101.12547051316126,3.329362924201193e-18,78.61235941278292,78.61235941278292,
7350350f3d,180,35,3500,35.0,101.12547051316126,3.329362924201193e-18,78.61235941278292,78.61235941278292,
7350350f3d,180,36,3600,36.0,101.12547051316126,3.329362924201193e-18,78.61235941278292,78.61235941278292,
7350350f3d,180,37,3700,37.0,101.12547051316126,3.329362924201193e-18,78.61235941278292,78.61235941278292,
7350350f3d,180,38,3800,38.0,101.12547051316126,3.329362924201193e-18,78.61235941278292,78.61235941278292,
7350350f3d,180,39,3900,39.0,101.12547051316126,3.329362924201193e-18,78.61235941278292,78.61235941278292,
7350350f3d,180,40,4000,40.0,101.12547051316126,3.329362924201193e-18,78.61235941278292,78.61235941278292,
7350350f3d,180,41,4100,41.0,101.12547051316126,3.329362924201193e-18,78.61235941278292,78.61235941278292,
7350350f3d,180,42,4200,42.0,101.12547051316126,3.329362924201193e-18,78.61235941278292,78.61235941278292,
7350350f3d,180,43,4300,43.0,101.12547051316126,3.329362924201193e-18,78.61235941278292,78.61235941278292,
7350350f3d,180,44,4400,44.0,101.12547051316126,3.329362924201193e-18,78.61235941278292,78.61235941278292,
7350350f3d,180,45,4500,45.0,101.12547051316126,3.329362924201193e-18,78.61235941278292,78.61235941278292,
7350350f3d,180,46,4600,46.0,101.12547051316126,3.329362924201193e-18,78.61235941278292,78.61235941278292,
7350350f3d,180,47,4700,47.0,101.12547051316126,3.329362924201193e-18,78.61235941278292,78.61235941278292,
7350350f3d,180,48,4800,48.0,101.12547051316126,3.329362924201193e-18,78.61235941278292,78.61235941278292,
7350350f3d,180,49,4900,49.0,101.12547051316126,3.329362924201193e-18,78.61235941278292,78.61235941278292,
7350350f3d,180,50,5000,50.0,101.12547051316126,3.329362924201193e-18,78.61235941278292,78.61235941278292,
7350350f3d,180,51,5100,51.0,101.12547051316126,3.329362924201193e-18,78.61235941278292,78.61235941278292,
7350350f3d,180,52,5200,52.0,101.12547051316126,3.329362924201193e-18,78.61235941278292,78.61235941278292,
7350350f3d,180,53,5300,53.0,101.12547051316126,3.329362924201193e-18,78.61235941278292,78.61235941278292,
7350350f3d,180,54,5400,54.0,101.12547051316126,3.329362924201193e-18,78.61235941278292,78.61235941278292,
7350350f3d,180,55,5500,55.0,101.12547051316126,3.329362924201193e-18,78.61235941278292,78.61235941278292,
7350350f3d,180,56,5600,56.0,101.12547051316126,3.329362924201193e-18,78.61235941278292,78.61235941278292,
7350350f3d,180,57,5700,57.0,101.12547051316126,3.329362924201193e-18,78.61235941278292,78.61235941278292,
7350350f3d,180,58,5800,58.0,101.12547051316126,3.329362924201193e-18,78.61235941278292,78.61235941278292,
7350350f3d,180,59,5900,59.0,101.12547051316126,3.329362924201193e-18,78.61235941278292,78.61235941278292,
7350350f3d,180,60,6000,60.0,101.12547051316126,3.329362924201193e-18,78.61235941278292,78.61235941278292,
7350350f3d,180,61,6100,61.0,101.12547051316126,3.329362924201193e-18,78.61235941278292,78.61235941278292,
7350350f3d,180,62,6200,62.0,101.12547051316126,3.329362924201193e-18,78.61235941278292,78.61235941278292,
7350350f3d,180,63,6300,63.0,101.12547051316126,3.329362924201193e-18,78.61235941278292,78.61235941278292,
7350350f3d,180,64,6400,64.0,101.12547051316126,3.329362924201193e-18,78.61235941278292,78.61235941278292,
7350350f3d,180,65,6500,65.0,101.12547051316126,3.329362924201193e-18,78.61235941278292,78.61235941278292,
7350350f3d,180,66,6600,66.0,101.12547051316126,3.329362924201193e-18,78.61235941278292,78.61235941278292,
7350350f3d,180,67,6700,67.0,101.12547051316126,3.329362924201193e-18,78.61235941278292,78.61235941278292,
7350350f3d,180,68,6800,68.0,101.12547051316126,3.329362924201193e-18,78.61235941278292,78.61235941278292,
7350350f3d,180,69,6900,69.0,101.12547051316126,3.329362924201193e-18,78.61235941278292,78.61235941278292,
7350350f3d,180,70,7000,70.0,101.12547051316126,3.329362924201193e-18,78.61235941278292,78.61235941278292,
7350350f3d,180,71,7100,71.0,101.12547051316126,3.329362924201193e-18,78.61235941278292,78.61235941278292,
7350350f3d,180,72,7200,72.0,101.12547051316126,3.329362924201193e-18,78.61235941278292,78.61235941278292,
7350350f3d,180,73,7300,73.0,101.12547051316126,3.329362924201193e-18,78.61235941278292,78.61235941278292,
7350350f3d,180,74,7400,74.0,101.12547051316126,3.329362924201193e-18,78.61235941278292,78.61235941278292,
7350350f3d,180,75,7500,75.0,101.12547051316126,3.329362924201193e-18,78.61235941278292,78.61235941278292,
7350350f3d,180,76,7600,76.0,101.12547051316126,3.329362924201193e-18,78.61235941278292,78.61235941278292,
7350350f3d,180,77,7700,77.0,101.12547051316126,3.329362924201193e-18,78.61235941278292,78.61235941278292,
7350350f3d,180,78,7800,78.0,101.12547051316126,3.329362924201193e-18,78.61235941278292,78.61235941278292,
7350350f3d,180,79,7900,79.0,101.12547051316126,3.329362924201193e-18,78.61235941278292,78.61235941278292,
7350350f3d,180,80,8000,80.0,101.12547051316126,3.329362924201193e-18,78.61235941278292,78.61235941278292,
7350350f3d,180,81,8100,81.0,101.12547051316126,3.3293629242011934e-18,78.61235941278292,78.61235941278292,
7350350f3d,180,82,8200,82.0,101.12547051316126,3.329362924201193e-18,78.61235941278292,78.61235941278292,
7350350f3d,180,83,8300,83.0,101.12547051316126,3.329362924201193e-18,78.61235941278292,78.61235941278292,
7350350f3d,180,84,8400,84.0,101.12547051316126,3.329362924201193e-18,78.61235941278292,78.61235941278292,
7350350f3d,180,85,8500,85.0,101.12547051316126,3.329362924201193e-18,78.61235941278292,78.61235941278292,
7350350f3d,180,86,8600,86.0,101.12547051316126,3.329362924201193e-18,78.61235941278292,78.61235941278292,
7350350f3d,180,87,8700,87.0,101.12547051316126,3.329362924201193e-18,78.61235941278292,78.61235941278292,
7350350f3d,180,88,8800,88.0,101.12547051316126,3.329362924201193e-18,78.61235941278292,78.61235941278292,
7350350f3d,180,89,8900,89.0,101.12547051316126,3.329362924201193e-18,78.61235941278292,78.61235941278292,
7350350f3d,180,90,9000,90.0,101.12547051316126,3.329362924201193e-18,78.61235941278292,78.61235941278292,
7350350f3d,180,91,9100,91.0,101.12547051316126,3.329362924201193e-18,78.61235941278292,78.61235941278292,
7350350f3d,180,92,9200,92.0,101.12547051316126,3.329362924201193e-18,78.61235941278292,78.61235941278292,
7350350f3d,180,93,9300,93.0,101.12547051316126,3.329362924201193e-18,78.61235941278292,78.61235941278292,
7350350f3d,180,94,9400,94.0,101.12547051316126,3.329362924201193e-18,78.61235941278292,78.61235941278292,
7350350f3d,180,95,9500,95.0,101.12547051316126,3.329362924201193e-18,78.61235941278292,78.61235941278292,
7350350f3d,180,96,9600,96.0,101.12547051316126,3.329362924201193e-18,78.61235941278292,78.61235941278292,
7350350f3d,180,97,9700,97.0,101.12547051316126,3.329362924201193e-18,78.61235941278292,78.61235941278292,
7350350f3d,180,98,9800,98.0,101.12547051316126,3.329362924201193e-18,78.61235941278292,78.61235941278292,
7350350f3d,180,99,9900,99.0,101.12547051316126,3.329362924201193e-18,78.61235941278292,78.61235941278292,
7350350f3d,180,100,10000,100.0,101.12547051316126,3.329362924201193e-18,78.61235941278292,78.61235941278292,
7350350f3d,180,101,10100,101.0,101.12547051316126,3.329362924201193e-18,78.61235941278292,78.61235941278292,
7350350f3d,180,102,10200,102.0,101.12547051316126,3.329362924201193e-18,78.61235941278292,78.61235941278292,
7350350f3d,180,103,10300,103.0,101.12547051316126,3.329362924201193e-18,78.61235941278292,78.61235941278292,
7350350f3d,180,104,10400,104.0,101.12547051316126,3.3293629242011934e-18,78.61235941278292,78.61235941278292,
7350350f3d,180,105,10500,105.0,101.12547051316126,3.329362924201193e-18,78.61235941278292,78.61235941278292,
7350350f3d,180,106,10600,106.0,101.12547051316126,3.329362924201193e-18,78.61235941278292,78.61235941278292,
7350350f3d,180,107,10700,107.0,101.12547051316126,3.329362924201193e-18,78.61235941278292,78.61235941278292,
7350350f3d,180,108,10800,108.0,101.12547051316126,3.329362924201193e-18,78.61235941278292,78.61235941278292,
7350350f3d,180,109,10900,109.0,101.12547051316126,3.329362924201193e-18,78.61235941278292,78.61235941278292,
7350350f3d,180,110,11000,110.0,101.12547051316126,3.329362924201193e-18,78.61235941278292,78.61235941278292,
7350350f3d,180,111,11100,111.0,101.12547051316126,3.329362924201193e-18,78.61235941278292,78.61235941278292,
7350350f3d,180,112,11200,112.0,101.12547051316126,3.329362924201193e-18,78.61235941278292,78.61235941278292,
7350350f3d,180,113,11300,113.0,101.12547051316126,3.329362924201193e-18,78.61235941278292,78.61235941278292,
7350350f3d,180,114,11400,114.0,101.12547051316126,3.329362924201193e-18,78.61235941278292,78.61235941278292,
7350350f3d,180,115,11500,115.0,101.12547051316126,3.329362924201193e-18,78.61235941278292,78.61235941278292,
7350350f3d,180,116,11600,116.0,101.12547051316126,3.329362924201193e-18,78.61235941278292,78.61235941278292,
7350350f3d,180,117,11700,117.0,101.12547051316126,3.329362924201193e-18,78.61235941278292,78.61235941278292,
7350350f3d,180,118,11800,118.0,101.12547051316126,3.329362924201193e-18,78.61235941278292,78.61235941278292,
7350350f3d,180,119,11900,119.0,101.12547051316126,3.329362924201193e-18,78.61235941278292,78.61235941278292,
7350350f3d,180,120,12000,120.0,101.12547051316126,3.329362924201193e-18,78.61235941278292,78.61235941278292,
7350350f3d,180,121,12100,121.0,101.12547051316126,3.329362924201193e-18,78.61235941278292,78.61235941278292,
7350350f3d,180,122,12200,122.0,101.12547051316126,3.329362924201193e-18,78.61235941278292,78.61235941278292,
7350350f3d,180,123,12300,123.0,101.12547051316126,3.329362924201193e-18,78.61235941278292,78.61235941278292,
7350350f3d,180,124,12400,124.0,101.12547051316126,3.329362924201193e-18,78.61235941278292,78.61235941278292,
7350350f3d,180,125,12500,125.0,101.12547051316126,3.329362924201193e-18,78.61235941278292,78.61235941278292,
7350350f3d,180,126,12600,126.0,101.12547051316126,3.329362924201193e-18,78.61235941278292,78.61235941278292,
7350350f3d,180,127,12700,127.0,101.12547051316126,3.329362924201193e-18,78.61235941278292,78.61235941278292,
7350350f3d,180,128,12800,128.0,101.12547051316126,3.329362924201193e-18,78.61235941278292,78.61235941278292,
7350350f3d,180,129,12900,129.0,101.12547051316126,3.329362924201193e-18,78.61235941278292,78.61235941278292,
7350350f3d,180,130,13000,130.0,101.12547051316126,3.329362924201193e-18,78.61235941278292,78.61235941278292,
7350350f3d,180,131,13100,131.0,101.12547051316126,3.329362924201193e-18,78.61235941278292,78.61235941278292,
7350350f3d,180,132,13200,132.0,101.12547051316126,3.329362924201193e-18,78.61235941278292,78.61235941278292,
7350350f3d,180,133,13300,133.0,101.12547051316126,3.329362924201193e-18,78.61235941278292,78.61235941278292,
7350350f3d,180,134,13400,134.0,101.12547051316126,3.329362924201193e-18,78.61235941278292,78.61235941278292,
7350350f3d,180,135,13500,135.0,101.12547051316126,3.329362924201193e-18,78.61235941278292,78.61235941278292,
7350350f3d,180,136,13600,136.0,101.12547051316126,3.329362924201193e-18,78.61235941278292,78.61235941278292,
7350350f3d,180,137,13700,137.0,101.12547051316126,3.329362924201193e-18,78.61235941278292,78.61235941278292,
7350350f3d,180,138,13800,138.0,101.12547051316126,3.329362924201193e-18,78.61235941278292,78.61235941278292,
7350350f3d,180,139,13900,139.0,101.12547051316126,3.329362924201193e-18,78.61235941278292,78.61235941278292,
7350350f3d,180,140,14000,140.0,101.12547051316126,3.329362924201193e-18,78.61235941278292,78.61235941278292,
7350350f3d,180,141,14100,141.0,101.12547051316126,3.329362924201193e-18,78.61235941278292,78.61235941278292,
7350350f3d,180,142,14200,142.0,101.12547051316126,3.329362924201193e-18,78.61235941278292,78.61235941278292,
7350350f3d,180,143,14300,143.0,101.12547051316126,3.329362924201193e-18,78.61235941278292,78.61235941278292,
7350350f3d,180,144,14400,144.0,101.12547051316126,3.329362924201193e-18,78.61235941278292,78.61235941278292,
7350350f3d,180,145,14500,145.0,101.12547051316126,3.329362924201193e-18,78.61235941278292,78.61235941278292,
7350350f3d,180,146,14600,146.0,101.12547051316126,3.329362924201193e-18,78.61235941278292,78.61235941278292,
7350350f3d,180,147,14700,147.0,101.12547051316126,3.329362924201193e-18,78.61235941278292,78.61235941278292,
7350350f3d,180,148,14800,148.0,101.12547051316126,3.329362924201193e-18,78.61235941278292,78.61235941278292,
7350350f3d,180,149,14900,149.0,101.12547051316126,3.329362924201193e-18,78.61235941278292,78.61235941278292,
7350350f3d,180,150,15000,150.0,101.12547051316126,3.329362924201193e-18,78.61235941278292,78.61235941278292,
7350350f3d,180,151,15100,151.0,101.12547051316126,3.329362924201193e-18,78.61235941278292,78.61235941278292,
7350350f3d,180,152,15200,152.0,101.12547051316126,3.329362924201193e-18,78.61235941278292,78.61235941278292,
7350350f3d,180,153,15300,153.0,101.12547051316126,3.329362924201193e-18,78.61235941278292,78.61235941278292,
7350350f3d,180,154,15400,154.0,101.12547051316126,3.329362924201193e-18,78.61235941278292,78.61235941278292,
7350350f3d,180,155,15500,155.0,101.12547051316126,3.329362924201193e-18,78.61235941278292,78.61235941278292,
7350350f3d,180,156,15600,156.0,101.12547051316126,3.329362924201193e-18,78.61235941278292,78.61235941278292,
7350350f3d,180,157,15700,157.0,101.12547051316126,3.329362924201193e-18,78.61235941278292,78.61235941278292,
7350350f3d,180,158,15800,158.0,101.12547051316126,3.3293629242011934e-18,78.61235941278292,78.61235941278292,
7350350f3d,180,159,15900,159.0,101.12547051316126,3.329362924201193e-18,78.61235941278292,78.61235941278292,
7350350f3d,180,160,16000,160.0,101.12547051316126,3.329362924201193e-18,78.61235941278292,78.61235941278292,
7350350f3d,180,161,16100,161.0,101.12547051316126,3.329362924201193e-18,78.61235941278292,78.61235941278292,
7350350f3d,180,162,16200,162.0,101.12547051316126,3.329362924201193e-18,78.61235941278292,78.61235941278292,
7350350f3d,180,163,16300,163.0,101.12547051316126,3.3293629242011934e-18,78.61235941278292,78.61235941278292,
7350350f3d,180,164,16400,164.0,101.12547051316126,3.329362924201193e-18,78.61235941278292,78.61235941278292,
7350350f3d,180,165,16500,165.0,101.12547051316126,3.329362924201193e-18,78.61235941278292,78.61235941278292,
7350350f3d,180,166,16600,166.0,101.12547051316126,3.329362924201193e-18,78.61235941278292,78.61235941278292,
7350350f3d,180,167,16700,167.0,101.12547051316126,3.329362924201193e-18,78.61235941278292,78.61235941278292,
7350350f3d,180,168,16800,168.0,101.12547051316126,3.329362924201193e-18,78.61235941278292,78.61235941278292,
7350350f3d,180,169,16900,169.0,101.12547051316126,3.329362924201193e-18,78.61235941278292,78.61235941278292,
7350350f3d,180,170,17000,170.0,101.12547051316126,3.329362924201193e-18,78.61235941278292,78.61235941278292,
7350350f3d,180,171,17100,171.0,101.12547051316126,3.329362924201193e-18,78.61235941278292,78.61235941278292,
7350350f3d,180,172,17200,172.0,101.12547051316126,3.329362924201193e-18,78.61235941278292,78.61235941278292,
7350350f3d,180,173,17300,173.0,101.12547051316126,3.329362924201193e-18,78.61235941278292,78.61235941278292,
7350350f3d,180,174,17400,174.0,101.12547051316126,3.329362924201193e-18,78.61235941278292,78.61235941278292,
7350350f3d,180,175,17500,175.0,101.12547051316126,3.329362924201193e-18,78.61235941278292,78.61235941278292,
7350350f3d,180,176,17600,176.0,101.12547051316126,3.329362924201193e-18,78.61235941278292,78.61235941278292,
7350350f3d,180,177,17700,177.0,101.12547051316126,3.329362924201193e-18,78.61235941278292,78.61235941278292,
7350350f3d,180,178,17800,178.0,101.12547051316126,3.329362924201193e-18,78.61235941278292,78.61235941278292,
7350350f3d,180,179,17900,179.0,101.12547051316126,,78.61235941278292,78.61235941278292,
