run_id,equiv_grad_budget,row,deriv_evals,equiv_grad_evals,f_vals,update_norms,full_grad_norms,proj_grad_norms,config_str
adb6671da8,40000,0,0,0.0,516651013610901.0,5.085485205155608,119640441474639.08,95416532316032.38,"ProjectedCommonDirectionsConfig(subspace_frac_grads=0.1, subspace_frac_updates=0.1, subspace_frac_random=0.1, direction_str=newton, use_hess=True, random_proj=True, random_proj_dim_frac=0.6, ensemble=haar, inner_use_full_grad=True, reg_lambda=0, orth_P_k=True, beta=0.001, tau=0.5, c_const=inf, N_try=200, alpha_max=1, p_const=1)"
adb6671da8,40000,1,3190,31.9,129162753402801.28,4.5496747357954765,59820220737319.56,47605837675953.61,
adb6671da8,40000,2,6380,63.8,101.12547051503687,2.0697124170737295e-06,0.04967400285869931,0.03591064812628994,
adb6671da8,40000,3,9570,95.7,101.1254705146483,4.499632394233253e-07,0.00013066910142269574,9.85524913626391e-05,
adb6671da8,40000,4,12760,127.6,101.12547051310786,1.1486655891136428e-12,0.00023417650736830238,0.0002027991206632543,
adb6671da8,40000,5,15950,159.5,101.1254705130207,1.6079619653982374e-16,0.0006833954539559811,0.0005176868375130203,
adb6671da8,40000,6,19140,191.4,101.12547051301584,1.6288782650589866e-16,0.0006812076830093084,0.0005130049424388334,
adb6671da8,40000,7,22330,223.3,101.12547051288273,2.027685205087404e-17,0.0008717668905761111,0.0006971384939545364,
adb6671da8,40000,8,25520,255.2,101.12547051288273,8.038697525637804e-18,0.0008717668905761111,0.0007123526001451753,
adb6671da8,40000,9,28710,287.1,101.12547051288273,7.508720557017925e-15,0.0008717668905761111,0.0006539302916308934,
adb6671da8,40000,10,31900,319.0,101.12547051247661,7.356263023257711e-16,0.0005568890701528298,0.0004288240776936269,
adb6671da8,40000,11,35090,350.9,101.12547051227938,8.233181181839629e-17,0.00042880056600838585,0.00031728966807514973,
adb6671da8,40000,12,38280,382.8,101.12547051223383,9.604269729118399e-17,0.00036954966391562164,0.00028300012998889296,
adb6671da8,40000,13,41470,414.7,101.12547051214274,1.8726516464864425e-18,0.00048683711707289484,0.00038187917639183805,
adb6671da8,40000,14,44660,446.6,101.12547051214274,1.3297626815627118e-17,0.00048683711707289484,0.0003802736553095503,
adb6671da8,40000,15,47850,478.5,101.12547051214274,3.4854132325714215e-17,0.00048683711707289484,0.00035044425426111997,
adb6671da8,40000,16,51040,510.4,101.12547051214274,4.139775983235615e-18,0.00048683711707289484,0.0003511061453762478,
adb6671da8,40000,17,54230,542.3,101.12547051214274,1.4823249587667483e-17,0.00048683711707289484,0.0003581966914686111,
adb6671da8,40000,18,57420,574.2,101.12547051214274,4.8574241438701766e-17,0.00048683711707289484,0.0004138633187931398,
adb6671da8,40000,19,60610,606.1,101.12547051213267,1.699349077063934e-17,0.00047507997873571324,0.00038474578505234125,
adb6671da8,40000,20,63800,638.0,101.12547051213267,1.070178751980054e-17,0.00047507997873571324,0.00037244163564945353,
adb6671da8,40000,21,66990,669.9,101.12547051213267,4.775388208467414e-17,0.00047507997873571324,0.00034563173801258426,
adb6671da8,40000,22,70180,701.8,101.12547051213193,1.3222412243881453e-17,0.00048405213115082003,0.00041479041900414584,
adb6671da8,40000,23,73370,733.7,101.12547051213193,1.5242026245495953e-17,0.00048405213115082003,0.0003822708751881747,
adb6671da8,40000,24,76560,765.6,101.12547051213193,1.2310945365755512e-17,0.00048405213115082003,0.00038919704364152283,
adb6671da8,40000,25,79750,797.5,101.12547051212623,9.92285949714622e-18,0.00047162798533809135,0.0003758671515459864,
adb6671da8,40000,26,82940,829.4,101.12547051212623,1.2419781580052931e-17,0.00047162798533809135,0.0003637655544435278,
adb6671da8,40000,27,86130,861.3,101.12547051212623,6.764267610105264e-18,0.00047162798533809135,0.0003858560476977138,
adb6671da8,40000,28,89320,893.2,101.12547051212623,7.064124766603011e-18,0.00047162798533809135,0.0003409552798844917,
adb6671da8,40000,29,92510,925.1,101.12547051212623,8.664817150049048e-18,0.00047162798533809135,0.00033129923801726645,
adb6671da8,40000,30,95700,957.0,101.12547051212623,2.1585597001684973e-18,0.00047162798533809135,0.0003427813499199579,
adb6671da8,40000,31,98890,988.9,101.12547051212623,2.15176844702215e-18,0.00047162798533809135,0.00034917029602544997,
adb6671da8,40000,32,102080,1020.8,101.12547051212623,2.727018272833316e-17,0.00047162798533809135,0.00036307602939945937,
adb6671da8,40000,33,105270,1052.7,101.12547051212623,7.386955114752815e-18,0.00047162798533809135,0.0003398772680891173,
adb6671da8,40000,34,108460,1084.6,101.12547051212623,2.2524379194741013e-17,0.00047162798533809135,0.00036080159545046563,
adb6671da8,40000,35,111650,1116.5,101.12547051212623,1.9462223574431823e-17,0.00047162798533809135,0.0003916820021571043,
adb6671da8,40000,36,114840,1148.4,101.12547051212623,2.6627150320721138e-17,0.00047162798533809135,0.00037608102299481255,
adb6671da8,40000,37,118030,1180.3,101.12547051212623,1.6953107476459135e-17,0.00047162798533809135,0.00036832168945010656,
adb6671da8,40000,38,121220,1212.2,101.12547051212623,9.673530667874757e-18,0.00047162798533809135,0.00038576212130396416,
adb6671da8,40000,39,124410,1244.1,101.12547051212623,1.5101337358754955e-17,0.00047162798533809135,0.00036834208313899446,
adb6671da8,40000,40,127600,1276.0,101.12547051212623,1.20010524424869e-17,0.00047162798533809135,0.00036946579886302714,
adb6671da8,40000,41,130790,1307.9,101.12547051212623,8.70737199980794e-18,0.00047162798533809135,0.0003354965246357382,
adb6671da8,40000,42,133980,1339.8,101.12547051212623,6.909997445019083e-18,0.00047162798533809135,0.0003443863930481557,
adb6671da8,40000,43,137170,1371.7,101.12547051212623,1.3136920207434073e-17,0.00047162798533809135,0.0003399934151113934,
adb6671da8,40000,44,140360,1403.6,101.12547051212623,8.700516331986047e-18,0.00047162798533809135,0.00035890139072501263,
adb6671da8,40000,45,143550,1435.5,101.12547051212623,1.9297757387340085e-17,0.00047162798533809135,0.0003520370813203754,
adb6671da8,40000,46,146740,1467.4,101.12547051212623,1.7522410018074338e-17,0.00047162798533809135,0.0003840095349300423,
adb6671da8,40000,47,149930,1499.3,101.12547051212623,2.344346893726023e-17,0.00047162798533809135,0.00038877820556529157,
adb6671da8,40000,48,153120,1531.2,101.12547051212623,9.163647671908348e-18,0.00047162798533809135,0.00034711479469892134,
adb6671da8,40000,49,156310,1563.1,101.12547051212623,1.4988020961478238e-17,0.00047162798533809135,0.0003648721175404734,
adb6671da8,40000,50,159500,1595.0,101.12547051212623,1.4789570562689467e-17,0.00047162798533809135,0.0003914918408780879,
adb6671da8,40000,51,162690,1626.9,101.12547051212623,1.3184593105450661e-17,0.00047162798533809135,0.00035476187187152695,
adb6671da8,40000,52,165880,1658.8,101.12547051212623,1.7045977795877364e-17,0.00047162798533809135,0.00036542494857560873,
adb6671da8,40000,53,169070,1690.7,101.12547051212623,9.04197756367986e-18,0.00047162798533809135,0.0003699019902556106,
adb6671da8,40000,54,172260,1722.6,101.12547051212623,9.174054534907091e-18,0.00047162798533809135,0.0003578959457426755,
adb6671da8,40000,55,175450,1754.5,101.12547051212623,7.934786111992439e-18,0.00047162798533809135,0.00037083653215165465,
adb6671da8,40000,56,178640,1786.4,101.12547051212623,6.8238244364580154e-18,0.00047162798533809135,0.0004087093323157698,
adb6671da8,40000,57,181830,1818.3,101.12547051212623,1.3241850958421497e-17,0.00047162798533809135,0.00038963990494352203,
adb6671da8,40000,58,185020,1850.2,101.12547051212623,8.890213745275857e-18,0.00047162798533809135,0.00035484983355399825,
adb6671da8,40000,59,188210,1882.1,101.12547051212623,5.4631400150965555e-18,0.00047162798533809135,0.000354427416444678,
adb6671da8,40000,60,191400,1914.0,101.12547051212623,3.428657596528611e-18,0.00047162798533809135,0.0003556517850870397,
adb6671da8,40000,61,194590,1945.9,101.12547051212623,2.533891293484585e-18,0.00047162798533809135,0.0003710380286006493,
adb6671da8,40000,62,197780,1977.8,101.12547051212623,7.399467921373585e-18,0.00047162798533809135,0.00037934340725005885,
adb6671da8,40000,63,200970,2009.7,101.12547051212623,1.4472569348502138e-17,0.00047162798533809135,0.00035453706054953764,
adb6671da8,40000,64,204160,2041.6,101.12547051212623,1.3420785425011562e-17,0.00047162798533809135,0.0003932819927393811,
adb6671da8,40000,65,207350,2073.5,101.12547051212623,6.99129265198798e-18,0.00047162798533809135,0.00033718165235073537,
adb6671da8,40000,66,210540,2105.4,101.12547051212623,8.150976477731588e-18,0.00047162798533809135,0.0003777778783759807,
adb6671da8,40000,67,213730,2137.3,101.12547051212623,1.2804696812210225e-17,0.00047162798533809135,0.0003489322128808884,
adb6671da8,40000,68,216920,2169.2,101.12547051212623,4.724228519813417e-18,0.00047162798533809135,0.0003629927678498447,
adb6671da8,40000,69,220110,2201.1,101.12547051212623,3.5975443152296625e-18,0.00047162798533809135,0.00034450268819889176,
adb6671da8,40000,70,223300,2233.0,101.12547051212623,6.009543683985418e-18,0.00047162798533809135,0.0003890824240818704,
adb6671da8,40000,71,226490,2264.9,101.12547051212623,3.137430003700206e-18,0.00047162798533809135,0.00038241036108821333,
adb6671da8,40000,72,229680,2296.8,101.12547051212623,2.0623751520305503e-18,0.00047162798533809135,0.0003784799929599594,
adb6671da8,40000,73,232870,2328.7,101.12547051212623,3.323228569890318e-18,0.00047162798533809135,0.0003914623213798967,
adb6671da8,40000,74,236060,2360.6,101.12547051212623,2.6076285232933957e-18,0.00047162798533809135,0.0003773982229509973,
adb6671da8,40000,75,239250,2392.5,101.12547051212623,2.600508708113654e-18,0.00047162798533809135,0.00037187994206471696,
adb6671da8,40000,76,242440,2424.4,101.12547051212623,2.520717820265899e-18,0.00047162798533809135,0.00031803102644306836,
adb6671da8,40000,77,245630,2456.3,101.12547051212623,2.5928404781667002e-18,0.00047162798533809135,0.00038105349292365015,
adb6671da8,40000,78,248820,2488.2,101.12547051212623,3.3673359871699138e-18,0.00047162798533809135,0.0003464721095426395,
adb6671da8,40000,79,252010,2520.1,101.12547051212623,2.0229552124265584e-18,0.00047162798533809135,0.00033048599724562635,
adb6671da8,40000,80,255200,2552.0,101.12547051212623,3.147176544404148e-11,0.00047162798533809135,0.0003652066917117968,
adb6671da8,40000,81,258390,2583.9,101.12547051173506,4.0962937618580566e-17,0.0014401394700335006,0.0011206128504766663,
adb6671da8,40000,82,261580,2615.8,101.12547051171826,1.9199700456457675e-17,0.0014604187097629988,0.0010886866224254928,
adb6671da8,40000,83,264770,2647.7,101.12547051171826,2.638020997667258e-17,0.0014604187097629988,0.0011815187487723485,
adb6671da8,40000,84,267960,2679.6,101.12547051171826,8.083274330719127e-18,0.0014604187097629988,0.001175728359248928,
adb6671da8,40000,85,271150,2711.5,101.12547051171826,1.1809444677999527e-17,0.0014604187097629988,0.0011346670933843565,
adb6671da8,40000,86,274340,2743.4,101.12547051171826,2.0483302595916666e-17,0.0014604187097629988,0.0010517113468814427,
adb6671da8,40000,87,277530,2775.3,101.12547051171826,1.1480980636194837e-17,0.0014604187097629988,0.0010368477624504388,
adb6671da8,40000,88,280720,2807.2,101.12547051171826,1.277731240842281e-17,0.0014604187097629988,0.0011879572741233576,
adb6671da8,40000,89,283910,2839.1,101.12547051169526,1.2267317419767824e-17,0.0014473065611797851,0.0011797047435128205,
adb6671da8,40000,90,287100,2871.0,101.12547051169526,1.96895580686074e-17,0.0014473065611797851,0.001120382398048982,
adb6671da8,40000,91,290290,2902.9,101.12547051169526,4.010628411790745e-17,0.0014473065611797851,0.0010684016501873936,
adb6671da8,40000,92,293480,2934.8,101.1254705116721,2.2001350657480156e-17,0.0014818445998241274,0.0010619909778875837,
adb6671da8,40000,93,296670,2966.7,101.12547051167031,1.2725750936233274e-17,0.0014666102594051889,0.0011178735678662565,
adb6671da8,40000,94,299860,2998.6,101.12547051167031,1.3402701753818568e-17,0.0014666102594051889,0.001114443443548727,
adb6671da8,40000,95,303050,3030.5,101.12547051167031,1.6184117668944642e-17,0.0014666102594051889,0.0010952134857110983,
adb6671da8,40000,96,306240,3062.4,101.12547051167031,1.1460165860522554e-17,0.0014666102594051889,0.0010993423794860148,
adb6671da8,40000,97,309430,3094.3,101.12547051167031,5.4256841338726453e-17,0.0014666102594051889,0.001199536849311528,
adb6671da8,40000,98,312620,3126.2,101.12547051162046,1.235099204672141e-17,0.0013540212908546288,0.0011675698882576625,
adb6671da8,40000,99,315810,3158.1,101.12547051162046,1.2436088435691495e-17,0.0013540212908546288,0.0010843842399346185,
adb6671da8,40000,100,319000,3190.0,101.1254705116203,1.1074431120832862e-17,0.0013451824508448733,0.0010840662513813685,
adb6671da8,40000,101,322190,3221.9,101.1254705116203,1.5486870765441942e-17,0.0013451824508448733,0.0009443403573422892,
adb6671da8,40000,102,325380,3253.8,101.1254705116203,6.411567313717163e-18,0.0013451824508448733,0.0010497183545455477,
adb6671da8,40000,103,328570,3285.7,101.1254705116203,2.0562977615282726e-18,0.0013451824508448733,0.0010223742339538669,
adb6671da8,40000,104,331760,3317.6,101.1254705116203,3.0732337723629618e-18,0.0013451824508448733,0.0010843714891897963,
adb6671da8,40000,105,334950,3349.5,101.1254705116203,3.922166888194064e-18,0.0013451824508448733,0.0009528027209688694,
adb6671da8,40000,106,338140,3381.4,101.1254705116203,1.1171041508586806e-17,0.0013451824508448733,0.0009315108854319675,
adb6671da8,40000,107,341330,3413.3,101.1254705116203,8.184166929990119e-18,0.0013451824508448733,0.0009838982285299443,
adb6671da8,40000,108,344520,3445.2,101.1254705116203,5.035349021443999e-17,0.0013451824508448733,0.001122960360006229,
adb6671da8,40000,109,347710,3477.1,101.12547051161924,6.527607578274268e-18,0.0013056086216313761,0.0009116924372775122,
adb6671da8,40000,110,350900,3509.0,101.12547051161908,7.507541846786682e-18,0.0012967697816216473,0.001039805736514748,
adb6671da8,40000,111,354090,3540.9,101.12547051161908,9.594228522611146e-18,0.0012967697816216473,0.001034051804594876,
adb6671da8,40000,112,357280,3572.8,101.12547051161908,8.163762840535058e-18,0.0012967697816216473,0.0010508791293150866,
adb6671da8,40000,113,360470,3604.7,101.12547051161908,9.287555343255175e-18,0.0012967697816216473,0.0010373622394381195,
adb6671da8,40000,114,363660,3636.6,101.12547051161908,9.786475042448555e-18,0.0012967697816216473,0.0010560086093753202,
adb6671da8,40000,115,366850,3668.5,101.12547051161908,6.489021847131713e-18,0.0012967697816216473,0.001000568478666134,
adb6671da8,40000,116,370040,3700.4,101.12547051161908,4.334325537269478e-18,0.0012967697816216473,0.0009720076231368369,
adb6671da8,40000,117,373230,3732.3,101.12547051161908,3.4173552521242575e-18,0.0012967697816216473,0.0010756629232167019,
adb6671da8,40000,118,376420,3764.2,101.12547051161908,2.386393561065277e-18,0.0012967697816216473,0.0010033453204959448,
adb6671da8,40000,119,379610,3796.1,101.12547051161908,4.5618868617916755e-18,0.0012967697816216473,0.0009276316736882114,
adb6671da8,40000,120,382800,3828.0,101.12547051161908,2.7082075680566047e-18,0.0012967697816216473,0.0009464999518681638,
adb6671da8,40000,121,385990,3859.9,101.12547051161908,2.983310067277559e-18,0.0012967697816216473,0.0010203506324732204,
adb6671da8,40000,122,389180,3891.8,101.12547051161908,4.19110756024795e-18,0.0012967697816216473,0.0009328760603898187,
adb6671da8,40000,123,392370,3923.7,101.12547051161908,2.887049190262214e-18,0.0012967697816216473,0.0009868547962305926,
adb6671da8,40000,124,395560,3955.6,101.12547051161908,2.9721333247150595e-18,0.0012967697816216473,0.0010614370256556297,
adb6671da8,40000,125,398750,3987.5,101.12547051161908,3.1789477556360632e-18,0.0012967697816216473,0.001108707314178077,
adb6671da8,40000,126,401940,4019.4,101.12547051161908,1.6664182344917417e-18,0.0012967697816216473,0.0010170582577271824,
adb6671da8,40000,127,405130,4051.3,101.12547051161908,2.9588983484129854e-18,0.0012967697816216473,0.0010252693799506856,
adb6671da8,40000,128,408320,4083.2,101.12547051161908,2.623378847782048e-18,0.0012967697816216473,0.0010053268232045694,
adb6671da8,40000,129,411510,4115.1,101.12547051161908,3.781558704243982e-18,0.0012967697816216473,0.0009581194991929301,
adb6671da8,40000,130,414700,4147.0,101.12547051161908,3.31618636173568e-18,0.0012967697816216473,0.001064561410869331,
adb6671da8,40000,131,417890,4178.9,101.12547051161908,4.218738218526037e-18,0.0012967697816216473,0.0010685535083657229,
adb6671da8,40000,132,421080,4210.8,101.12547051161908,1.448514562800634e-18,0.0012967697816216473,0.0010425045000275722,
adb6671da8,40000,133,424270,4242.7,101.12547051161908,3.3635297851034424e-18,0.0012967697816216473,0.0009982349574863404,
adb6671da8,40000,134,427460,4274.6,101.12547051161908,2.605586476012323e-18,0.0012967697816216473,0.0009978423969912082,
adb6671da8,40000,135,430650,4306.5,101.12547051161908,1.713162123242968e-18,0.0012967697816216473,0.0008855092168951419,
adb6671da8,40000,136,433840,4338.4,101.12547051161908,1.5665537456184465e-18,0.0012967697816216473,0.0010297267647210301,
adb6671da8,40000,137,437030,4370.3,101.12547051161908,1.0735813537810881e-16,0.0012967697816216473,0.0010037000764001399,
adb6671da8,40000,138,440220,4402.2,101.12547051161532,1.1014052500490388e-17,0.0014538100819188138,0.001102414218532211,
adb6671da8,40000,139,443410,4434.1,101.12547051161532,1.0223828929084766e-17,0.0014538100819188138,0.0010713689063016549,
adb6671da8,40000,140,446600,4466.0,101.12547051161532,1.3624172047404954e-17,0.0014538100819188138,0.0008589539041620254,
adb6671da8,40000,141,449790,4497.9,101.12547051161532,1.3605329369050972e-17,0.0014538100819188138,0.001153171813020907,
adb6671da8,40000,142,452980,4529.8,101.12547051160378,8.762448964045955e-18,0.0014467056264268446,0.00112461883402849,
adb6671da8,40000,143,456170,4561.7,101.12547051160378,1.176719725843666e-17,0.0014467056264268446,0.0010074781830412584,
adb6671da8,40000,144,459360,4593.6,101.12547051160378,1.3043985894488688e-17,0.0014467056264268446,0.0010935259067971386,
adb6671da8,40000,145,462550,4625.5,101.12547051160378,1.2815508641529828e-17,0.0014467056264268446,0.0011709955947290084,
adb6671da8,40000,146,465740,4657.4,101.12547051160378,1.0655736688893091e-17,0.0014467056264268446,0.0011816944628607075,
adb6671da8,40000,147,468930,4689.3,101.12547051160378,1.4224275806826174e-17,0.0014467056264268446,0.0010527411343995677,
adb6671da8,40000,148,472120,4721.2,101.12547051160378,1.2969991215047493e-17,0.0014467056264268446,0.0010306177305769778,
adb6671da8,40000,149,475310,4753.1,101.12547051160362,1.4131865730906978e-17,0.0014378667864175941,0.0011744416048129153,
adb6671da8,40000,150,478500,4785.0,101.12547051160362,8.226597540664884e-18,0.0014378667864175941,0.0011658497068573193,
adb6671da8,40000,151,481690,4816.9,101.12547051160362,5.498968359808117e-18,0.0014378667864175941,0.0012371915808527716,
adb6671da8,40000,152,484880,4848.8,101.12547051160362,2.0311848142278332e-17,0.0014378667864175941,0.0010797222836339314,
adb6671da8,40000,153,488070,4880.7,101.12547051160362,6.748147578235934e-18,0.0014378667864175941,0.0010611451479435505,
adb6671da8,40000,154,491260,4912.6,101.12547051160362,1.2438918309734426e-17,0.0014378667864175941,0.0011124678819891501,
adb6671da8,40000,155,494450,4944.5,101.12547051160362,2.6416261280059903e-17,0.0014378667864175941,0.001090729846914712,
adb6671da8,40000,156,497640,4976.4,101.12547051160021,9.055399575413737e-18,0.001404050448448412,0.0010599849152476179,
adb6671da8,40000,157,500830,5008.3,101.12547051160021,6.4496979605930365e-18,0.001404050448448412,0.00113872489629233,
adb6671da8,40000,158,504020,5040.2,101.12547051160021,1.1501065925072781e-17,0.001404050448448412,0.0009722593771315156,
adb6671da8,40000,159,507210,5072.1,101.12547051160021,1.458150880121181e-17,0.001404050448448412,0.0011352198896325398,
adb6671da8,40000,160,510400,5104.0,101.12547051160021,3.201105500567232e-18,0.001404050448448412,0.0010339479729780698,
adb6671da8,40000,161,513590,5135.9,101.12547051160021,1.314364938862369e-17,0.001404050448448412,0.001140081256304066,
adb6671da8,40000,162,516780,5167.8,101.12547051160021,5.74612152410141e-18,0.001404050448448412,0.001111509246525289,
adb6671da8,40000,163,519970,5199.7,101.12547051160021,3.1877166239164377e-18,0.001404050448448412,0.0011066602153705042,
adb6671da8,40000,164,523160,5231.6,101.12547051160021,1.0342578944254534e-16,0.001404050448448412,0.0011445167020683455,
adb6671da8,40000,165,526350,5263.5,101.12547051157289,1.354306303576315e-17,0.0014386699975321166,0.001165187095757744,
adb6671da8,40000,166,529540,5295.4,101.12547051157289,3.6402108946637047e-17,0.0014386699975321166,0.0010388670275791614,
adb6671da8,40000,167,532730,5327.3,101.1254705115593,2.1039714026543878e-17,0.0014274461624194724,0.0011952368685554306,
adb6671da8,40000,168,535920,5359.2,101.1254705115593,2.4017254005249028e-17,0.0014274461624194724,0.0009755907663067383,
adb6671da8,40000,169,539110,5391.1,101.1254705115429,7.51825811826572e-18,0.001395053049201777,0.0011057572034894316,
adb6671da8,40000,170,542300,5423.0,101.1254705115429,3.1611309229914893e-18,0.001395053049201777,0.001113113182048685,
adb6671da8,40000,171,545490,5454.9,101.1254705115429,3.4675230589160757e-18,0.001395053049201777,0.0011551024169018285,
adb6671da8,40000,172,548680,5486.8,101.1254705115429,3.1588794585138337e-18,0.001395053049201777,0.0012096687495625124,
adb6671da8,40000,173,551870,5518.7,101.1254705115429,9.681481575577322e-18,0.001395053049201777,0.0010907470661447346,
adb6671da8,40000,174,555060,5550.6,101.1254705115429,6.6947755684630636e-18,0.001395053049201777,0.0009011525094501905,
adb6671da8,40000,175,558250,5582.5,101.1254705115429,9.152917658545551e-18,0.001395053049201777,0.0012097947883023354,
adb6671da8,40000,176,561440,5614.4,101.1254705115429,6.1058696826899e-18,0.001395053049201777,0.0010098025487914673,
adb6671da8,40000,177,564630,5646.3,101.1254705115429,2.361097040568699e-18,0.001395053049201777,0.0010962413881467758,
adb6671da8,40000,178,567820,5678.2,101.1254705115429,3.5637490217492654e-18,0.001395053049201777,0.0010398007311912048,
adb6671da8,40000,179,571010,5710.1,101.1254705115429,5.840370072701e-18,0.001395053049201777,0.00106104354511957,
adb6671da8,40000,180,574200,5742.0,101.1254705115429,6.916347580744059e-17,0.001395053049201777,0.0011687503479687336,
adb6671da8,40000,181,577390,5773.9,101.12547051151166,1.6966474020104944e-18,0.0014507627968310482,0.0011863549215128965,
adb6671da8,40000,182,580580,5805.8,101.12547051151166,3.280512579228188e-18,0.0014507627968310482,0.0011487900019611903,
adb6671da8,40000,183,583770,5837.7,101.12547051151166,2.9382124721219402e-18,0.0014507627968310482,0.0010421261674889444,
adb6671da8,40000,184,586960,5869.6,101.12547051151166,3.279497133586625e-18,0.0014507627968310482,0.0010923121623783018,
adb6671da8,40000,185,590150,5901.5,101.12547051151166,1.8128593294734942e-18,0.0014507627968310482,0.0011494419582751005,
adb6671da8,40000,186,593340,5933.4,101.12547051151166,1.6391363545375927e-18,0.0014507627968310482,0.0011158244643227676,
adb6671da8,40000,187,596530,5965.3,101.12547051151166,2.1148700552008575e-18,0.0014507627968310482,0.001124057834964023,
adb6671da8,40000,188,599720,5997.2,101.12547051151166,2.2639385476335177e-18,0.0014507627968310482,0.0011321034645424878,
adb6671da8,40000,189,602910,6029.1,101.12547051151166,7.105224251178198e-18,0.0014507627968310482,0.0011071499134120166,
adb6671da8,40000,190,606100,6061.0,101.12547051151166,2.5062686493816165e-17,0.0014507627968310482,0.0011193066348958328,
adb6671da8,40000,191,609290,6092.9,101.12547051150612,1.0552137584601826e-17,0.0014604687968987828,0.0011458771012362316,
adb6671da8,40000,192,612480,6124.8,101.12547051150612,1.2883802628769642e-17,0.0014604687968987828,0.0011864037886099017,
adb6671da8,40000,193,615670,6156.7,101.12547051150612,3.298450117492538e-18,0.0014604687968987828,0.0011441911090671487,
adb6671da8,40000,194,618860,6188.6,101.12547051150612,5.1033344619907046e-18,0.0014604687968987828,0.0012091888842710606,
adb6671da8,40000,195,622050,6220.5,101.12547051150612,6.791235004797345e-18,0.0014604687968987828,0.0010940270010310158,
adb6671da8,40000,196,625240,6252.4,101.12547051150612,7.421052840617855e-18,0.0014604687968987828,0.0012017293876563169,
adb6671da8,40000,197,628430,6284.3,101.12547051150612,6.967464044353863e-18,0.0014604687968987828,0.0012109341845472673,
adb6671da8,40000,198,631620,6316.2,101.12547051150612,4.0815161310943644e-18,0.0014604687968987828,0.0011028774462180772,
adb6671da8,40000,199,634810,6348.1,101.12547051150612,7.857626835347646e-18,0.0014604687968987828,0.0011391514102317693,
adb6671da8,40000,200,638000,6380.0,101.12547051150612,2.322939278268941e-17,0.0014604687968987828,0.001028453433291673,
adb6671da8,40000,201,641190,6411.9,101.12547051150612,6.590634950915866e-18,0.0014604687968987828,0.0010367603854543593,
adb6671da8,40000,202,644380,6443.8,101.12547051150612,8.156660055742186e-18,0.0014604687968987828,0.0010953339991802077,
adb6671da8,40000,203,647570,6475.7,101.12547051150612,6.595689178688827e-18,0.0014604687968987828,0.001152991166671584,
adb6671da8,40000,204,650760,6507.6,101.12547051150612,5.1856292176941664e-18,0.0014604687968987828,0.0010974693777932626,
adb6671da8,40000,205,653950,6539.5,101.12547051150612,1.6488217279508335e-18,0.0014604687968987828,0.0011605429325980173,
adb6671da8,40000,206,657140,6571.4,101.12547051150612,5.64817853710647e-17,0.0014604687968987828,0.0012638294114335766,
adb6671da8,40000,207,660330,6603.3,101.1254705115053,3.8661466097021206e-17,0.0014916050175998983,0.0011793673282919504,
adb6671da8,40000,208,663520,6635.2,101.12547051149849,7.989827972415532e-18,0.0014793476656340108,0.0010814774142202353,
adb6671da8,40000,209,666710,6667.1,101.12547051149849,1.0414653762521208e-17,0.0014793476656340108,0.00118087450861463,
adb6671da8,40000,210,669900,6699.0,101.12547051149835,9.106308557086163e-18,0.0014705087764596233,0.0011057367035828367,
adb6671da8,40000,211,673090,6730.9,101.12547051149835,9.989682971553088e-18,0.0014705087764596233,0.0010196320993065848,
adb6671da8,40000,212,676280,6762.8,101.12547051149835,1.0445418774227006e-17,0.0014705087764596233,0.0012396729860488908,
adb6671da8,40000,213,679470,6794.7,101.12547051149835,7.890425527169235e-18,0.0014705087764596233,0.0010838267984092018,
adb6671da8,40000,214,682660,6826.6,101.12547051149835,3.557796780337647e-18,0.0014705087764596233,0.0011095481136839396,
adb6671da8,40000,215,685850,6858.5,101.12547051149835,1.6597463063143328e-18,0.0014705087764596233,0.0011562710941090666,
adb6671da8,40000,216,689040,6890.4,101.12547051149835,1.659538665276416e-18,0.0014705087764596233,0.0011676835233615467,
adb6671da8,40000,217,692230,6922.3,101.12547051149835,6.6407746777194314e-18,0.0014705087764596233,0.0011369044574516592,
adb6671da8,40000,218,695420,6954.2,101.12547051149835,5.159176287811251e-18,0.0014705087764596233,0.001167209557627321,
adb6671da8,40000,219,698610,6986.1,101.12547051149835,4.956817432593517e-18,0.0014705087764596233,0.001110646387502495,
adb6671da8,40000,220,701800,7018.0,101.12547051149835,5.8741268304926796e-18,0.0014705087764596233,0.0010682127566759,
adb6671da8,40000,221,704990,7049.9,101.12547051149835,3.614846998936907e-18,0.0014705087764596233,0.0010835212144440275,
adb6671da8,40000,222,708180,7081.8,101.12547051149835,7.636491166591106e-18,0.0014705087764596233,0.001204228447406749,
adb6671da8,40000,223,711370,7113.7,101.12547051149835,4.252901471731272e-18,0.0014705087764596233,0.0011849251860394832,
adb6671da8,40000,224,714560,7145.6,101.12547051149835,6.297878942960542e-18,0.0014705087764596233,0.00115526630373154,
adb6671da8,40000,225,717750,7177.5,101.12547051149835,6.728067418545072e-18,0.0014705087764596233,0.0011813711160361669,
adb6671da8,40000,226,720940,7209.4,101.12547051149835,7.652038147522011e-18,0.0014705087764596233,0.0010820388530054653,
adb6671da8,40000,227,724130,7241.3,101.12547051149835,4.59635714517808e-18,0.0014705087764596233,0.0011737067881864994,
adb6671da8,40000,228,727320,7273.2,101.12547051149835,7.999681839908961e-18,0.0014705087764596233,0.0010660377737055585,
adb6671da8,40000,229,730510,7305.1,101.12547051149835,5.4060688874304746e-18,0.0014705087764596233,0.0011685406888897634,
adb6671da8,40000,230,733700,7337.0,101.12547051149835,4.4080727730239586e-17,0.0014705087764596233,0.0011330385086771033,
adb6671da8,40000,231,736890,7368.9,101.12547051147399,5.0694298517316524e-18,0.0014168953654421852,0.0010313762258352512,
adb6671da8,40000,232,740080,7400.8,101.12547051147399,4.709053253189288e-18,0.0014168953654421852,0.0010959138473300434,
adb6671da8,40000,233,743270,7432.7,101.12547051147399,6.203059664170349e-18,0.0014168953654421852,0.0010876164714900456,
adb6671da8,40000,234,746460,7464.6,101.12547051147399,4.420123349216587e-18,0.0014168953654421852,0.00103762228634664,
adb6671da8,40000,235,749650,7496.5,101.12547051147399,5.730757149673397e-18,0.0014168953654421852,0.001118391847154043,
adb6671da8,40000,236,752840,7528.4,101.12547051147399,7.406208715985248e-18,0.0014168953654421852,0.0011204012354257035,
adb6671da8,40000,237,756030,7560.3,101.12547051147399,1.496991433820077e-17,0.0014168953654421852,0.0011869489326801327,
adb6671da8,40000,238,759220,7592.2,101.12547051147399,1.7712792934096836e-17,0.0014168953654421852,0.001210347822633228,
adb6671da8,40000,239,762410,7624.1,101.12547051147399,6.2323604111033124e-18,0.0014168953654421852,0.001112148785322164,
adb6671da8,40000,240,765600,7656.0,101.12547051147399,4.096334622003221e-18,0.0014168953654421852,0.001126854649130874,
adb6671da8,40000,241,768790,7687.9,101.12547051147399,6.481642992486737e-18,0.0014168953654421852,0.001164568713050962,
adb6671da8,40000,242,771980,7719.8,101.12547051147399,6.166623245158931e-18,0.0014168953654421852,0.0010742402282103473,
adb6671da8,40000,243,775170,7751.7,101.12547051147399,6.944520133835873e-18,0.0014168953654421852,0.0010929673498741026,
adb6671da8,40000,244,778360,7783.6,101.12547051147399,3.893567729852847e-18,0.0014168953654421852,0.0011088170312360784,
adb6671da8,40000,245,781550,7815.5,101.12547051147399,7.014408275922217e-18,0.0014168953654421852,0.0010752845648163126,
adb6671da8,40000,246,784740,7847.4,101.12547051146275,5.7380206735257925e-18,0.0014274685198786513,0.0010917285200377214,
adb6671da8,40000,247,787930,7879.3,101.12547051146275,1.6434593461108736e-18,0.0014274685198786513,0.0010987064636106267,
adb6671da8,40000,248,791120,7911.2,101.12547051146275,7.779932121658004e-18,0.0014274685198786513,0.0009802769219620794,
adb6671da8,40000,249,794310,7943.1,101.12547051146275,2.950869396182327e-18,0.0014274685198786513,0.0012641565750245816,
adb6671da8,40000,250,797500,7975.0,101.12547051146275,4.209936653120871e-18,0.0014274685198786513,0.0011059671385372357,
adb6671da8,40000,251,800690,8006.9,101.12547051146275,5.402088171974198e-18,0.0014274685198786513,0.0011758248219981846,
adb6671da8,40000,252,803880,8038.8,101.12547051146275,6.469517758588016e-18,0.0014274685198786513,0.001089899388824907,
adb6671da8,40000,253,807070,8070.7,101.12547051146275,2.8701596984059534e-18,0.0014274685198786513,0.0012011847559287403,
adb6671da8,40000,254,810260,8102.6,101.12547051146275,6.618204399208382e-18,0.0014274685198786513,0.0012146951513410723,
adb6671da8,40000,255,813450,8134.5,101.12547051146275,1.8922358180882877e-17,0.0014274685198786513,0.0010026133741667974,
adb6671da8,40000,256,816640,8166.4,101.12547051146275,5.913213095296512e-18,0.0014274685198786513,0.0011812164534037,
adb6671da8,40000,257,819830,8198.3,101.12547051146275,8.080763576297138e-18,0.0014274685198786513,0.0010425192967647263,
adb6671da8,40000,258,823020,8230.2,101.12547051146275,6.522842617946452e-18,0.0014274685198786513,0.001230511508911688,
adb6671da8,40000,259,826210,8262.1,101.12547051146275,5.8025523497068185e-18,0.0014274685198786513,0.0011155468342096042,
adb6671da8,40000,260,829400,8294.0,101.12547051146275,3.2568361833813944e-18,0.0014274685198786513,0.001043285311607775,
adb6671da8,40000,261,832590,8325.9,101.12547051146275,7.385288773988742e-18,0.0014274685198786513,0.0010415814062493544,
adb6671da8,40000,262,835780,8357.8,101.12547051146275,6.322022354198497e-18,0.0014274685198786513,0.0010841616778003577,
adb6671da8,40000,263,838970,8389.7,101.12547051146275,5.063811185856629e-18,0.0014274685198786513,0.0011339494064326631,
adb6671da8,40000,264,842160,8421.6,101.12547051146275,5.412991962507452e-18,0.0014274685198786513,0.0011332379658535391,
adb6671da8,40000,265,845350,8453.5,101.12547051146275,3.2415224847504184e-18,0.0014274685198786513,0.00115346287841804,
adb6671da8,40000,266,848540,8485.4,101.12547051146275,1.1304268759866023e-17,0.0014274685198786513,0.0010943862814559308,
adb6671da8,40000,267,851730,8517.3,101.12547051146275,8.045571478633252e-18,0.0014274685198786513,0.0011394872491623308,
adb6671da8,40000,268,854920,8549.2,101.12547051146275,3.972793257841887e-18,0.0014274685198786513,0.0011509172645604907,
adb6671da8,40000,269,858110,8581.1,101.12547051146275,6.853000273516445e-18,0.0014274685198786513,0.0010008466838653607,
adb6671da8,40000,270,861300,8613.0,101.12547051146275,1.7430089363056045e-17,0.0014274685198786513,0.001100577659533901,
adb6671da8,40000,271,864490,8644.9,101.12547051146275,6.657554590298261e-18,0.0014274685198786513,0.0011866221376980192,
adb6671da8,40000,272,867680,8676.8,101.12547051146275,6.116267480308699e-18,0.0014274685198786513,0.001059267438490545,
adb6671da8,40000,273,870870,8708.7,101.12547051146275,7.174327865295744e-18,0.0014274685198786513,0.0010536097517622575,
adb6671da8,40000,274,874060,8740.6,101.12547051146275,1.0436115278980817e-16,0.0014274685198786513,0.0011586471828727136,
adb6671da8,40000,275,877250,8772.5,101.1254705114451,6.533794606357395e-18,0.001337111944154719,0.0009754268490931749,
adb6671da8,40000,276,880440,8804.4,101.1254705114451,1.6756480816716366e-17,0.001337111944154719,0.001069330753508279,
adb6671da8,40000,277,883630,8836.3,101.1254705114451,6.677066273231711e-18,0.001337111944154719,0.0010570323759007403,
adb6671da8,40000,278,886820,8868.2,101.1254705114451,1.0378915787453611e-17,0.001337111944154719,0.0009365429920174495,
adb6671da8,40000,279,890010,8900.1,101.1254705114451,6.172549253832473e-18,0.001337111944154719,0.0010574594831626993,
adb6671da8,40000,280,893200,8932.0,101.1254705114451,1.241986541645108e-17,0.001337111944154719,0.0009070476872688489,
adb6671da8,40000,281,896390,8963.9,101.1254705114451,1.9337004773049716e-17,0.001337111944154719,0.001016668698209386,
adb6671da8,40000,282,899580,8995.8,101.1254705114451,8.130025042929272e-18,0.001337111944154719,0.001118158885931034,
adb6671da8,40000,283,902770,9027.7,101.1254705114451,1.2256884643599434e-17,0.001337111944154719,0.0010131489846599462,
adb6671da8,40000,284,905960,9059.6,101.1254705114451,1.7290797732534302e-17,0.001337111944154719,0.0010066227406535584,
adb6671da8,40000,285,909150,9091.5,101.1254705114451,6.1055737775327965e-18,0.001337111944154719,0.0010712768223600606,
adb6671da8,40000,286,912340,9123.4,101.1254705114451,2.1332116931598537e-17,0.001337111944154719,0.0009162498782388572,
adb6671da8,40000,287,915530,9155.3,101.1254705114451,2.6891171337791938e-17,0.001337111944154719,0.0009566105291897856,
adb6671da8,40000,288,918720,9187.2,101.1254705114451,1.553553387953723e-16,0.001337111944154719,0.001046126272528948,
adb6671da8,40000,289,921910,9219.1,101.12547051141235,1.7499438984471816e-16,0.001327839713065627,0.0009541001373454865,
adb6671da8,40000,290,925100,9251.0,101.12547051135745,2.4270387692834172e-17,0.0015381141757332608,0.0010820349477171697,
adb6671da8,40000,291,928290,9282.9,101.12547051135304,1.426279718093556e-17,0.0015365717312774297,0.0012717351191278384,
adb6671da8,40000,292,931480,9314.8,101.12547051135304,1.5553675991312777e-17,0.0015365717312774297,0.0012124868303265632,
adb6671da8,40000,293,934670,9346.7,101.12547051135304,2.0040796855552544e-17,0.0015365717312774297,0.0011819988982745332,
adb6671da8,40000,294,937860,9378.6,101.12547051135179,1.0400032309969688e-17,0.001581065463901416,0.0012822697333180451,
adb6671da8,40000,295,941050,9410.5,101.12547051135179,1.3287069196508357e-17,0.001581065463901416,0.0012326396081254215,
adb6671da8,40000,296,944240,9442.4,101.12547051135179,3.524260937584553e-17,0.001581065463901416,0.0013078850668954214,
adb6671da8,40000,297,947430,9474.3,101.1254705113496,1.2389251731210795e-17,0.0015813989823199998,0.0012646747703788626,
adb6671da8,40000,298,950620,9506.2,101.1254705113496,7.511304088872195e-18,0.0015813989823199998,0.0012759987808898822,
adb6671da8,40000,299,953810,9538.1,101.1254705113496,7.983943911264001e-18,0.0015813989823199998,0.0011633655703597106,
adb6671da8,40000,300,957000,9570.0,101.1254705113496,6.327450893857415e-18,0.0015813989823199998,0.001313654686977553,
adb6671da8,40000,301,960190,9601.9,101.1254705113496,6.66975496616416e-18,0.0015813989823199998,0.001207057686403302,
adb6671da8,40000,302,963380,9633.8,101.1254705113496,5.385901398721968e-17,0.0015813989823199998,0.0012510387147958441,
adb6671da8,40000,303,966570,9665.7,101.12547051134084,4.1721647885594824e-17,0.0015622430083257538,0.0010725503355756233,
adb6671da8,40000,304,969760,9697.6,101.12547051132915,1.5913075919193007e-17,0.0016127577078544459,0.0012291182279706092,
adb6671da8,40000,305,972950,9729.5,101.12547051132012,2.4181963334912704e-17,0.001622997385113425,0.0012097887183678,
adb6671da8,40000,306,976140,9761.4,101.1254705113061,8.33050592639421e-18,0.0015974358353538084,0.0011317473011908817,
adb6671da8,40000,307,979330,9793.3,101.1254705113061,1.6426965355408786e-17,0.0015974358353538084,0.0013164933851890735,
adb6671da8,40000,308,982520,9825.2,101.1254705113061,3.661663861263281e-18,0.0015974358353538084,0.0012590884047386642,
adb6671da8,40000,309,985710,9857.1,101.1254705113061,9.097630571009761e-18,0.0015974358353538084,0.001053652574219467,
adb6671da8,40000,310,988900,9889.0,101.1254705113061,6.496234027754386e-18,0.0015974358353538084,0.0012785668888458176,
adb6671da8,40000,311,992090,9920.9,101.1254705113061,1.2154504953392942e-17,0.0015974358353538084,0.0011965553418241276,
adb6671da8,40000,312,995280,9952.8,101.1254705113061,6.385068330516471e-18,0.0015974358353538084,0.0013687953472054763,
adb6671da8,40000,313,998470,9984.7,101.1254705113061,4.985768386938024e-18,0.0015974358353538084,0.0012658896087867956,
adb6671da8,40000,314,1001660,10016.6,101.1254705113061,6.567730565003197e-18,0.0015974358353538084,0.0013107047468432298,
adb6671da8,40000,315,1004850,10048.5,101.1254705113061,1.0300935064669619e-17,0.0015974358353538084,0.0012361345241025644,
adb6671da8,40000,316,1008040,10080.4,101.1254705113061,1.8175276851994162e-18,0.0015974358353538084,0.001191020175507855,
adb6671da8,40000,317,1011230,10112.3,101.1254705113061,2.0777813309302635e-17,0.0015974358353538084,0.00123963155185509,
adb6671da8,40000,318,1014420,10144.2,101.1254705113061,1.346639009689547e-17,0.0015974358353538084,0.00130257368067946,
adb6671da8,40000,319,1017610,10176.1,101.1254705113061,1.352137011369754e-17,0.0015974358353538084,0.0012434632414267148,
adb6671da8,40000,320,1020800,10208.0,101.1254705113061,7.256255842222727e-18,0.0015974358353538084,0.0011860152194073193,
adb6671da8,40000,321,1023990,10239.9,101.1254705113061,7.249331353437922e-18,0.0015974358353538084,0.0012172289596682438,
adb6671da8,40000,322,1027180,10271.8,101.1254705113061,1.0654643065863307e-17,0.0015974358353538084,0.001177435482350502,
adb6671da8,40000,323,1030370,10303.7,101.1254705113061,1.3555681665613757e-17,0.0015974358353538084,0.0013413820183654202,
adb6671da8,40000,324,1033560,10335.6,101.1254705113061,1.120156091852313e-17,0.0015974358353538084,0.0011108629085695304,
adb6671da8,40000,325,1036750,10367.5,101.12547051128567,1.0471379074998802e-17,0.0016094098578192937,0.0012258385362916454,
adb6671da8,40000,326,1039940,10399.4,101.12547051128567,1.46833296315586e-17,0.0016094098578192937,0.0013965616655310657,
adb6671da8,40000,327,1043130,10431.3,101.12547051128567,1.5170748486920406e-17,0.0016094098578192937,0.0011891682245267225,
adb6671da8,40000,328,1046320,10463.2,101.12547051128567,7.019554102827366e-18,0.0016094098578192937,0.0013272683296538359,
adb6671da8,40000,329,1049510,10495.1,101.12547051128567,1.0498276352750176e-17,0.0016094098578192937,0.0012889418598507247,
adb6671da8,40000,330,1052700,10527.0,101.12547051128567,8.042448044621413e-18,0.0016094098578192937,0.0012613373702057098,
adb6671da8,40000,331,1055890,10558.9,101.12547051128567,8.775623521602786e-18,0.0016094098578192937,0.0012513668612449005,
adb6671da8,40000,332,1059080,10590.8,101.12547051128567,7.935990369128154e-18,0.0016094098578192937,0.0011237043216816593,
adb6671da8,40000,333,1062270,10622.7,101.12547051128567,8.699269123639018e-18,0.0016094098578192937,0.001230485252712121,
adb6671da8,40000,334,1065460,10654.6,101.12547051128567,1.1138312858731951e-17,0.0016094098578192937,0.0011275667834435125,
adb6671da8,40000,335,1068650,10686.5,101.12547051128567,7.404640165448604e-18,0.0016094098578192937,0.0012371311286353236,
adb6671da8,40000,336,1071840,10718.4,101.12547051128567,9.48884124417166e-18,0.0016094098578192937,0.0012377798100536826,
adb6671da8,40000,337,1075030,10750.3,101.12547051128567,1.4981342440280608e-17,0.0016094098578192937,0.0012372094314585772,
adb6671da8,40000,338,1078220,10782.2,101.12547051128567,1.0983371207426233e-17,0.0016094098578192937,0.0013975604993518714,
adb6671da8,40000,339,1081410,10814.1,101.12547051128567,1.0455394920673576e-17,0.0016094098578192937,0.0012933432707155578,
adb6671da8,40000,340,1084600,10846.0,101.12547051128567,1.0262274130607124e-17,0.0016094098578192937,0.0012771047324484101,
adb6671da8,40000,341,1087790,10877.9,101.12547051128567,1.2295050551175541e-17,0.0016094098578192937,0.0012871723538208004,
adb6671da8,40000,342,1090980,10909.8,101.12547051128567,7.33082353805335e-18,0.0016094098578192937,0.0011675782031404316,
adb6671da8,40000,343,1094170,10941.7,101.12547051128567,1.2445861635023173e-17,0.0016094098578192937,0.0012520365348647445,
adb6671da8,40000,344,1097360,10973.6,101.12547051128567,7.660463088758116e-18,0.0016094098578192937,0.0013215533153166223,
adb6671da8,40000,345,1100550,11005.5,101.12547051128567,1.2414786178655371e-17,0.0016094098578192937,0.001257073169933201,
adb6671da8,40000,346,1103740,11037.4,101.12547051128567,1.1216021696848827e-17,0.0016094098578192937,0.001185988921835082,
adb6671da8,40000,347,1106930,11069.3,101.12547051128567,1.631318693100865e-17,0.0016094098578192937,0.0012323269490448915,
adb6671da8,40000,348,1110120,11101.2,101.12547051128567,1.8089314109166326e-17,0.0016094098578192937,0.0013510808252684653,
adb6671da8,40000,349,1113310,11133.1,101.12547051128567,7.60654106344779e-18,0.0016094098578192937,0.0013029386505319625,
adb6671da8,40000,350,1116500,11165.0,101.12547051128567,7.536275199417534e-18,0.0016094098578192937,0.0011035389337173734,
adb6671da8,40000,351,1119690,11196.9,101.12547051128567,8.689860161484118e-18,0.0016094098578192937,0.0012861895479729902,
adb6671da8,40000,352,1122880,11228.8,101.12547051128567,1.3646344673542679e-17,0.0016094098578192937,0.0011859999303227052,
adb6671da8,40000,353,1126070,11260.7,101.12547051128567,8.441489532574248e-18,0.0016094098578192937,0.0013248992010968224,
adb6671da8,40000,354,1129260,11292.6,101.12547051128567,9.905458291085985e-18,0.0016094098578192937,0.001297411001129357,
adb6671da8,40000,355,1132450,11324.5,101.12547051128567,2.785524112103493e-17,0.0016094098578192937,0.0012217572881738088,
adb6671da8,40000,356,1135640,11356.4,101.12547051128567,7.402838856017354e-18,0.0016094098578192937,0.0012464676723812397,
adb6671da8,40000,357,1138830,11388.3,101.12547051128567,2.0958779634311732e-17,0.0016094098578192937,0.0012165562426640188,
adb6671da8,40000,358,1142020,11420.2,101.12547051128567,1.4569906430532935e-17,0.0016094098578192937,0.0012197889247512693,
adb6671da8,40000,359,1145210,11452.1,101.12547051128567,9.35926168661293e-18,0.0016094098578192937,0.0013000744639469907,
adb6671da8,40000,360,1148400,11484.0,101.12547051128567,1.3329841728015801e-17,0.0016094098578192937,0.0012651150564131817,
adb6671da8,40000,361,1151590,11515.9,101.12547051128567,9.67097132825191e-18,0.0016094098578192937,0.001318308930137048,
adb6671da8,40000,362,1154780,11547.8,101.12547051128567,3.6498977041730124e-18,0.0016094098578192937,0.0013162431907592221,
adb6671da8,40000,363,1157970,11579.7,101.12547051128567,7.332272493139664e-18,0.0016094098578192937,0.0012724181158644886,
adb6671da8,40000,364,1161160,11611.6,101.12547051128567,4.474525395543641e-18,0.0016094098578192937,0.001128184834339487,
adb6671da8,40000,365,1164350,11643.5,101.12547051128567,2.9217628070861677e-18,0.0016094098578192937,0.001169300272573393,
adb6671da8,40000,366,1167540,11675.4,101.12547051128567,1.24687108359382e-17,0.0016094098578192937,0.0011698709322224127,
adb6671da8,40000,367,1170730,11707.3,101.12547051128567,2.7615700260347137e-18,0.0016094098578192937,0.0013335748486358618,
adb6671da8,40000,368,1173920,11739.2,101.12547051128567,3.6540148878979916e-18,0.0016094098578192937,0.0011821017172705549,
adb6671da8,40000,369,1177110,11771.1,101.12547051128567,3.438448712686758e-18,0.0016094098578192937,0.0013338279637843888,
adb6671da8,40000,370,1180300,11803.0,101.12547051128567,2.5099214641191868e-17,0.0016094098578192937,0.0013375718190459572,
adb6671da8,40000,371,1183490,11834.9,101.12547051128567,3.489037972738742e-18,0.0016094098578192937,0.00123984355232264,
adb6671da8,40000,372,1186680,11866.8,101.12547051128567,6.556633712812193e-18,0.0016094098578192937,0.0012598648565337045,
adb6671da8,40000,373,1189870,11898.7,101.12547051128567,6.149440581275993e-18,0.0016094098578192937,0.001281715675532933,
adb6671da8,40000,374,1193060,11930.6,101.12547051128567,4.2064063851439215e-18,0.0016094098578192937,0.0012653105583305994,
adb6671da8,40000,375,1196250,11962.5,101.12547051128567,4.130106373215008e-18,0.0016094098578192937,0.0012592310252464902,
adb6671da8,40000,376,1199440,11994.4,101.12547051128567,2.693405525154229e-18,0.0016094098578192937,0.0013054810718760074,
adb6671da8,40000,377,1202630,12026.3,101.12547051128567,7.462723558113954e-18,0.0016094098578192937,0.0012293748228096504,
adb6671da8,40000,378,1205820,12058.2,101.12547051128567,2.9428601689992593e-18,0.0016094098578192937,0.0010523611132897059,
adb6671da8,40000,379,1209010,12090.1,101.12547051128567,8.35438002899406e-18,0.0016094098578192937,0.0012372152473417814,
adb6671da8,40000,380,1212200,12122.0,101.12547051128567,8.681388199846554e-18,0.0016094098578192937,0.0011138990350596529,
adb6671da8,40000,381,1215390,12153.9,101.12547051128567,7.428771048919995e-18,0.0016094098578192937,0.0010662093873747803,
adb6671da8,40000,382,1218580,12185.8,101.12547051128567,1.225705237609898e-17,0.0016094098578192937,0.0011687909980487683,
adb6671da8,40000,383,1221770,12217.7,101.12547051128567,1.7340923954492893e-18,0.0016094098578192937,0.00126015713917804,
adb6671da8,40000,384,1224960,12249.6,101.12547051128567,2.3329750767734563e-17,0.0016094098578192937,0.0012713710367491503,
adb6671da8,40000,385,1228150,12281.5,101.12547051128567,1.3272744993178364e-17,0.0016094098578192937,0.0012135081919137328,
adb6671da8,40000,386,1231340,12313.4,101.12547051128567,3.792625490255653e-18,0.0016094098578192937,0.0012658127897399222,
adb6671da8,40000,387,1234530,12345.3,101.12547051128567,4.8199038584298945e-18,0.0016094098578192937,0.0011735354520183258,
adb6671da8,40000,388,1237720,12377.2,101.12547051128567,6.064518801076303e-18,0.0016094098578192937,0.0011998252164807275,
adb6671da8,40000,389,1240910,12409.1,101.12547051128567,5.328010516017399e-18,0.0016094098578192937,0.0012136043895477314,
adb6671da8,40000,390,1244100,12441.0,101.12547051128567,2.324265747232888e-17,0.0016094098578192937,0.0013560830758026505,
adb6671da8,40000,391,1247290,12472.9,101.12547051128567,7.334186325704413e-18,0.0016094098578192937,0.0011290756212728361,
adb6671da8,40000,392,1250480,12504.8,101.12547051128567,2.9658959282773847e-17,0.0016094098578192937,0.0011534973977789995,
adb6671da8,40000,393,1253670,12536.7,101.12547051128041,1.4789088434023274e-17,0.0016235017587160503,0.0012165903689960278,
adb6671da8,40000,394,1256860,12568.6,101.12547051128041,1.3275883452921282e-17,0.0016235017587160503,0.001283854876400305,
adb6671da8,40000,395,1260050,12600.5,101.12547051128041,8.435070857718413e-18,0.0016235017587160503,0.0013952066026106447,
adb6671da8,40000,396,1263240,12632.4,101.12547051128041,1.550429594012174e-17,0.0016235017587160503,0.0012908868262930919,
adb6671da8,40000,397,1266430,12664.3,101.12547051128041,3.584759415871389e-18,0.0016235017587160503,0.001255137118833206,
adb6671da8,40000,398,1269620,12696.2,101.12547051128041,4.328326335903464e-18,0.0016235017587160503,0.0012805859320348003,
adb6671da8,40000,399,1272810,12728.1,101.12547051128041,3.8650318987727504e-18,0.0016235017587160503,0.0012159597592471788,
adb6671da8,40000,400,1276000,12760.0,101.12547051128041,4.963263234898063e-18,0.0016235017587160503,0.0012924625564933931,
adb6671da8,40000,401,1279190,12791.9,101.12547051128041,5.5335785594182214e-18,0.0016235017587160503,0.0012921715567864288,
adb6671da8,40000,402,1282380,12823.8,101.12547051128041,1.0331934212650184e-17,0.0016235017587160503,0.0012151845146007297,
adb6671da8,40000,403,1285570,12855.7,101.12547051128041,1.569695090506077e-17,0.0016235017587160503,0.0011146679874420664,
adb6671da8,40000,404,1288760,12887.6,101.12547051128041,1.1482394555986514e-17,0.0016235017587160503,0.0011912188106685299,
adb6671da8,40000,405,1291950,12919.5,101.12547051128041,3.306810325500813e-18,0.0016235017587160503,0.0013201886102858587,
adb6671da8,40000,406,1295140,12951.4,101.12547051128041,3.1258072169440105e-18,0.0016235017587160503,0.0012335316845005976,
adb6671da8,40000,407,1298330,12983.3,101.12547051128041,7.295010517837586e-18,0.0016235017587160503,0.0010000692280063071,
adb6671da8,40000,408,1301520,13015.2,101.12547051128041,8.301375842228074e-18,0.0016235017587160503,0.001249555248560605,
adb6671da8,40000,409,1304710,13047.1,101.12547051128041,4.027326997396646e-18,0.0016235017587160503,0.0011771387492856018,
adb6671da8,40000,410,1307900,13079.0,101.12547051128041,6.24093553663214e-18,0.0016235017587160503,0.0013592609237382304,
adb6671da8,40000,411,1311090,13110.9,101.12547051128041,1.3202714560726724e-16,0.0016235017587160503,0.001214620765687633,
adb6671da8,40000,412,1314280,13142.8,101.125470511145,1.3283390176790078e-17,0.0019316452428099914,0.0015372923602158064,
adb6671da8,40000,413,1317470,13174.7,101.12547051113839,1.4922397252046144e-17,0.0019570194010230186,0.0014669006540628986,
adb6671da8,40000,414,1320660,13206.6,101.12547051113839,1.498902469112721e-17,0.0019570194010230186,0.0014771168258752125,
adb6671da8,40000,415,1323850,13238.5,101.12547051113839,1.0741259026128266e-17,0.0019570194010230186,0.0013939782421525122,
adb6671da8,40000,416,1327040,13270.4,101.12547051113839,1.6116953067082606e-17,0.0019570194010230186,0.0014668151955827327,
adb6671da8,40000,417,1330230,13302.3,101.12547051113839,1.443660389608416e-17,0.0019570194010230186,0.0015067823599317345,
adb6671da8,40000,418,1333420,13334.2,101.12547051113839,2.2228399417192365e-17,0.0019570194010230186,0.0015620904812465733,
adb6671da8,40000,419,1336610,13366.1,101.12547051112325,1.2362313270825725e-17,0.00194270607400848,0.0015608346521336625,
adb6671da8,40000,420,1339800,13398.0,101.12547051112325,8.452660756289406e-18,0.00194270607400848,0.0016103082689421285,
adb6671da8,40000,421,1342990,13429.9,101.12547051112325,8.041646842939733e-18,0.00194270607400848,0.0016622046783132483,
adb6671da8,40000,422,1346180,13461.8,101.12547051112325,1.0242902969254873e-17,0.00194270607400848,0.001570161972581914,
adb6671da8,40000,423,1349370,13493.7,101.12547051112325,4.2320683427418566e-18,0.00194270607400848,0.0014732376761947643,
adb6671da8,40000,424,1352560,13525.6,101.12547051112325,5.874627071026085e-18,0.00194270607400848,0.0014763184718372326,
adb6671da8,40000,425,1355750,13557.5,101.12547051112325,5.098043370705993e-18,0.00194270607400848,0.001487555056791418,
adb6671da8,40000,426,1358940,13589.4,101.12547051112325,8.050333966597064e-18,0.00194270607400848,0.0015725582616742926,
adb6671da8,40000,427,1362130,13621.3,101.12547051112325,1.4775471578037674e-17,0.00194270607400848,0.0016333175045816634,
adb6671da8,40000,428,1365320,13653.2,101.12547051112325,6.97917732830739e-18,0.00194270607400848,0.0015756864819314596,
adb6671da8,40000,429,1368510,13685.1,101.12547051112325,3.91686409845497e-18,0.00194270607400848,0.0014978991882257859,
adb6671da8,40000,430,1371700,13717.0,101.12547051112325,2.8554389659356557e-18,0.00194270607400848,0.0015465254564980603,
adb6671da8,40000,431,1374890,13748.9,101.12547051112325,3.029246147578521e-18,0.00194270607400848,0.0014102581104993342,
adb6671da8,40000,432,1378080,13780.8,101.12547051112325,1.8040675239449417e-17,0.00194270607400848,0.0013288756888816667,
adb6671da8,40000,433,1381270,13812.7,101.12547051112325,9.047703945003049e-18,0.00194270607400848,0.0015070232123138877,
adb6671da8,40000,434,1384460,13844.6,101.12547051112325,7.308154211995913e-18,0.00194270607400848,0.0014354870685664477,
adb6671da8,40000,435,1387650,13876.5,101.12547051112325,4.2511536316754865e-18,0.00194270607400848,0.0014382907409904618,
adb6671da8,40000,436,1390840,13908.4,101.12547051112325,8.967923225105388e-18,0.00194270607400848,0.001549312640816861,
adb6671da8,40000,437,1394030,13940.3,101.12547051112325,8.62971512427233e-18,0.00194270607400848,0.0013918289111163912,
adb6671da8,40000,438,1397220,13972.2,101.12547051112325,1.2632944650557643e-17,0.00194270607400848,0.0013676238473857715,
adb6671da8,40000,439,1400410,14004.1,101.12547051112325,7.569597429785103e-18,0.00194270607400848,0.001608850407644202,
adb6671da8,40000,440,1403600,14036.0,101.12547051112325,3.9795944471372856e-18,0.00194270607400848,0.0014002528118828269,
adb6671da8,40000,441,1406790,14067.9,101.12547051112325,3.470941871433186e-18,0.00194270607400848,0.001484554424579071,
adb6671da8,40000,442,1409980,14099.8,101.12547051112325,4.226760093696163e-18,0.00194270607400848,0.0017078145838109356,
adb6671da8,40000,443,1413170,14131.7,101.12547051112325,4.439636951837572e-18,0.00194270607400848,0.0015180626488741902,
adb6671da8,40000,444,1416360,14163.6,101.12547051112325,3.5305392362298986e-18,0.00194270607400848,0.0013356099412169448,
adb6671da8,40000,445,1419550,14195.5,101.12547051112325,7.673704619477364e-18,0.00194270607400848,0.0014265906917295004,
adb6671da8,40000,446,1422740,14227.4,101.12547051112325,5.235993490371852e-18,0.00194270607400848,0.0014776221303652692,
adb6671da8,40000,447,1425930,14259.3,101.12547051112325,4.0089845101625775e-18,0.00194270607400848,0.0015234258058534071,
adb6671da8,40000,448,1429120,14291.2,101.12547051112325,3.223514633176217e-18,0.00194270607400848,0.0014827749222328887,
adb6671da8,40000,449,1432310,14323.1,101.12547051112325,6.5308417762789266e-18,0.00194270607400848,0.0014292041711233498,
adb6671da8,40000,450,1435500,14355.0,101.12547051112325,8.085162833911879e-18,0.00194270607400848,0.0015706633479641696,
adb6671da8,40000,451,1438690,14386.9,101.12547051112325,8.93337234655033e-18,0.00194270607400848,0.0014734871858360873,
adb6671da8,40000,452,1441880,14418.8,101.12547051112325,6.3348103972317525e-18,0.00194270607400848,0.0015393890352156311,
adb6671da8,40000,453,1445070,14450.7,101.12547051112325,5.662251412784088e-18,0.00194270607400848,0.0013573522567337025,
adb6671da8,40000,454,1448260,14482.6,101.12547051112325,3.5409168527762154e-18,0.00194270607400848,0.0016311158833903603,
adb6671da8,40000,455,1451450,14514.5,101.12547051112325,6.499506958207904e-18,0.00194270607400848,0.0013744661186243193,
adb6671da8,40000,456,1454640,14546.4,101.12547051112325,8.909068755407713e-18,0.00194270607400848,0.0015000496649974903,
adb6671da8,40000,457,1457830,14578.3,101.12547051112325,7.021656420327365e-18,0.00194270607400848,0.0014566806002411009,
adb6671da8,40000,458,1461020,14610.2,101.12547051112325,9.741825287504699e-18,0.00194270607400848,0.0015905159293551348,
adb6671da8,40000,459,1464210,14642.1,101.12547051112325,9.577091710639876e-18,0.00194270607400848,0.0015032995316949088,
adb6671da8,40000,460,1467400,14674.0,101.12547051112325,1.0226703332493405e-17,0.00194270607400848,0.0014805918093305848,
adb6671da8,40000,461,1470590,14705.9,101.12547051112325,1.7157827619676024e-17,0.00194270607400848,0.0016716236684813472,
adb6671da8,40000,462,1473780,14737.8,101.12547051112325,1.0881455045882322e-17,0.00194270607400848,0.0014054828804811105,
adb6671da8,40000,463,1476970,14769.7,101.12547051112325,2.0480374909703165e-17,0.00194270607400848,0.0015305849403407389,
adb6671da8,40000,464,1480160,14801.6,101.12547051112325,8.022771348967484e-18,0.00194270607400848,0.0015330094399567346,
adb6671da8,40000,465,1483350,14833.5,101.12547051112325,5.276214848371435e-18,0.00194270607400848,0.0014520201696238797,
adb6671da8,40000,466,1486540,14865.4,101.12547051112325,5.985206717186647e-18,0.00194270607400848,0.0014991287735535012,
adb6671da8,40000,467,1489730,14897.3,101.12547051112325,8.90382319152654e-18,0.00194270607400848,0.0015822633789439983,
adb6671da8,40000,468,1492920,14929.2,101.12547051112325,6.856433030522331e-18,0.00194270607400848,0.001510292716958395,
adb6671da8,40000,469,1496110,14961.1,101.12547051112325,4.929097676087432e-18,0.00194270607400848,0.0014869770148471166,
adb6671da8,40000,470,1499300,14993.0,101.12547051112325,7.845325256256955e-18,0.00194270607400848,0.0014830568421642435,
adb6671da8,40000,471,1502490,15024.9,101.12547051112325,8.85678416140902e-18,0.00194270607400848,0.0014951547598576244,
adb6671da8,40000,472,1505680,15056.8,101.12547051112325,5.871762544148433e-18,0.00194270607400848,0.0014921973803599916,
adb6671da8,40000,473,1508870,15088.7,101.12547051112325,1.0406346933325053e-17,0.00194270607400848,0.0015876436182910157,
adb6671da8,40000,474,1512060,15120.6,101.12547051112325,6.792084181517336e-18,0.00194270607400848,0.0016707881021794787,
adb6671da8,40000,475,1515250,15152.5,101.12547051112325,8.825685001231976e-18,0.00194270607400848,0.0014496515750091574,
adb6671da8,40000,476,1518440,15184.4,101.12547051112325,1.0274216613724337e-17,0.00194270607400848,0.0015479922272275844,
adb6671da8,40000,477,1521630,15216.3,101.12547051112325,8.815245778545662e-18,0.00194270607400848,0.0015214795097690014,
adb6671da8,40000,478,1524820,15248.2,101.12547051112325,5.7880793733732624e-18,0.00194270607400848,0.001493383313317254,
adb6671da8,40000,479,1528010,15280.1,101.12547051112325,9.722777215821735e-18,0.00194270607400848,0.0015762531559526105,
adb6671da8,40000,480,1531200,15312.0,101.12547051112325,9.02903751924235e-18,0.00194270607400848,0.0013492264150161495,
adb6671da8,40000,481,1534390,15343.9,101.12547051112325,8.80033230954733e-18,0.00194270607400848,0.0015446306413570005,
adb6671da8,40000,482,1537580,15375.8,101.12547051112325,1.099180263218529e-17,0.00194270607400848,0.0015175774128297647,
adb6671da8,40000,483,1540770,15407.7,101.12547051112325,8.792086705906192e-18,0.00194270607400848,0.001425958027542557,
adb6671da8,40000,484,1543960,15439.6,101.12547051112325,8.790874343691658e-18,0.00194270607400848,0.001606246200548454,
adb6671da8,40000,485,1547150,15471.5,101.12547051112325,6.7370820654319196e-18,0.00194270607400848,0.0015123636741027839,
adb6671da8,40000,486,1550340,15503.4,101.12547051112325,6.6539340298418015e-18,0.00194270607400848,0.0013637844623131516,
adb6671da8,40000,487,1553530,15535.3,101.12547051112325,7.925504209387556e-18,0.00194270607400848,0.0014060800420135557,
adb6671da8,40000,488,1556720,15567.2,101.12547051112325,5.880015759779883e-18,0.00194270607400848,0.0015071269191105538,
adb6671da8,40000,489,1559910,15599.1,101.12547051112325,9.652989088007694e-18,0.00194270607400848,0.0015552748900787771,
adb6671da8,40000,490,1563100,15631.0,101.12547051112325,8.443351303665873e-18,0.00194270607400848,0.0014859977253767393,
adb6671da8,40000,491,1566290,15662.9,101.12547051112325,1.0770064703495213e-17,0.00194270607400848,0.0013689331113018526,
adb6671da8,40000,492,1569480,15694.8,101.12547051112325,9.738798736125004e-18,0.00194270607400848,0.001418236948969204,
adb6671da8,40000,493,1572670,15726.7,101.12547051112325,9.788083905595142e-18,0.00194270607400848,0.0014482076436890096,
adb6671da8,40000,494,1575860,15758.6,101.12547051112325,8.783874058808205e-18,0.00194270607400848,0.0016026557984172643,
adb6671da8,40000,495,1579050,15790.5,101.12547051112325,1.4942972287930893e-17,0.00194270607400848,0.0014878648885772062,
adb6671da8,40000,496,1582240,15822.4,101.12547051112325,1.0267101911100717e-17,0.00194270607400848,0.001457775774460533,
adb6671da8,40000,497,1585430,15854.3,101.12547051112325,6.990405952021828e-18,0.00194270607400848,0.0016482511758231086,
adb6671da8,40000,498,1588620,15886.2,101.12547051112325,8.589587342944735e-18,0.00194270607400848,0.0015762929000680025,
adb6671da8,40000,499,1591810,15918.1,101.12547051112325,1.0150769053437887e-17,0.00194270607400848,0.001522414472310292,
adb6671da8,40000,500,1595000,15950.0,101.12547051112325,8.067163357345068e-18,0.00194270607400848,0.0014537400121865545,
adb6671da8,40000,501,1598190,15981.9,101.12547051112325,7.869427874002177e-18,0.00194270607400848,0.001636526966605423,
adb6671da8,40000,502,1601380,16013.8,101.12547051112325,5.509669656132644e-18,0.00194270607400848,0.0014597526312208854,
adb6671da8,40000,503,1604570,16045.7,101.12547051112325,9.609327880082231e-18,0.00194270607400848,0.0015872693194404926,
adb6671da8,40000,504,1607760,16077.6,101.12547051112325,7.344334234375618e-18,0.00194270607400848,0.0014670544612210188,
adb6671da8,40000,505,1610950,16109.5,101.12547051112325,1.779341610183926e-17,0.00194270607400848,0.0014927382400302795,
adb6671da8,40000,506,1614140,16141.4,101.12547051112325,8.874708089672847e-18,0.00194270607400848,0.0016336711757350517,
adb6671da8,40000,507,1617330,16173.3,101.12547051112325,7.377902725196606e-18,0.00194270607400848,0.0015147682726195594,
adb6671da8,40000,508,1620520,16205.2,101.12547051112325,8.860642800793345e-18,0.00194270607400848,0.0015288605121989778,
adb6671da8,40000,509,1623710,16237.1,101.12547051112325,7.18318122999921e-18,0.00194270607400848,0.001537181104141649,
adb6671da8,40000,510,1626900,16269.0,101.12547051112325,1.0846388246458495e-17,0.00194270607400848,0.00141646781844959,
adb6671da8,40000,511,1630090,16300.9,101.12547051112325,7.086032650435962e-18,0.00194270607400848,0.0014667470881788787,
adb6671da8,40000,512,1633280,16332.8,101.12547051112325,1.988271422292258e-17,0.00194270607400848,0.001467070108396132,
adb6671da8,40000,513,1636470,16364.7,101.12547051112325,7.943225780472728e-18,0.00194270607400848,0.0015191786018912122,
adb6671da8,40000,514,1639660,16396.6,101.12547051112325,1.733692001758716e-17,0.00194270607400848,0.0014755393337425261,
adb6671da8,40000,515,1642850,16428.5,101.12547051112325,7.9144591338998e-18,0.00194270607400848,0.0015128728234248875,
adb6671da8,40000,516,1646040,16460.4,101.12547051112325,5.21737101480062e-18,0.00194270607400848,0.001509077694306016,
adb6671da8,40000,517,1649230,16492.3,101.12547051112325,8.347428198243303e-18,0.00194270607400848,0.0015719175768711176,
adb6671da8,40000,518,1652420,16524.2,101.12547051112325,1.395489575407098e-17,0.00194270607400848,0.0015279268431925897,
adb6671da8,40000,519,1655610,16556.1,101.12547051112325,5.747283181568416e-18,0.00194270607400848,0.001532502203290575,
adb6671da8,40000,520,1658800,16588.0,101.12547051112325,5.479672662139084e-18,0.00194270607400848,0.0015339030817333647,
adb6671da8,40000,521,1661990,16619.9,101.12547051112325,3.0273993235415153e-18,0.00194270607400848,0.0015494520287855735,
adb6671da8,40000,522,1665180,16651.8,101.12547051112325,3.1208279402080883e-18,0.00194270607400848,0.00160763722944972,
adb6671da8,40000,523,1668370,16683.7,101.12547051112325,3.75063383707453e-18,0.00194270607400848,0.0014341920324094687,
adb6671da8,40000,524,1671560,16715.6,101.12547051112325,5.984235437213962e-18,0.00194270607400848,0.0016472338282924387,
adb6671da8,40000,525,1674750,16747.5,101.12547051112325,6.304023194448449e-18,0.00194270607400848,0.0014101622914432725,
adb6671da8,40000,526,1677940,16779.4,101.12547051112325,8.891597189057563e-18,0.00194270607400848,0.0014292563819866626,
adb6671da8,40000,527,1681130,16811.3,101.12547051112325,5.0970178642019535e-18,0.00194270607400848,0.0014093432584572469,
adb6671da8,40000,528,1684320,16843.2,101.12547051112325,4.437869908205592e-18,0.00194270607400848,0.0015498521767197012,
adb6671da8,40000,529,1687510,16875.1,101.12547051112325,1.3998645224583014e-17,0.00194270607400848,0.0014846720014151892,
adb6671da8,40000,530,1690700,16907.0,101.12547051112325,1.7972742186300067e-17,0.00194270607400848,0.0012259642189932486,
adb6671da8,40000,531,1693890,16938.9,101.12547051112325,8.847457191829797e-18,0.00194270607400848,0.0016037024785859465,
adb6671da8,40000,532,1697080,16970.8,101.12547051112325,6.221293984024249e-18,0.00194270607400848,0.0014188604216915505,
adb6671da8,40000,533,1700270,17002.7,101.12547051112325,6.797095036639358e-18,0.00194270607400848,0.0016316946695251703,
adb6671da8,40000,534,1703460,17034.6,101.12547051112325,8.48520459959991e-18,0.00194270607400848,0.0014265704069107645,
adb6671da8,40000,535,1706650,17066.5,101.12547051112325,6.987428900087257e-18,0.00194270607400848,0.0014659259607626362,
adb6671da8,40000,536,1709840,17098.4,101.12547051112325,1.4926657419309946e-17,0.00194270607400848,0.0013691264820606122,
adb6671da8,40000,537,1713030,17130.3,101.12547051112325,7.117303864978168e-18,0.00194270607400848,0.0014134114795663322,
adb6671da8,40000,538,1716220,17162.2,101.12547051112325,1.075238948817047e-17,0.00194270607400848,0.001577541047319984,
adb6671da8,40000,539,1719410,17194.1,101.12547051112325,1.0927715450549781e-17,0.00194270607400848,0.0014632422269334393,
adb6671da8,40000,540,1722600,17226.0,101.12547051112325,8.816633126671434e-18,0.00194270607400848,0.0015109297622455827,
adb6671da8,40000,541,1725790,17257.9,101.12547051112325,7.557416183739945e-18,0.00194270607400848,0.0014127268517792522,
adb6671da8,40000,542,1728980,17289.8,101.12547051112325,5.8804750537945424e-18,0.00194270607400848,0.0015983079857045132,
adb6671da8,40000,543,1732170,17321.7,101.12547051112325,4.677671359044463e-18,0.00194270607400848,0.0015723397299299022,
adb6671da8,40000,544,1735360,17353.6,101.12547051112325,5.415823213987901e-18,0.00194270607400848,0.0016695148642023162,
adb6671da8,40000,545,1738550,17385.5,101.12547051112325,5.542666170964024e-18,0.00194270607400848,0.0014527634968958714,
adb6671da8,40000,546,1741740,17417.4,101.12547051112325,1.0018638273813377e-17,0.00194270607400848,0.0015415533489835074,
adb6671da8,40000,547,1744930,17449.3,101.12547051112325,3.581682351119284e-18,0.00194270607400848,0.0014961804943161906,
adb6671da8,40000,548,1748120,17481.2,101.12547051112325,6.0109993267997905e-18,0.00194270607400848,0.0014452967374605729,
adb6671da8,40000,549,1751310,17513.1,101.12547051112325,3.7472995041983735e-18,0.00194270607400848,0.001449209223206612,
adb6671da8,40000,550,1754500,17545.0,101.12547051112325,4.92252707692028e-18,0.00194270607400848,0.0015885663626560261,
adb6671da8,40000,551,1757690,17576.9,101.12547051112325,3.718471449492726e-18,0.00194270607400848,0.0015937968412490808,
adb6671da8,40000,552,1760880,17608.8,101.12547051112325,7.22450058737906e-18,0.00194270607400848,0.0015779398918976083,
adb6671da8,40000,553,1764070,17640.7,101.12547051112325,8.906437075813967e-18,0.00194270607400848,0.0014592781294797948,
adb6671da8,40000,554,1767260,17672.6,101.12547051112325,6.473652669107176e-18,0.00194270607400848,0.0013961456974464197,
adb6671da8,40000,555,1770450,17704.5,101.12547051112325,1.1546399749580662e-17,0.00194270607400848,0.0015387655231347507,
adb6671da8,40000,556,1773640,17736.4,101.12547051112325,6.324851186602069e-18,0.00194270607400848,0.0015088524214268637,
adb6671da8,40000,557,1776830,17768.3,101.12547051112325,8.439925405318917e-18,0.00194270607400848,0.0014840606572205067,
adb6671da8,40000,558,1780020,17800.2,101.12547051112325,6.789131177285978e-18,0.00194270607400848,0.0013512327347170023,
adb6671da8,40000,559,1783210,17832.1,101.12547051112325,2.2300181631116278e-17,0.00194270607400848,0.0016192012686380214,
adb6671da8,40000,560,1786400,17864.0,101.12547051112325,1.1225111356925008e-17,0.00194270607400848,0.0014997399764634866,
adb6671da8,40000,561,1789590,17895.9,101.12547051112325,1.3836298889907413e-17,0.00194270607400848,0.0017226174777296834,
adb6671da8,40000,562,1792780,17927.8,101.12547051112325,6.340676795408968e-18,0.00194270607400848,0.001463789194564461,
adb6671da8,40000,563,1795970,17959.7,101.12547051112325,1.3104329213749053e-17,0.00194270607400848,0.0015655259222828726,
adb6671da8,40000,564,1799160,17991.6,101.12547051112325,8.888453539899272e-18,0.00194270607400848,0.001558705094691758,
adb6671da8,40000,565,1802350,18023.5,101.12547051112325,1.1132988716420575e-17,0.00194270607400848,0.0014991404302366756,
adb6671da8,40000,566,1805540,18055.4,101.12547051112325,2.2453082134523405e-17,0.00194270607400848,0.0014189334175731061,
adb6671da8,40000,567,1808730,18087.3,101.12547051112325,1.0393433811543426e-17,0.00194270607400848,0.0012744274196482594,
adb6671da8,40000,568,1811920,18119.2,101.12547051112325,8.835544692256927e-18,0.00194270607400848,0.0014937428988678263,
adb6671da8,40000,569,1815110,18151.1,101.12547051112325,1.0841910704831137e-17,0.00194270607400848,0.0014013076367616639,
adb6671da8,40000,570,1818300,18183.0,101.12547051112325,1.7628284757743324e-17,0.00194270607400848,0.001694634365336345,
adb6671da8,40000,571,1821490,18214.9,101.12547051112325,1.0318902983825658e-17,0.00194270607400848,0.0013754025665094858,
adb6671da8,40000,572,1824680,18246.8,101.12547051112325,9.075529725685002e-18,0.00194270607400848,0.001470178027010153,
adb6671da8,40000,573,1827870,18278.7,101.12547051112325,9.790345776180896e-18,0.00194270607400848,0.001434543857042505,
adb6671da8,40000,574,1831060,18310.6,101.12547051112325,1.1080632579248934e-17,0.00194270607400848,0.0016147546536225497,
adb6671da8,40000,575,1834250,18342.5,101.12547051112325,5.013290166887361e-18,0.00194270607400848,0.0014499469834518201,
adb6671da8,40000,576,1837440,18374.4,101.12547051112325,7.085457669371283e-18,0.00194270607400848,0.0014630284744852804,
adb6671da8,40000,577,1840630,18406.3,101.12547051112325,1.102559228961173e-17,0.00194270607400848,0.0014502942288098211,
adb6671da8,40000,578,1843820,18438.2,101.12547051112325,7.590131393165062e-18,0.00194270607400848,0.001372979179383826,
adb6671da8,40000,579,1847010,18470.1,101.12547051112325,8.88975132918835e-18,0.00194270607400848,0.001506087580928505,
adb6671da8,40000,580,1850200,18502.0,101.12547051112325,1.0800811646921173e-17,0.00194270607400848,0.0015642082425096533,
adb6671da8,40000,581,1853390,18533.9,101.12547051112325,1.1570182926738264e-17,0.00194270607400848,0.0013174890626288318,
adb6671da8,40000,582,1856580,18565.8,101.12547051112325,9.367963485131667e-18,0.00194270607400848,0.001442629606654907,
adb6671da8,40000,583,1859770,18597.7,101.12547051112325,8.849269406823833e-18,0.00194270607400848,0.0014441728709307972,
adb6671da8,40000,584,1862960,18629.6,101.12547051112325,7.14255414698628e-18,0.00194270607400848,0.0013579998026263427,
adb6671da8,40000,585,1866150,18661.5,101.12547051112325,2.1314680847176255e-17,0.00194270607400848,0.0016501375086006697,
adb6671da8,40000,586,1869340,18693.4,101.12547051112325,1.5546068225150767e-17,0.00194270607400848,0.001559877490044782,
adb6671da8,40000,587,1872530,18725.3,101.12547051112325,1.153318050477603e-17,0.00194270607400848,0.001534558219406474,
adb6671da8,40000,588,1875720,18757.2,101.12547051112325,7.910073678605175e-18,0.00194270607400848,0.0014860807619660164,
adb6671da8,40000,589,1878910,18789.1,101.12547051112325,6.863502865891435e-18,0.00194270607400848,0.001517527970087292,
adb6671da8,40000,590,1882100,18821.0,101.12547051112325,5.705866687960274e-18,0.00194270607400848,0.0015349398995381928,
adb6671da8,40000,591,1885290,18852.9,101.12547051112325,1.6032705352322794e-17,0.00194270607400848,0.0015018942479481073,
adb6671da8,40000,592,1888480,18884.8,101.12547051112325,7.42296367866704e-18,0.00194270607400848,0.0016096676912450872,
adb6671da8,40000,593,1891670,18916.7,101.12547051112325,1.106984281344754e-17,0.00194270607400848,0.0014503238790427556,
adb6671da8,40000,594,1894860,18948.6,101.12547051112325,8.90703584938735e-18,0.00194270607400848,0.0015316891782695104,
adb6671da8,40000,595,1898050,18980.5,101.12547051112325,2.3531746767034558e-17,0.00194270607400848,0.0016208428707122496,
adb6671da8,40000,596,1901240,19012.4,101.12547051112325,1.6240301366612458e-17,0.00194270607400848,0.0015193810686560641,
adb6671da8,40000,597,1904430,19044.3,101.12547051112325,6.51913153466207e-18,0.00194270607400848,0.0015312624237071846,
adb6671da8,40000,598,1907620,19076.2,101.12547051112325,6.407691323186088e-18,0.00194270607400848,0.0015307596910314454,
adb6671da8,40000,599,1910810,19108.1,101.12547051112325,1.8918792371986065e-17,0.00194270607400848,0.0014515850367498404,
adb6671da8,40000,600,1914000,19140.0,101.12547051112325,1.0783414693268907e-17,0.00194270607400848,0.0014691556157488148,
adb6671da8,40000,601,1917190,19171.9,101.12547051112325,4.034364726393963e-18,0.00194270607400848,0.0016211933972051697,
adb6671da8,40000,602,1920380,19203.8,101.12547051112325,1.464365354332106e-17,0.00194270607400848,0.001332242559288249,
adb6671da8,40000,603,1923570,19235.7,101.12547051112325,8.144718508880936e-18,0.00194270607400848,0.0013800920910865455,
adb6671da8,40000,604,1926760,19267.6,101.12547051112325,3.872783302507881e-17,0.00194270607400848,0.0013159027807729871,
adb6671da8,40000,605,1929950,19299.5,101.1254705111177,6.436769429558215e-18,0.0019524121508705619,0.0015192364102633348,
adb6671da8,40000,606,1933140,19331.4,101.1254705111177,7.849041733702198e-18,0.0019524121508705619,0.001587383887970771,
adb6671da8,40000,607,1936330,19363.3,101.1254705111177,8.974170984415879e-18,0.0019524121508705619,0.0014693262354979627,
adb6671da8,40000,608,1939520,19395.2,101.1254705111177,1.161068848514684e-17,0.0019524121508705619,0.0016179779338240268,
adb6671da8,40000,609,1942710,19427.1,101.1254705111177,8.914988434359113e-18,0.0019524121508705619,0.0014758633233569749,
adb6671da8,40000,610,1945900,19459.0,101.1254705111177,1.1820880994651779e-17,0.0019524121508705619,0.0015794092313333888,
adb6671da8,40000,611,1949090,19490.9,101.1254705111177,1.1112867262621169e-17,0.0019524121508705619,0.0014160142531826285,
adb6671da8,40000,612,1952280,19522.8,101.1254705111177,7.704173830717005e-18,0.0019524121508705619,0.0014690646541632556,
adb6671da8,40000,613,1955470,19554.7,101.1254705111177,1.0813183479028048e-17,0.0019524121508705619,0.001522549542636846,
adb6671da8,40000,614,1958660,19586.6,101.1254705111177,6.675175014263417e-18,0.0019524121508705619,0.0014505065038425,
adb6671da8,40000,615,1961850,19618.5,101.1254705111177,8.83533731476088e-18,0.0019524121508705619,0.001545609125749533,
adb6671da8,40000,616,1965040,19650.4,101.1254705111177,5.5800630216572544e-18,0.0019524121508705619,0.0015274151705700846,
adb6671da8,40000,617,1968230,19682.3,101.1254705111177,1.4762007255857633e-17,0.0019524121508705619,0.0016251042838380005,
adb6671da8,40000,618,1971420,19714.2,101.1254705111177,1.0943159209346707e-17,0.0019524121508705619,0.0013744809235521015,
adb6671da8,40000,619,1974610,19746.1,101.1254705111177,6.975883090756081e-18,0.0019524121508705619,0.0014639145825413563,
adb6671da8,40000,620,1977800,19778.0,101.1254705111177,7.556232602630756e-18,0.0019524121508705619,0.001483014889499937,
adb6671da8,40000,621,1980990,19809.9,101.1254705111177,2.5860683517401087e-18,0.0019524121508705619,0.0014978474124720345,
adb6671da8,40000,622,1984180,19841.8,101.1254705111177,3.862852561319956e-18,0.0019524121508705619,0.0013403374254842987,
adb6671da8,40000,623,1987370,19873.7,101.1254705111177,9.469086220256324e-18,0.0019524121508705619,0.0015533518915773045,
adb6671da8,40000,624,1990560,19905.6,101.1254705111177,4.008724457927831e-18,0.0019524121508705619,0.0015959092441298346,
adb6671da8,40000,625,1993750,19937.5,101.1254705111177,4.357893662000493e-18,0.0019524121508705619,0.001634742473146206,
adb6671da8,40000,626,1996940,19969.4,101.1254705111177,3.5538451967144806e-18,0.0019524121508705619,0.001515745531353551,
adb6671da8,40000,627,2000130,20001.3,101.1254705111177,5.695548127445419e-18,0.0019524121508705619,0.0016096740517886382,
adb6671da8,40000,628,2003320,20033.2,101.1254705111177,4.503089249348761e-18,0.0019524121508705619,0.0015948052822201352,
adb6671da8,40000,629,2006510,20065.1,101.1254705111177,2.716117612350179e-18,0.0019524121508705619,0.0014165979749260148,
adb6671da8,40000,630,2009700,20097.0,101.1254705111177,3.2035716558787104e-18,0.0019524121508705619,0.0014599564929719143,
adb6671da8,40000,631,2012890,20128.9,101.1254705111177,2.8129922302436534e-18,0.0019524121508705619,0.0016982317053229412,
adb6671da8,40000,632,2016080,20160.8,101.1254705111177,2.2145736632389524e-18,0.0019524121508705619,0.0014583772189774066,
adb6671da8,40000,633,2019270,20192.7,101.1254705111177,2.70414083490241e-18,0.0019524121508705619,0.0015574087363037054,
adb6671da8,40000,634,2022460,20224.6,101.1254705111177,9.884928978375995e-18,0.0019524121508705619,0.0014394572946464206,
adb6671da8,40000,635,2025650,20256.5,101.1254705111177,3.677526856570191e-18,0.0019524121508705619,0.0015855750358259417,
adb6671da8,40000,636,2028840,20288.4,101.1254705111177,9.850986305871772e-18,0.0019524121508705619,0.0015187979966414266,
adb6671da8,40000,637,2032030,20320.3,101.1254705111177,9.188166003771217e-18,0.0019524121508705619,0.0015387787281041384,
adb6671da8,40000,638,2035220,20352.2,101.1254705111177,1.2120798158957721e-17,0.0019524121508705619,0.0014392513234569484,
adb6671da8,40000,639,2038410,20384.1,101.1254705111177,8.957130702797503e-18,0.0019524121508705619,0.001518019009171072,
adb6671da8,40000,640,2041600,20416.0,101.1254705111177,8.96052553498873e-18,0.0019524121508705619,0.0015782309081210713,
adb6671da8,40000,641,2044790,20447.9,101.1254705111177,8.8163050576152e-18,0.0019524121508705619,0.0015640509289186336,
adb6671da8,40000,642,2047980,20479.8,101.1254705111177,8.890408152792205e-18,0.0019524121508705619,0.0015698344188178534,
adb6671da8,40000,643,2051170,20511.7,101.1254705111177,2.114048913442736e-18,0.0019524121508705619,0.0013604580979172725,
adb6671da8,40000,644,2054360,20543.6,101.1254705111177,3.251939943487928e-18,0.0019524121508705619,0.0014194864708485591,
adb6671da8,40000,645,2057550,20575.5,101.1254705111177,7.631353792403791e-18,0.0019524121508705619,0.001687551059318578,
adb6671da8,40000,646,2060740,20607.4,101.1254705111177,8.90473989376869e-18,0.0019524121508705619,0.0015696860820796938,
adb6671da8,40000,647,2063930,20639.3,101.1254705111177,4.838736177456641e-18,0.0019524121508705619,0.001573454233308946,
adb6671da8,40000,648,2067120,20671.2,101.1254705111177,6.212937151522831e-18,0.0019524121508705619,0.001535999141781811,
adb6671da8,40000,649,2070310,20703.1,101.1254705111177,3.665381537984051e-18,0.0019524121508705619,0.0015558843558986424,
adb6671da8,40000,650,2073500,20735.0,101.1254705111177,1.1263257396455095e-17,0.0019524121508705619,0.0014079509806283084,
adb6671da8,40000,651,2076690,20766.9,101.1254705111177,8.88240092980285e-18,0.0019524121508705619,0.0013099894799065432,
adb6671da8,40000,652,2079880,20798.8,101.1254705111177,6.288929918558107e-18,0.0019524121508705619,0.0015305500965216755,
adb6671da8,40000,653,2083070,20830.7,101.1254705111177,7.805316518643692e-18,0.0019524121508705619,0.0014392895244492027,
adb6671da8,40000,654,2086260,20862.6,101.1254705111177,3.677583030047737e-18,0.0019524121508705619,0.001578408655747341,
adb6671da8,40000,655,2089450,20894.5,101.1254705111177,4.692083356992883e-18,0.0019524121508705619,0.0014689021990818814,
adb6671da8,40000,656,2092640,20926.4,101.1254705111177,8.864445980642268e-18,0.0019524121508705619,0.0014201099692396498,
adb6671da8,40000,657,2095830,20958.3,101.1254705111177,7.109090331803213e-18,0.0019524121508705619,0.001520733944707435,
adb6671da8,40000,658,2099020,20990.2,101.1254705111177,3.6196400284924635e-18,0.0019524121508705619,0.001558755259800599,
adb6671da8,40000,659,2102210,21022.1,101.1254705111177,5.94602217369447e-18,0.0019524121508705619,0.001743424052527152,
adb6671da8,40000,660,2105400,21054.0,101.1254705111177,5.091409716899206e-18,0.0019524121508705619,0.0016827641230707942,
adb6671da8,40000,661,2108590,21085.9,101.1254705111177,3.605005656238903e-18,0.0019524121508705619,0.0016033321381995654,
adb6671da8,40000,662,2111780,21117.8,101.1254705111177,5.972630369785219e-18,0.0019524121508705619,0.0014993962740547809,
adb6671da8,40000,663,2114970,21149.7,101.1254705111177,5.883407597512209e-18,0.0019524121508705619,0.0014925534094193786,
adb6671da8,40000,664,2118160,21181.6,101.1254705111177,8.909992006517481e-18,0.0019524121508705619,0.0014943989307230998,
adb6671da8,40000,665,2121350,21213.5,101.1254705111177,3.454326012933459e-18,0.0019524121508705619,0.0015922328096552195,
adb6671da8,40000,666,2124540,21245.4,101.1254705111177,4.210547990521237e-18,0.0019524121508705619,0.0015324190612471954,
adb6671da8,40000,667,2127730,21277.3,101.1254705111177,1.0293182643804998e-17,0.0019524121508705619,0.001653180893385905,
adb6671da8,40000,668,2130920,21309.2,101.1254705111177,8.923996677993899e-18,0.0019524121508705619,0.001328490640106131,
adb6671da8,40000,669,2134110,21341.1,101.1254705111177,2.2676356701125808e-17,0.0019524121508705619,0.0016102427415497379,
adb6671da8,40000,670,2137300,21373.0,101.1254705111177,9.030942435170262e-18,0.0019524121508705619,0.0016060322996603405,
adb6671da8,40000,671,2140490,21404.9,101.1254705111177,1.310808703163546e-17,0.0019524121508705619,0.0014488015785738566,
adb6671da8,40000,672,2143680,21436.8,101.1254705111177,6.6928604426467215e-18,0.0019524121508705619,0.0014503552669897048,
adb6671da8,40000,673,2146870,21468.7,101.1254705111177,8.888297529046038e-18,0.0019524121508705619,0.0015585849274452202,
adb6671da8,40000,674,2150060,21500.6,101.1254705111177,9.084920855094133e-18,0.0019524121508705619,0.0015393142345684295,
adb6671da8,40000,675,2153250,21532.5,101.1254705111177,6.3919388545738265e-18,0.0019524121508705619,0.0015018146786201783,
adb6671da8,40000,676,2156440,21564.4,101.1254705111177,5.5179297858205346e-18,0.0019524121508705619,0.0015073386446690185,
adb6671da8,40000,677,2159630,21596.3,101.1254705111177,7.841832265460954e-18,0.0019524121508705619,0.0015821676226249694,
adb6671da8,40000,678,2162820,21628.2,101.1254705111177,1.3135792631082675e-17,0.0019524121508705619,0.0015663229692792437,
adb6671da8,40000,679,2166010,21660.1,101.1254705111177,1.0992313543619585e-17,0.0019524121508705619,0.0016206359202098374,
adb6671da8,40000,680,2169200,21692.0,101.1254705111177,7.820660016825466e-18,0.0019524121508705619,0.0013159968522868876,
adb6671da8,40000,681,2172390,21723.9,101.1254705111177,1.2530806529750802e-17,0.0019524121508705619,0.0014662938790197175,
adb6671da8,40000,682,2175580,21755.8,101.1254705111177,8.3427487694461e-18,0.0019524121508705619,0.001455400670092867,
adb6671da8,40000,683,2178770,21787.7,101.1254705111177,8.855384940825743e-18,0.0019524121508705619,0.001560637169605893,
adb6671da8,40000,684,2181960,21819.6,101.1254705111177,3.8437247454264684e-18,0.0019524121508705619,0.0014964076068385973,
adb6671da8,40000,685,2185150,21851.5,101.1254705111177,8.385884222468049e-18,0.0019524121508705619,0.0014694244338169236,
adb6671da8,40000,686,2188340,21883.4,101.1254705111177,3.795109648117181e-18,0.0019524121508705619,0.0015977064051589346,
adb6671da8,40000,687,2191530,21915.3,101.1254705111177,5.41732552007051e-18,0.0019524121508705619,0.0013929174628318998,
adb6671da8,40000,688,2194720,21947.2,101.1254705111177,4.333794716266345e-18,0.0019524121508705619,0.0015387122203508643,
adb6671da8,40000,689,2197910,21979.1,101.1254705111177,3.2008693467710264e-18,0.0019524121508705619,0.0016221224935200956,
adb6671da8,40000,690,2201100,22011.0,101.1254705111177,4.607890665036963e-18,0.0019524121508705619,0.0016096777581024253,
adb6671da8,40000,691,2204290,22042.9,101.1254705111177,4.9738768955509325e-18,0.0019524121508705619,0.0014469547074583947,
adb6671da8,40000,692,2207480,22074.8,101.1254705111177,8.045295649127164e-18,0.0019524121508705619,0.0015615096904817232,
adb6671da8,40000,693,2210670,22106.7,101.1254705111177,2.9078201189838525e-18,0.0019524121508705619,0.001459875049878602,
adb6671da8,40000,694,2213860,22138.6,101.1254705111177,5.901039232099432e-18,0.0019524121508705619,0.0015907761260089684,
adb6671da8,40000,695,2217050,22170.5,101.1254705111177,8.940393517193744e-18,0.0019524121508705619,0.001516332778195368,
adb6671da8,40000,696,2220240,22202.4,101.1254705111177,8.668085067108207e-18,0.0019524121508705619,0.001441258764517316,
adb6671da8,40000,697,2223430,22234.3,101.1254705111177,8.499207433936308e-18,0.0019524121508705619,0.0015263025379574845,
adb6671da8,40000,698,2226620,22266.2,101.1254705111177,4.2326700754408305e-18,0.0019524121508705619,0.0015273169108513589,
adb6671da8,40000,699,2229810,22298.1,101.1254705111177,4.135925316358723e-18,0.0019524121508705619,0.0014931909999164202,
adb6671da8,40000,700,2233000,22330.0,101.1254705111177,4.7021596644209635e-18,0.0019524121508705619,0.0015311583255450097,
adb6671da8,40000,701,2236190,22361.9,101.1254705111177,8.877172392895382e-18,0.0019524121508705619,0.0014935296419763748,
adb6671da8,40000,702,2239380,22393.8,101.1254705111177,7.122599349188263e-18,0.0019524121508705619,0.0015812422082103926,
adb6671da8,40000,703,2242570,22425.7,101.1254705111177,8.865669195970295e-18,0.0019524121508705619,0.0014032314347903493,
adb6671da8,40000,704,2245760,22457.6,101.1254705111177,7.420464213836862e-18,0.0019524121508705619,0.0016934895116113538,
adb6671da8,40000,705,2248950,22489.5,101.1254705111177,5.045267033687539e-18,0.0019524121508705619,0.001393547066816394,
adb6671da8,40000,706,2252140,22521.4,101.1254705111177,3.700488232466864e-18,0.0019524121508705619,0.0014069629724853228,
adb6671da8,40000,707,2255330,22553.3,101.1254705111177,5.3806296370357225e-18,0.0019524121508705619,0.0015893319896725672,
adb6671da8,40000,708,2258520,22585.2,101.1254705111177,5.1509043673086586e-18,0.0019524121508705619,0.0015148412456194465,
adb6671da8,40000,709,2261710,22617.1,101.1254705111177,2.6034434254751508e-18,0.0019524121508705619,0.0015917481846166835,
adb6671da8,40000,710,2264900,22649.0,101.1254705111177,3.2143185803227585e-18,0.0019524121508705619,0.0015189856333650833,
adb6671da8,40000,711,2268090,22680.9,101.1254705111177,4.207614756091744e-18,0.0019524121508705619,0.0015047477776361843,
adb6671da8,40000,712,2271280,22712.8,101.1254705111177,8.840940702243228e-18,0.0019524121508705619,0.0015508727980592437,
adb6671da8,40000,713,2274470,22744.7,101.1254705111177,3.2372477338928526e-17,0.0019524121508705619,0.0015616025966834369,
adb6671da8,40000,714,2277660,22776.6,101.1254705111166,6.79077633452751e-18,0.0019326416077975336,0.0015084950158583538,
adb6671da8,40000,715,2280850,22808.5,101.1254705111166,7.737254175948648e-18,0.0019326416077975336,0.001395116756448653,
adb6671da8,40000,716,2284040,22840.4,101.1254705111166,9.759163516395817e-18,0.0019326416077975336,0.0015129814471387796,
adb6671da8,40000,717,2287230,22872.3,101.1254705111166,7.60282494729894e-18,0.0019326416077975336,0.0016158256014220651,
adb6671da8,40000,718,2290420,22904.2,101.1254705111166,1.1556562948524171e-17,0.0019326416077975336,0.0014967621579267702,
adb6671da8,40000,719,2293610,22936.1,101.1254705111166,1.0217848599522431e-17,0.0019326416077975336,0.0015570848756168926,
adb6671da8,40000,720,2296800,22968.0,101.1254705111166,9.608983248214988e-18,0.0019326416077975336,0.0014962630883579276,
adb6671da8,40000,721,2299990,22999.9,101.1254705111166,1.6992957579131923e-17,0.0019326416077975336,0.0014877343699023595,
adb6671da8,40000,722,2303180,23031.8,101.1254705111166,7.578702850643344e-18,0.0019326416077975336,0.0015335359515653891,
adb6671da8,40000,723,2306370,23063.7,101.1254705111166,2.5008844494827993e-17,0.0019326416077975336,0.0015033904461920415,
adb6671da8,40000,724,2309560,23095.6,101.12547051111208,7.855806813585197e-18,0.0019244698665910347,0.001330556376795746,
adb6671da8,40000,725,2312750,23127.5,101.12547051111208,6.606725416536917e-18,0.0019244698665910347,0.0015055301416856846,
adb6671da8,40000,726,2315940,23159.4,101.12547051111208,5.5574305404575496e-18,0.0019244698665910347,0.0015881552182820497,
adb6671da8,40000,727,2319130,23191.3,101.12547051111208,9.139528771086304e-18,0.0019244698665910347,0.0015239914095715485,
adb6671da8,40000,728,2322320,23223.2,101.12547051111208,1.0645447447398109e-17,0.0019244698665910347,0.0015214165503652122,
adb6671da8,40000,729,2325510,23255.1,101.12547051111208,6.9243441442079076e-18,0.0019244698665910347,0.0015244643012749764,
adb6671da8,40000,730,2328700,23287.0,101.12547051111208,9.16717142871056e-18,0.0019244698665910347,0.001479652879683932,
adb6671da8,40000,731,2331890,23318.9,101.12547051111208,8.140091526079904e-18,0.0019244698665910347,0.001663829091659907,
adb6671da8,40000,732,2335080,23350.8,101.12547051111208,8.389600483153362e-18,0.0019244698665910347,0.0015300343316481983,
adb6671da8,40000,733,2338270,23382.7,101.12547051111208,9.70896754720552e-18,0.0019244698665910347,0.0015608184543326265,
adb6671da8,40000,734,2341460,23414.6,101.12547051111208,1.3002618254633242e-17,0.0019244698665910347,0.0014748782267882319,
adb6671da8,40000,735,2344650,23446.5,101.12547051111208,1.2637058291282795e-17,0.0019244698665910347,0.0015335581375335626,
adb6671da8,40000,736,2347840,23478.4,101.12547051111208,8.84017420992283e-18,0.0019244698665910347,0.0012946510373921503,
adb6671da8,40000,737,2351030,23510.3,101.12547051111208,1.1118480234960238e-17,0.0019244698665910347,0.0014369302048730533,
adb6671da8,40000,738,2354220,23542.2,101.12547051111208,1.0909259609782712e-17,0.0019244698665910347,0.0016688763893708402,
adb6671da8,40000,739,2357410,23574.1,101.12547051111208,1.345538265143859e-17,0.0019244698665910347,0.0015033451274849693,
adb6671da8,40000,740,2360600,23606.0,101.12547051111208,1.2995780162770778e-17,0.0019244698665910347,0.0016207332680385602,
adb6671da8,40000,741,2363790,23637.9,101.12547051111208,1.77617104802178e-17,0.0019244698665910347,0.001557410102448775,
adb6671da8,40000,742,2366980,23669.8,101.12547051111208,5.861398547757321e-18,0.0019244698665910347,0.0016848392161168668,
adb6671da8,40000,743,2370170,23701.7,101.12547051111208,8.713294532144341e-18,0.0019244698665910347,0.0017386766389989674,
adb6671da8,40000,744,2373360,23733.6,101.12547051111208,9.320371551212384e-18,0.0019244698665910347,0.0013589320477926533,
adb6671da8,40000,745,2376550,23765.5,101.12547051111208,6.859331743471446e-18,0.0019244698665910347,0.0016222493085031613,
adb6671da8,40000,746,2379740,23797.4,101.12547051111208,8.376073895922379e-18,0.0019244698665910347,0.0013644936052684808,
adb6671da8,40000,747,2382930,23829.3,101.12547051111208,1.0537222741962562e-17,0.0019244698665910347,0.0014420635445382358,
adb6671da8,40000,748,2386120,23861.2,101.12547051111208,1.1921599984259231e-17,0.0019244698665910347,0.0014198448386807038,
adb6671da8,40000,749,2389310,23893.1,101.12547051111208,7.758817342801038e-18,0.0019244698665910347,0.0015658742144940634,
adb6671da8,40000,750,2392500,23925.0,101.12547051111208,9.463539860389472e-18,0.0019244698665910347,0.0014872771083711146,
adb6671da8,40000,751,2395690,23956.9,101.12547051111208,8.801955049800484e-18,0.0019244698665910347,0.0016749822804111919,
adb6671da8,40000,752,2398880,23988.8,101.12547051111208,7.973379763170421e-18,0.0019244698665910347,0.0013966209691372495,
adb6671da8,40000,753,2402070,24020.7,101.12547051111208,5.846392360382416e-18,0.0019244698665910347,0.0014433704837882827,
adb6671da8,40000,754,2405260,24052.6,101.12547051111208,6.336577308586738e-18,0.0019244698665910347,0.0013474090271328317,
adb6671da8,40000,755,2408450,24084.5,101.12547051111208,1.53810956882834e-17,0.0019244698665910347,0.0014123348286503368,
adb6671da8,40000,756,2411640,24116.4,101.12547051111208,9.65587448447502e-18,0.0019244698665910347,0.0016037944756810522,
adb6671da8,40000,757,2414830,24148.3,101.12547051111208,6.546678456948204e-18,0.0019244698665910347,0.0013907910937584118,
adb6671da8,40000,758,2418020,24180.2,101.12547051111208,9.820272776689073e-18,0.0019244698665910347,0.0015326045764892022,
adb6671da8,40000,759,2421210,24212.1,101.12547051111208,8.568643497437971e-18,0.0019244698665910347,0.0016263034872990127,
adb6671da8,40000,760,2424400,24244.0,101.12547051111208,8.74873458394437e-18,0.0019244698665910347,0.0015061394677859307,
adb6671da8,40000,761,2427590,24275.9,101.12547051111208,7.747226306394818e-18,0.0019244698665910347,0.0014448852406149528,
adb6671da8,40000,762,2430780,24307.8,101.12547051111208,1.772207603346821e-17,0.0019244698665910347,0.0014841181439822961,
adb6671da8,40000,763,2433970,24339.7,101.12547051111208,8.21623813240804e-18,0.0019244698665910347,0.0015461827990922044,
adb6671da8,40000,764,2437160,24371.6,101.12547051111208,7.023406749001362e-18,0.0019244698665910347,0.0015371974142068129,
adb6671da8,40000,765,2440350,24403.5,101.12547051111208,8.723997952834378e-18,0.0019244698665910347,0.0014838613158279774,
adb6671da8,40000,766,2443540,24435.4,101.12547051111208,8.286590333014613e-18,0.0019244698665910347,0.001486006161889151,
adb6671da8,40000,767,2446730,24467.3,101.12547051111208,6.363142796123515e-18,0.0019244698665910347,0.0014060381392212004,
adb6671da8,40000,768,2449920,24499.2,101.12547051111208,3.415574176137095e-17,0.0019244698665910347,0.00148908569399138,
adb6671da8,40000,769,2453110,24531.1,101.12547051111208,6.45819181346936e-18,0.0019244698665910347,0.0015430310223905116,
adb6671da8,40000,770,2456300,24563.0,101.12547051111208,8.447236510964258e-18,0.0019244698665910347,0.001507366620396918,
adb6671da8,40000,771,2459490,24594.9,101.12547051111208,1.3097300621090939e-17,0.0019244698665910347,0.0015786623402756622,
adb6671da8,40000,772,2462680,24626.8,101.12547051111208,3.235650756989247e-17,0.0019244698665910347,0.0015850030006710361,
adb6671da8,40000,773,2465870,24658.7,101.12547051111208,5.426698047924447e-18,0.0019244698665910347,0.0015676556451340703,
adb6671da8,40000,774,2469060,24690.6,101.12547051111208,8.256864780453511e-18,0.0019244698665910347,0.0015180393568751899,
adb6671da8,40000,775,2472250,24722.5,101.12547051111208,9.744431612656686e-18,0.0019244698665910347,0.0016011492908101015,
adb6671da8,40000,776,2475440,24754.4,101.12547051111208,8.545506085825367e-18,0.0019244698665910347,0.0014301763824409817,
adb6671da8,40000,777,2478630,24786.3,101.12547051111208,2.1413856320818868e-17,0.0019244698665910347,0.0013890536271967747,
adb6671da8,40000,778,2481820,24818.2,101.12547051111208,7.723783309208789e-18,0.0019244698665910347,0.0014458297832748706,
adb6671da8,40000,779,2485010,24850.1,101.12547051111208,7.465951002304107e-18,0.0019244698665910347,0.0015222041195784375,
adb6671da8,40000,780,2488200,24882.0,101.12547051111208,8.841851329592571e-18,0.0019244698665910347,0.0014960357229705553,
adb6671da8,40000,781,2491390,24913.9,101.12547051111208,1.6500411260190687e-17,0.0019244698665910347,0.0014679554124148505,
adb6671da8,40000,782,2494580,24945.8,101.12547051111208,7.191159480692942e-18,0.0019244698665910347,0.0014988316605029533,
adb6671da8,40000,783,2497770,24977.7,101.12547051111208,8.552829755063561e-18,0.0019244698665910347,0.0014708017879771064,
adb6671da8,40000,784,2500960,25009.6,101.12547051111208,6.6418984951523365e-18,0.0019244698665910347,0.0015408884578369392,
adb6671da8,40000,785,2504150,25041.5,101.12547051111208,1.2094279230261462e-17,0.0019244698665910347,0.001477130046167521,
adb6671da8,40000,786,2507340,25073.4,101.12547051111208,7.370350211274155e-18,0.0019244698665910347,0.0013510408953786163,
adb6671da8,40000,787,2510530,25105.3,101.12547051111208,6.861932299594804e-18,0.0019244698665910347,0.0015152868769849703,
adb6671da8,40000,788,2513720,25137.2,101.12547051111208,6.7078214994185565e-18,0.0019244698665910347,0.0014201643244196873,
adb6671da8,40000,789,2516910,25169.1,101.12547051111208,8.17660282435444e-18,0.0019244698665910347,0.0015717101347731488,
adb6671da8,40000,790,2520100,25201.0,101.12547051111208,9.838496885401007e-18,0.0019244698665910347,0.0015356326675489596,
adb6671da8,40000,791,2523290,25232.9,101.12547051111208,7.004841405914955e-18,0.0019244698665910347,0.0015090328682678092,
adb6671da8,40000,792,2526480,25264.8,101.12547051111208,4.058914461017785e-18,0.0019244698665910347,0.0015197212133683789,
adb6671da8,40000,793,2529670,25296.7,101.12547051111208,6.102912154059654e-18,0.0019244698665910347,0.0016155232585854733,
adb6671da8,40000,794,2532860,25328.6,101.12547051111208,8.660455749702156e-18,0.0019244698665910347,0.0012179280156333473,
adb6671da8,40000,795,2536050,25360.5,101.12547051111208,9.08213042624172e-18,0.0019244698665910347,0.0013140790577409716,
adb6671da8,40000,796,2539240,25392.4,101.12547051111208,6.8982882933224325e-18,0.0019244698665910347,0.0015615942198449412,
adb6671da8,40000,797,2542430,25424.3,101.12547051111208,6.659103429347373e-18,0.0019244698665910347,0.0015070582855958975,
adb6671da8,40000,798,2545620,25456.2,101.12547051111208,8.900237628654864e-18,0.0019244698665910347,0.0015967775174828384,
adb6671da8,40000,799,2548810,25488.1,101.12547051111208,8.768176831203135e-18,0.0019244698665910347,0.001457066228821647,
adb6671da8,40000,800,2552000,25520.0,101.12547051111208,6.153224837396786e-18,0.0019244698665910347,0.0015307903227092842,
adb6671da8,40000,801,2555190,25551.9,101.12547051111208,8.748854860004062e-18,0.0019244698665910347,0.0015418080250657977,
adb6671da8,40000,802,2558380,25583.8,101.12547051111208,8.855905170583549e-18,0.0019244698665910347,0.0014662225007572027,
adb6671da8,40000,803,2561570,25615.7,101.12547051111208,1.307499642502419e-17,0.0019244698665910347,0.0014666926509513015,
adb6671da8,40000,804,2564760,25647.6,101.12547051111208,8.404318153296803e-18,0.0019244698665910347,0.001368413775999465,
adb6671da8,40000,805,2567950,25679.5,101.12547051111208,1.1804747198314618e-17,0.0019244698665910347,0.0015599690135192593,
adb6671da8,40000,806,2571140,25711.4,101.12547051111208,8.240821419798411e-18,0.0019244698665910347,0.0015134485907318397,
adb6671da8,40000,807,2574330,25743.3,101.12547051111208,6.802150000787993e-18,0.0019244698665910347,0.001386791665545053,
adb6671da8,40000,808,2577520,25775.2,101.12547051111208,8.788003670246143e-18,0.0019244698665910347,0.0013467685570990224,
adb6671da8,40000,809,2580710,25807.1,101.12547051111208,8.792115487058141e-18,0.0019244698665910347,0.0014864627378263645,
adb6671da8,40000,810,2583900,25839.0,101.12547051111208,8.768687174172583e-18,0.0019244698665910347,0.0014252369466797264,
adb6671da8,40000,811,2587090,25870.9,101.12547051111208,6.1787255077093404e-18,0.0019244698665910347,0.0015055730261879262,
adb6671da8,40000,812,2590280,25902.8,101.12547051111208,5.443096867254573e-18,0.0019244698665910347,0.0015903355780280775,
adb6671da8,40000,813,2593470,25934.7,101.12547051111208,6.930780614968147e-18,0.0019244698665910347,0.0014034137235254983,
adb6671da8,40000,814,2596660,25966.6,101.12547051111208,6.7617438469419054e-18,0.0019244698665910347,0.001513018664460686,
adb6671da8,40000,815,2599850,25998.5,101.12547051111208,1.2694963036683029e-17,0.0019244698665910347,0.0014198979080317716,
adb6671da8,40000,816,2603040,26030.4,101.12547051111208,7.506363764006876e-18,0.0019244698665910347,0.0014998659433007864,
adb6671da8,40000,817,2606230,26062.3,101.12547051111208,8.110596405748548e-18,0.0019244698665910347,0.001372302780481222,
adb6671da8,40000,818,2609420,26094.2,101.12547051111208,7.200458956755933e-18,0.0019244698665910347,0.0013112010002794248,
adb6671da8,40000,819,2612610,26126.1,101.12547051111208,7.044423134867357e-18,0.0019244698665910347,0.0014303338508768473,
adb6671da8,40000,820,2615800,26158.0,101.12547051111208,7.132995146697324e-18,0.0019244698665910347,0.0015199135917124927,
adb6671da8,40000,821,2618990,26189.9,101.12547051111208,6.052059411640455e-18,0.0019244698665910347,0.00146703099302352,
adb6671da8,40000,822,2622180,26221.8,101.12547051111208,6.0769155761279406e-18,0.0019244698665910347,0.0015761903401753563,
adb6671da8,40000,823,2625370,26253.7,101.12547051111208,7.099437639353216e-18,0.0019244698665910347,0.0014092628399856304,
adb6671da8,40000,824,2628560,26285.6,101.12547051111208,1.094321163252829e-17,0.0019244698665910347,0.0015399350205038598,
adb6671da8,40000,825,2631750,26317.5,101.12547051111208,7.260075426992961e-18,0.0019244698665910347,0.001577988078276856,
adb6671da8,40000,826,2634940,26349.4,101.12547051111208,1.7451000534143904e-17,0.0019244698665910347,0.0014378045092362105,
adb6671da8,40000,827,2638130,26381.3,101.12547051111208,9.395270595600315e-18,0.0019244698665910347,0.0014545062045087291,
adb6671da8,40000,828,2641320,26413.2,101.12547051111208,6.067237047220168e-18,0.0019244698665910347,0.0015593280600622438,
adb6671da8,40000,829,2644510,26445.1,101.12547051111208,9.824995006718407e-18,0.0019244698665910347,0.0013911656857530856,
adb6671da8,40000,830,2647700,26477.0,101.12547051111208,5.588785886866139e-18,0.0019244698665910347,0.0014162803281222837,
adb6671da8,40000,831,2650890,26508.9,101.12547051111208,9.82692176326808e-18,0.0019244698665910347,0.00155829895131612,
adb6671da8,40000,832,2654080,26540.8,101.12547051111208,9.612635020189362e-18,0.0019244698665910347,0.001470378493358624,
adb6671da8,40000,833,2657270,26572.7,101.12547051111208,5.282457485580241e-18,0.0019244698665910347,0.0016002708823715584,
adb6671da8,40000,834,2660460,26604.6,101.12547051111208,4.197210569609449e-18,0.0019244698665910347,0.0015435264367111793,
adb6671da8,40000,835,2663650,26636.5,101.12547051111208,8.305563567602783e-18,0.0019244698665910347,0.0014156100690377617,
adb6671da8,40000,836,2666840,26668.4,101.12547051111208,8.926654803667037e-18,0.0019244698665910347,0.0014734212553348654,
adb6671da8,40000,837,2670030,26700.3,101.12547051111208,8.816402154920535e-18,0.0019244698665910347,0.0014806658002042578,
adb6671da8,40000,838,2673220,26732.2,101.12547051111208,8.342759825126604e-18,0.0019244698665910347,0.001560677828760225,
adb6671da8,40000,839,2676410,26764.1,101.12547051111208,5.028967408992886e-18,0.0019244698665910347,0.0015658717524937508,
adb6671da8,40000,840,2679600,26796.0,101.12547051111208,7.938339130884738e-18,0.0019244698665910347,0.0014864841234919772,
adb6671da8,40000,841,2682790,26827.9,101.12547051111208,1.1457816018284163e-17,0.0019244698665910347,0.0014650252807708283,
adb6671da8,40000,842,2685980,26859.8,101.12547051111208,7.293899713647708e-18,0.0019244698665910347,0.001606121938627731,
adb6671da8,40000,843,2689170,26891.7,101.12547051111208,8.05288923949442e-18,0.0019244698665910347,0.0014802286950418265,
adb6671da8,40000,844,2692360,26923.6,101.12547051111208,7.713568716672175e-18,0.0019244698665910347,0.0015306946460046556,
adb6671da8,40000,845,2695550,26955.5,101.12547051111208,2.312006037665692e-17,0.0019244698665910347,0.0015224577095769537,
adb6671da8,40000,846,2698740,26987.4,101.12547051111208,1.3701121450319421e-17,0.0019244698665910347,0.0012965266063632887,
adb6671da8,40000,847,2701930,27019.3,101.12547051111208,6.375976808394405e-18,0.0019244698665910347,0.0012849406045303186,
adb6671da8,40000,848,2705120,27051.2,101.12547051111208,8.82525888505662e-18,0.0019244698665910347,0.0015848833673220827,
adb6671da8,40000,849,2708310,27083.1,101.12547051111208,7.62820135840339e-18,0.0019244698665910347,0.001366526686010308,
adb6671da8,40000,850,2711500,27115.0,101.12547051111208,1.1141757953451226e-17,0.0019244698665910347,0.0013821470358889958,
adb6671da8,40000,851,2714690,27146.9,101.12547051111208,8.765913767369875e-18,0.0019244698665910347,0.001508696339431957,
adb6671da8,40000,852,2717880,27178.8,101.12547051111208,8.744061021249136e-18,0.0019244698665910347,0.0014731365975338216,
adb6671da8,40000,853,2721070,27210.7,101.12547051111208,9.898689290982392e-18,0.0019244698665910347,0.0014548860065235988,
adb6671da8,40000,854,2724260,27242.6,101.12547051111208,1.8465723341940105e-17,0.0019244698665910347,0.001425901980711766,
adb6671da8,40000,855,2727450,27274.5,101.12547051111208,5.913728096966361e-18,0.0019244698665910347,0.0015943357682426272,
adb6671da8,40000,856,2730640,27306.4,101.12547051111208,6.994857262852483e-18,0.0019244698665910347,0.0013973801020281873,
adb6671da8,40000,857,2733830,27338.3,101.12547051111208,9.137605576105497e-18,0.0019244698665910347,0.0015756802387818366,
adb6671da8,40000,858,2737020,27370.2,101.12547051111208,1.4303508627621893e-17,0.0019244698665910347,0.0016352291879879184,
adb6671da8,40000,859,2740210,27402.1,101.12547051111208,1.0649584506597256e-17,0.0019244698665910347,0.0014954086291742996,
adb6671da8,40000,860,2743400,27434.0,101.12547051111208,1.750481519804233e-17,0.0019244698665910347,0.0014241225591102406,
adb6671da8,40000,861,2746590,27465.9,101.12547051111208,2.0225810960594917e-17,0.0019244698665910347,0.0013926264690189306,
adb6671da8,40000,862,2749780,27497.8,101.12547051111208,7.725431426138559e-18,0.0019244698665910347,0.0015598027686194956,
adb6671da8,40000,863,2752970,27529.7,101.12547051111208,1.1078246049819331e-17,0.0019244698665910347,0.0016607335102376492,
adb6671da8,40000,864,2756160,27561.6,101.12547051111208,7.024005158104874e-18,0.0019244698665910347,0.0015565368699292212,
adb6671da8,40000,865,2759350,27593.5,101.12547051111208,8.339532305092372e-18,0.0019244698665910347,0.001524259789774275,
adb6671da8,40000,866,2762540,27625.4,101.12547051111208,8.88263028569118e-18,0.0019244698665910347,0.0015399117659778566,
adb6671da8,40000,867,2765730,27657.3,101.12547051111208,8.817134381668302e-18,0.0019244698665910347,0.0013782062487311417,
adb6671da8,40000,868,2768920,27689.2,101.12547051111208,1.0271215351128556e-17,0.0019244698665910347,0.0015514464406442292,
adb6671da8,40000,869,2772110,27721.1,101.12547051111208,4.5752293912245695e-18,0.0019244698665910347,0.0014257717212903392,
adb6671da8,40000,870,2775300,27753.0,101.12547051111208,4.3186358988855645e-18,0.0019244698665910347,0.0013256164251862822,
adb6671da8,40000,871,2778490,27784.9,101.12547051111208,8.783772405337579e-18,0.0019244698665910347,0.0014840920067556872,
adb6671da8,40000,872,2781680,27816.8,101.12547051111208,8.77069823016263e-18,0.0019244698665910347,0.0015736017654247303,
adb6671da8,40000,873,2784870,27848.7,101.12547051111208,1.211185462644868e-17,0.0019244698665910347,0.0015661731085241536,
adb6671da8,40000,874,2788060,27880.6,101.12547051111208,8.37280092945523e-18,0.0019244698665910347,0.001493550381687387,
adb6671da8,40000,875,2791250,27912.5,101.12547051111208,7.07586796797142e-18,0.0019244698665910347,0.0015465173546628892,
adb6671da8,40000,876,2794440,27944.4,101.12547051111208,8.469094757407139e-18,0.0019244698665910347,0.0013874620696451977,
adb6671da8,40000,877,2797630,27976.3,101.12547051111208,5.615075130699231e-18,0.0019244698665910347,0.0014842693967563306,
adb6671da8,40000,878,2800820,28008.2,101.12547051111208,8.537087940281572e-18,0.0019244698665910347,0.0014199918427273243,
adb6671da8,40000,879,2804010,28040.1,101.12547051111208,1.3489290027125811e-17,0.0019244698665910347,0.0013453763209210902,
adb6671da8,40000,880,2807200,28072.0,101.12547051111208,8.42423253800927e-18,0.0019244698665910347,0.0015600253874514655,
adb6671da8,40000,881,2810390,28103.9,101.12547051111208,9.002302858226675e-18,0.0019244698665910347,0.0014906539953135187,
adb6671da8,40000,882,2813580,28135.8,101.12547051111208,7.900163886445996e-18,0.0019244698665910347,0.001516826453765936,
adb6671da8,40000,883,2816770,28167.7,101.12547051111208,1.2166156136769315e-17,0.0019244698665910347,0.0013091574592733303,
adb6671da8,40000,884,2819960,28199.6,101.12547051111208,6.967426333587277e-18,0.0019244698665910347,0.0016152553697973881,
adb6671da8,40000,885,2823150,28231.5,101.12547051111208,8.207487094137627e-18,0.0019244698665910347,0.0013603400286749943,
adb6671da8,40000,886,2826340,28263.4,101.12547051111208,1.3193551169166902e-17,0.0019244698665910347,0.00139202302714794,
adb6671da8,40000,887,2829530,28295.3,101.12547051111208,7.542853236428001e-18,0.0019244698665910347,0.0014684380620424422,
adb6671da8,40000,888,2832720,28327.2,101.12547051111208,7.56998732410291e-18,0.0019244698665910347,0.0013482140925860245,
adb6671da8,40000,889,2835910,28359.1,101.12547051111208,8.692533611788935e-18,0.0019244698665910347,0.0015033910730701497,
adb6671da8,40000,890,2839100,28391.0,101.12547051111208,9.372588642828648e-18,0.0019244698665910347,0.0016538020023145743,
adb6671da8,40000,891,2842290,28422.9,101.12547051111208,6.103488167869345e-18,0.0019244698665910347,0.0014530251075361566,
adb6671da8,40000,892,2845480,28454.8,101.12547051111208,6.7110131908176065e-18,0.0019244698665910347,0.0013870117099715024,
adb6671da8,40000,893,2848670,28486.7,101.12547051111208,1.0381953896660591e-17,0.0019244698665910347,0.0015084067396780184,
adb6671da8,40000,894,2851860,28518.6,101.12547051111208,8.851992867035224e-18,0.0019244698665910347,0.0013688431194320617,
adb6671da8,40000,895,2855050,28550.5,101.12547051111208,7.772198618345669e-18,0.0019244698665910347,0.0015241979030192444,
adb6671da8,40000,896,2858240,28582.4,101.12547051111208,1.3276446246982035e-17,0.0019244698665910347,0.0013983318114046584,
adb6671da8,40000,897,2861430,28614.3,101.12547051111208,1.1871314835308338e-17,0.0019244698665910347,0.0012639309979596766,
adb6671da8,40000,898,2864620,28646.2,101.12547051111208,3.8137824497633505e-18,0.0019244698665910347,0.0013377881138386572,
adb6671da8,40000,899,2867810,28678.1,101.12547051111208,8.78473654611382e-18,0.0019244698665910347,0.0014070047189592776,
adb6671da8,40000,900,2871000,28710.0,101.12547051111208,6.8298982639971826e-18,0.0019244698665910347,0.0016452747280015828,
adb6671da8,40000,901,2874190,28741.9,101.12547051111208,6.135188100440918e-18,0.0019244698665910347,0.0016787156634034059,
adb6671da8,40000,902,2877380,28773.8,101.12547051111208,9.324634868300521e-18,0.0019244698665910347,0.0015209347942619549,
adb6671da8,40000,903,2880570,28805.7,101.12547051111208,7.162653195325587e-18,0.0019244698665910347,0.0016313484942147415,
adb6671da8,40000,904,2883760,28837.6,101.12547051111208,7.694128594285956e-18,0.0019244698665910347,0.0015060694303934794,
adb6671da8,40000,905,2886950,28869.5,101.12547051111208,1.5700759726239637e-17,0.0019244698665910347,0.0015965452185184288,
adb6671da8,40000,906,2890140,28901.4,101.12547051111208,1.1703118995049906e-17,0.0019244698665910347,0.001305529248521239,
adb6671da8,40000,907,2893330,28933.3,101.12547051111208,8.782098002493463e-18,0.0019244698665910347,0.001549919748207643,
adb6671da8,40000,908,2896520,28965.2,101.12547051111208,8.017719543186154e-18,0.0019244698665910347,0.0013415772074938947,
adb6671da8,40000,909,2899710,28997.1,101.12547051111208,8.730309347276923e-18,0.0019244698665910347,0.0014998931284773383,
adb6671da8,40000,910,2902900,29029.0,101.12547051111208,8.721205179079353e-18,0.0019244698665910347,0.0014980998929520273,
adb6671da8,40000,911,2906090,29060.9,101.12547051111208,1.1875370775159983e-17,0.0019244698665910347,0.0014225439272454537,
adb6671da8,40000,912,2909280,29092.8,101.12547051111208,6.157678413805847e-18,0.0019244698665910347,0.0015133369919617346,
adb6671da8,40000,913,2912470,29124.7,101.12547051111208,8.715719908206902e-18,0.0019244698665910347,0.0012867910431950194,
adb6671da8,40000,914,2915660,29156.6,101.12547051111208,9.985764663427268e-18,0.0019244698665910347,0.0014195277780855368,
adb6671da8,40000,915,2918850,29188.5,101.12547051111208,7.935319377265518e-18,0.0019244698665910347,0.0014505531022168195,
adb6671da8,40000,916,2922040,29220.4,101.12547051111208,6.134405631250017e-18,0.0019244698665910347,0.0014834872062443097,
adb6671da8,40000,917,2925230,29252.3,101.12547051111208,1.0789080961522252e-17,0.0019244698665910347,0.0015662203228998049,
adb6671da8,40000,918,2928420,29284.2,101.12547051111208,6.804352021931281e-18,0.0019244698665910347,0.0016269179722153589,
adb6671da8,40000,919,2931610,29316.1,101.12547051111208,7.722506178493293e-18,0.0019244698665910347,0.001517846041891553,
adb6671da8,40000,920,2934800,29348.0,101.12547051111208,5.629786091813817e-18,0.0019244698665910347,0.0014913442028983285,
adb6671da8,40000,921,2937990,29379.9,101.12547051111208,4.921446038248833e-18,0.0019244698665910347,0.001534636602444884,
adb6671da8,40000,922,2941180,29411.8,101.12547051111208,1.087777077595755e-17,0.0019244698665910347,0.0014285241566825463,
adb6671da8,40000,923,2944370,29443.7,101.12547051111208,1.4886350472957828e-17,0.0019244698665910347,0.0015640951380146424,
adb6671da8,40000,924,2947560,29475.6,101.12547051111208,6.598817069405909e-18,0.0019244698665910347,0.0014753692048810562,
adb6671da8,40000,925,2950750,29507.5,101.12547051111208,7.09910718011705e-18,0.0019244698665910347,0.0011304237172347843,
adb6671da8,40000,926,2953940,29539.4,101.12547051111208,7.216972698721596e-18,0.0019244698665910347,0.0014779179882292263,
adb6671da8,40000,927,2957130,29571.3,101.12547051111208,1.523371193548525e-17,0.0019244698665910347,0.0015443335508783472,
adb6671da8,40000,928,2960320,29603.2,101.12547051111208,4.3183956438332746e-18,0.0019244698665910347,0.0015512087315859326,
adb6671da8,40000,929,2963510,29635.1,101.12547051111208,4.994944260280548e-18,0.0019244698665910347,0.0014184336086526836,
adb6671da8,40000,930,2966700,29667.0,101.12547051111208,6.5561559282728604e-18,0.0019244698665910347,0.0014403188996782552,
adb6671da8,40000,931,2969890,29698.9,101.12547051111208,8.201416633975103e-18,0.0019244698665910347,0.0016472838205699566,
adb6671da8,40000,932,2973080,29730.8,101.12547051111208,7.618356155906207e-18,0.0019244698665910347,0.0015130746364535915,
adb6671da8,40000,933,2976270,29762.7,101.12547051111208,8.910189222237416e-18,0.0019244698665910347,0.0014967288102868273,
adb6671da8,40000,934,2979460,29794.6,101.12547051111208,7.229220644125898e-18,0.0019244698665910347,0.0014850952001694304,
adb6671da8,40000,935,2982650,29826.5,101.12547051111208,1.0917186442499513e-17,0.0019244698665910347,0.0013825058464901447,
adb6671da8,40000,936,2985840,29858.4,101.12547051111208,1.1219319913055459e-17,0.0019244698665910347,0.0014585068086611173,
adb6671da8,40000,937,2989030,29890.3,101.12547051111208,7.250414472717906e-18,0.0019244698665910347,0.0014912991530472012,
adb6671da8,40000,938,2992220,29922.2,101.12547051111208,8.458843095731338e-18,0.0019244698665910347,0.001359627814036769,
adb6671da8,40000,939,2995410,29954.1,101.12547051111208,6.080695129864269e-18,0.0019244698665910347,0.0015435927592838605,
adb6671da8,40000,940,2998600,29986.0,101.12547051111208,6.014394163944537e-18,0.0019244698665910347,0.0014298728500142263,
adb6671da8,40000,941,3001790,30017.9,101.12547051111208,1.0328018332281494e-17,0.0019244698665910347,0.0016384906850189288,
adb6671da8,40000,942,3004980,30049.8,101.12547051111208,1.8852980050482482e-17,0.0019244698665910347,0.0013772209969037021,
adb6671da8,40000,943,3008170,30081.7,101.12547051111208,1.7174108711423956e-17,0.0019244698665910347,0.001438705713164777,
adb6671da8,40000,944,3011360,30113.6,101.12547051111208,8.034913621798792e-18,0.0019244698665910347,0.0015921507068040412,
adb6671da8,40000,945,3014550,30145.5,101.12547051111208,9.037048621959182e-18,0.0019244698665910347,0.0013684928062451703,
adb6671da8,40000,946,3017740,30177.4,101.12547051111208,6.562535587110094e-18,0.0019244698665910347,0.0015188227847457284,
adb6671da8,40000,947,3020930,30209.3,101.12547051111208,2.146162699448583e-17,0.0019244698665910347,0.0015181197823185592,
adb6671da8,40000,948,3024120,30241.2,101.12547051111208,8.903701161564124e-18,0.0019244698665910347,0.0015096880190810054,
adb6671da8,40000,949,3027310,30273.1,101.12547051111208,8.824713962809798e-18,0.0019244698665910347,0.001622178877806859,
adb6671da8,40000,950,3030500,30305.0,101.12547051111208,9.118424398473243e-18,0.0019244698665910347,0.0014151718928489205,
adb6671da8,40000,951,3033690,30336.9,101.12547051111208,5.847880951541638e-18,0.0019244698665910347,0.0013831172565174235,
adb6671da8,40000,952,3036880,30368.8,101.12547051111208,6.657701325651413e-18,0.0019244698665910347,0.0013137251920256642,
adb6671da8,40000,953,3040070,30400.7,101.12547051111208,8.786764127968766e-18,0.0019244698665910347,0.001518776761546871,
adb6671da8,40000,954,3043260,30432.6,101.12547051111208,6.1529813327656066e-18,0.0019244698665910347,0.0013868725060015299,
adb6671da8,40000,955,3046450,30464.5,101.12547051111208,1.268212571532242e-17,0.0019244698665910347,0.0014121404421180604,
adb6671da8,40000,956,3049640,30496.4,101.12547051111208,6.927430279667911e-18,0.0019244698665910347,0.001563452944220201,
adb6671da8,40000,957,3052830,30528.3,101.12547051111208,8.505365044034456e-18,0.0019244698665910347,0.001402805656221456,
adb6671da8,40000,958,3056020,30560.2,101.12547051111208,9.004614620438124e-18,0.0019244698665910347,0.0015367248989001413,
adb6671da8,40000,959,3059210,30592.1,101.12547051111208,6.917170611340383e-18,0.0019244698665910347,0.0013912455185763793,
adb6671da8,40000,960,3062400,30624.0,101.12547051111208,9.692926981174005e-18,0.0019244698665910347,0.0015119119867653176,
adb6671da8,40000,961,3065590,30655.9,101.12547051111208,6.323685359423232e-18,0.0019244698665910347,0.0014174115168209644,
adb6671da8,40000,962,3068780,30687.8,101.12547051111208,6.661790971087858e-18,0.0019244698665910347,0.0015365832611538555,
adb6671da8,40000,963,3071970,30719.7,101.12547051111208,7.500710124988481e-18,0.0019244698665910347,0.001376501024704842,
adb6671da8,40000,964,3075160,30751.6,101.12547051111208,8.459234669541113e-18,0.0019244698665910347,0.001376737590235665,
adb6671da8,40000,965,3078350,30783.5,101.12547051111208,6.918948335198727e-18,0.0019244698665910347,0.0015873319460509114,
adb6671da8,40000,966,3081540,30815.4,101.12547051111208,9.976663742927317e-18,0.0019244698665910347,0.0014710274853749674,
adb6671da8,40000,967,3084730,30847.3,101.12547051111208,8.200264953022045e-18,0.0019244698665910347,0.0015136013220121793,
adb6671da8,40000,968,3087920,30879.2,101.12547051111208,1.3579295681334735e-17,0.0019244698665910347,0.0015918653471919616,
adb6671da8,40000,969,3091110,30911.1,101.12547051111208,8.476243773595863e-18,0.0019244698665910347,0.0014505743184092792,
adb6671da8,40000,970,3094300,30943.0,101.12547051111208,7.337194668616661e-18,0.0019244698665910347,0.0015162374380136051,
adb6671da8,40000,971,3097490,30974.9,101.12547051111208,8.54194505316773e-18,0.0019244698665910347,0.0014907874771344348,
adb6671da8,40000,972,3100680,31006.8,101.12547051111208,7.948752400657259e-18,0.0019244698665910347,0.0014665810060532866,
adb6671da8,40000,973,3103870,31038.7,101.12547051111208,1.020964784719438e-17,0.0019244698665910347,0.0014090408081878882,
adb6671da8,40000,974,3107060,31070.6,101.12547051111208,5.801194580218668e-18,0.0019244698665910347,0.001496156284489159,
adb6671da8,40000,975,3110250,31102.5,101.12547051111208,5.875086171373945e-18,0.0019244698665910347,0.0014715040614501618,
adb6671da8,40000,976,3113440,31134.4,101.12547051111208,7.074994810739327e-18,0.0019244698665910347,0.001461126509962219,
adb6671da8,40000,977,3116630,31166.3,101.12547051111208,6.7603297951715774e-18,0.0019244698665910347,0.0014885080193096957,
adb6671da8,40000,978,3119820,31198.2,101.12547051111208,1.241788406407167e-17,0.0019244698665910347,0.0016448913999470918,
adb6671da8,40000,979,3123010,31230.1,101.12547051111208,8.881836672237095e-18,0.0019244698665910347,0.0013647097915224743,
adb6671da8,40000,980,3126200,31262.0,101.12547051111208,1.1346381283463053e-17,0.0019244698665910347,0.001433576902147409,
adb6671da8,40000,981,3129390,31293.9,101.12547051111208,1.1138790670865442e-17,0.0019244698665910347,0.001457466972816413,
adb6671da8,40000,982,3132580,31325.8,101.12547051111208,6.153864688707818e-18,0.0019244698665910347,0.0013172785470357644,
adb6671da8,40000,983,3135770,31357.7,101.12547051111208,8.833204197408124e-18,0.0019244698665910347,0.0012483034044461659,
adb6671da8,40000,984,3138960,31389.6,101.12547051111208,1.1030499394864863e-17,0.0019244698665910347,0.001616967228401965,
adb6671da8,40000,985,3142150,31421.5,101.12547051111208,8.266193394824604e-18,0.0019244698665910347,0.0014724773178172697,
adb6671da8,40000,986,3145340,31453.4,101.12547051111208,5.558717103656969e-18,0.0019244698665910347,0.0015867222752471162,
adb6671da8,40000,987,3148530,31485.3,101.12547051111208,5.976374223060564e-18,0.0019244698665910347,0.0015404212637904263,
adb6671da8,40000,988,3151720,31517.2,101.12547051111208,1.967522933963512e-17,0.0019244698665910347,0.0015703265346494696,
adb6671da8,40000,989,3154910,31549.1,101.12547051111208,8.199189267493023e-18,0.0019244698665910347,0.0016829819580897508,
adb6671da8,40000,990,3158100,31581.0,101.12547051111208,9.790977985670988e-18,0.0019244698665910347,0.0014079790908625592,
adb6671da8,40000,991,3161290,31612.9,101.12547051111208,7.696767120272995e-18,0.0019244698665910347,0.0013588959748554654,
adb6671da8,40000,992,3164480,31644.8,101.12547051111208,5.328333535948438e-18,0.0019244698665910347,0.0014880146676636086,
adb6671da8,40000,993,3167670,31676.7,101.12547051111208,5.873759462712489e-18,0.0019244698665910347,0.0016177115465321214,
adb6671da8,40000,994,3170860,31708.6,101.12547051111208,7.451321995252318e-18,0.0019244698665910347,0.001477447605887028,
adb6671da8,40000,995,3174050,31740.5,101.12547051111208,7.10682460465711e-18,0.0019244698665910347,0.0014173715650741482,
adb6671da8,40000,996,3177240,31772.4,101.12547051111208,9.074629880801876e-18,0.0019244698665910347,0.0014892395939532072,
adb6671da8,40000,997,3180430,31804.3,101.12547051111208,8.887176849643426e-18,0.0019244698665910347,0.0014550999106388498,
adb6671da8,40000,998,3183620,31836.2,101.12547051111208,8.84058287590483e-18,0.0019244698665910347,0.001264713737944377,
adb6671da8,40000,999,3186810,31868.1,101.12547051111208,6.6151080920895416e-18,0.0019244698665910347,0.0015415740935489555,
adb6671da8,40000,1000,3190000,31900.0,101.12547051111208,7.432090781526463e-18,0.0019244698665910347,0.0014857995684502102,
adb6671da8,40000,1001,3193190,31931.9,101.12547051111208,5.885154050987633e-18,0.0019244698665910347,0.0014605687268364254,
adb6671da8,40000,1002,3196380,31963.8,101.12547051111208,1.3701292403269307e-17,0.0019244698665910347,0.0015253388708108078,
adb6671da8,40000,1003,3199570,31995.7,101.12547051111208,6.588354131320379e-18,0.0019244698665910347,0.0014919345388118733,
adb6671da8,40000,1004,3202760,32027.6,101.12547051111208,7.617420144393653e-18,0.0019244698665910347,0.001527612289584564,
adb6671da8,40000,1005,3205950,32059.5,101.12547051111208,3.6353427835570195e-18,0.0019244698665910347,0.0015178264802021997,
adb6671da8,40000,1006,3209140,32091.4,101.12547051111208,1.68464346005699e-17,0.0019244698665910347,0.0014690273875365898,
adb6671da8,40000,1007,3212330,32123.3,101.12547051111208,1.0038085263316093e-17,0.0019244698665910347,0.0016219116618267353,
adb6671da8,40000,1008,3215520,32155.2,101.12547051111208,1.0667335272488118e-17,0.0019244698665910347,0.001458731831772031,
adb6671da8,40000,1009,3218710,32187.1,101.12547051111208,8.2082791978608e-18,0.0019244698665910347,0.001629501265101115,
adb6671da8,40000,1010,3221900,32219.0,101.12547051111208,6.7448954133879345e-18,0.0019244698665910347,0.0015714421195154018,
adb6671da8,40000,1011,3225090,32250.9,101.12547051111208,1.228533892978378e-17,0.0019244698665910347,0.0014546314396818158,
adb6671da8,40000,1012,3228280,32282.8,101.12547051111208,1.1693938509313606e-17,0.0019244698665910347,0.0014221927783885896,
adb6671da8,40000,1013,3231470,32314.7,101.12547051111208,5.341964799802086e-18,0.0019244698665910347,0.0015172205904858853,
adb6671da8,40000,1014,3234660,32346.6,101.12547051111208,2.2975520046291173e-17,0.0019244698665910347,0.00145408667297808,
adb6671da8,40000,1015,3237850,32378.5,101.12547051111208,1.038416452976063e-17,0.0019244698665910347,0.0015117058892483964,
adb6671da8,40000,1016,3241040,32410.4,101.12547051111208,2.16736879431084e-17,0.0019244698665910347,0.0013987367108185826,
adb6671da8,40000,1017,3244230,32442.3,101.12547051111208,9.370519970878145e-18,0.0019244698665910347,0.0014635182550426877,
adb6671da8,40000,1018,3247420,32474.2,101.12547051111208,8.976355485738825e-18,0.0019244698665910347,0.0016311667248184805,
adb6671da8,40000,1019,3250610,32506.1,101.12547051111208,6.630716269218106e-18,0.0019244698665910347,0.0015552747659881,
adb6671da8,40000,1020,3253800,32538.0,101.12547051111208,1.0003900207939204e-17,0.0019244698665910347,0.0014942053866143156,
adb6671da8,40000,1021,3256990,32569.9,101.12547051111208,8.700755205056687e-18,0.0019244698665910347,0.0013717558746519363,
adb6671da8,40000,1022,3260180,32601.8,101.12547051111208,7.165841470841972e-18,0.0019244698665910347,0.0015934391646111772,
adb6671da8,40000,1023,3263370,32633.7,101.12547051111208,8.218622607922245e-18,0.0019244698665910347,0.0014108298780464614,
adb6671da8,40000,1024,3266560,32665.6,101.12547051111208,8.021012721644437e-18,0.0019244698665910347,0.0013989175345797541,
adb6671da8,40000,1025,3269750,32697.5,101.12547051111208,8.679807521369078e-18,0.0019244698665910347,0.0014304767184212448,
adb6671da8,40000,1026,3272940,32729.4,101.12547051111208,5.763697872239539e-18,0.0019244698665910347,0.0012348829003981556,
adb6671da8,40000,1027,3276130,32761.3,101.12547051111208,7.480386930103174e-18,0.0019244698665910347,0.0014388926283175885,
adb6671da8,40000,1028,3279320,32793.2,101.12547051111208,6.568889205315095e-18,0.0019244698665910347,0.0014748322652819426,
adb6671da8,40000,1029,3282510,32825.1,101.12547051111208,5.526694156750175e-18,0.0019244698665910347,0.001417640681676387,
adb6671da8,40000,1030,3285700,32857.0,101.12547051111208,7.248228679510187e-18,0.0019244698665910347,0.0015220873952675224,
adb6671da8,40000,1031,3288890,32888.9,101.12547051111208,9.677960946162603e-18,0.0019244698665910347,0.0013066525949125042,
adb6671da8,40000,1032,3292080,32920.8,101.12547051111208,5.020383981932542e-18,0.0019244698665910347,0.0014401663520488346,
adb6671da8,40000,1033,3295270,32952.7,101.12547051111208,8.450242475589447e-18,0.0019244698665910347,0.0015346903445475444,
adb6671da8,40000,1034,3298460,32984.6,101.12547051111208,9.84655915018761e-18,0.0019244698665910347,0.0016358828347464137,
adb6671da8,40000,1035,3301650,33016.5,101.12547051111208,7.001734938968801e-18,0.0019244698665910347,0.0014794633977678916,
adb6671da8,40000,1036,3304840,33048.4,101.12547051111208,8.18936077425701e-18,0.0019244698665910347,0.0015272436069287655,
adb6671da8,40000,1037,3308030,33080.3,101.12547051111208,7.292733102798323e-18,0.0019244698665910347,0.0015181280299850126,
adb6671da8,40000,1038,3311220,33112.2,101.12547051111208,5.8284281902033914e-18,0.0019244698665910347,0.0013459114422163614,
adb6671da8,40000,1039,3314410,33144.1,101.12547051111208,7.233487546314357e-18,0.0019244698665910347,0.0015884945255718653,
adb6671da8,40000,1040,3317600,33176.0,101.12547051111208,8.046162903980853e-18,0.0019244698665910347,0.0015727683551055654,
adb6671da8,40000,1041,3320790,33207.9,101.12547051111208,1.0329328111308031e-17,0.0019244698665910347,0.001479681421580715,
adb6671da8,40000,1042,3323980,33239.8,101.12547051111208,1.9117876532161424e-17,0.0019244698665910347,0.0014764486822244419,
adb6671da8,40000,1043,3327170,33271.7,101.12547051111208,7.394047804189051e-18,0.0019244698665910347,0.0015233355426768264,
adb6671da8,40000,1044,3330360,33303.6,101.12547051111208,8.145716544519666e-18,0.0019244698665910347,0.0013745149912850073,
adb6671da8,40000,1045,3333550,33335.5,101.12547051111208,8.805985375934401e-18,0.0019244698665910347,0.0015602519177178114,
adb6671da8,40000,1046,3336740,33367.4,101.12547051111208,6.4816958530496166e-18,0.0019244698665910347,0.0014619289851404032,
adb6671da8,40000,1047,3339930,33399.3,101.12547051111208,8.742466572928728e-18,0.0019244698665910347,0.0014294658755102734,
adb6671da8,40000,1048,3343120,33431.2,101.12547051111208,1.2464763657159737e-17,0.0019244698665910347,0.0014494090995920148,
adb6671da8,40000,1049,3346310,33463.1,101.12547051111208,1.0183757714456554e-17,0.0019244698665910347,0.001470831056552227,
adb6671da8,40000,1050,3349500,33495.0,101.12547051111208,5.266447665367509e-18,0.0019244698665910347,0.0014960190141326856,
adb6671da8,40000,1051,3352690,33526.9,101.12547051111208,5.409854797978535e-18,0.0019244698665910347,0.0014748191657940831,
adb6671da8,40000,1052,3355880,33558.8,101.12547051111208,8.755324361135304e-18,0.0019244698665910347,0.001437592741735802,
adb6671da8,40000,1053,3359070,33590.7,101.12547051111208,9.689385917952902e-18,0.0019244698665910347,0.0015982841032249106,
adb6671da8,40000,1054,3362260,33622.6,101.12547051111208,1.514023006056977e-17,0.0019244698665910347,0.0015549936457088071,
adb6671da8,40000,1055,3365450,33654.5,101.12547051111208,1.0706892428913603e-18,0.0019244698665910347,0.001464190304116517,
adb6671da8,40000,1056,3368640,33686.4,101.12547051111208,9.645959739505842e-18,0.0019244698665910347,0.0015064198279348506,
adb6671da8,40000,1057,3371830,33718.3,101.12547051111208,6.4925254464752905e-18,0.0019244698665910347,0.0015173369023905483,
adb6671da8,40000,1058,3375020,33750.2,101.12547051111208,2.1107095075816662e-17,0.0019244698665910347,0.0013932921634934317,
adb6671da8,40000,1059,3378210,33782.1,101.12547051111208,2.3866891480029432e-17,0.0019244698665910347,0.0015391234091956195,
adb6671da8,40000,1060,3381400,33814.0,101.12547051111208,8.84659052336402e-18,0.0019244698665910347,0.0015355334452682454,
adb6671da8,40000,1061,3384590,33845.9,101.12547051111208,6.3966208420673875e-18,0.0019244698665910347,0.0016386938355364106,
adb6671da8,40000,1062,3387780,33877.8,101.12547051111208,8.102251076100325e-18,0.0019244698665910347,0.0015589175243624243,
adb6671da8,40000,1063,3390970,33909.7,101.12547051111208,6.700836162450554e-18,0.0019244698665910347,0.0012955312549423608,
adb6671da8,40000,1064,3394160,33941.6,101.12547051111208,8.969081167907264e-18,0.0019244698665910347,0.001450214277709733,
adb6671da8,40000,1065,3397350,33973.5,101.12547051111208,6.193664021682634e-18,0.0019244698665910347,0.0014352053079133883,
adb6671da8,40000,1066,3400540,34005.4,101.12547051111208,9.04337395551733e-18,0.0019244698665910347,0.0014436998293498584,
adb6671da8,40000,1067,3403730,34037.3,101.12547051111208,5.786312954104766e-18,0.0019244698665910347,0.0014095249389396716,
adb6671da8,40000,1068,3406920,34069.2,101.12547051111208,9.630259835231664e-18,0.0019244698665910347,0.0014315161774084116,
adb6671da8,40000,1069,3410110,34101.1,101.12547051111208,7.478970143543529e-18,0.0019244698665910347,0.0015048654698724395,
adb6671da8,40000,1070,3413300,34133.0,101.12547051111208,7.564356743092656e-18,0.0019244698665910347,0.00142494069264162,
adb6671da8,40000,1071,3416490,34164.9,101.12547051111208,6.665644161953554e-18,0.0019244698665910347,0.001438743356265668,
adb6671da8,40000,1072,3419680,34196.8,101.12547051111208,7.45273669650813e-18,0.0019244698665910347,0.001412878264584426,
adb6671da8,40000,1073,3422870,34228.7,101.12547051111208,7.215542317674156e-18,0.0019244698665910347,0.00152312770815714,
adb6671da8,40000,1074,3426060,34260.6,101.12547051111208,9.04158896636448e-18,0.0019244698665910347,0.0014736781653852623,
adb6671da8,40000,1075,3429250,34292.5,101.12547051111208,5.2071413132240685e-18,0.0019244698665910347,0.001440390306357909,
adb6671da8,40000,1076,3432440,34324.4,101.12547051111208,9.056587406399426e-18,0.0019244698665910347,0.00165049915643444,
adb6671da8,40000,1077,3435630,34356.3,101.12547051111208,4.818288540547911e-18,0.0019244698665910347,0.0014621717293118867,
adb6671da8,40000,1078,3438820,34388.2,101.12547051111208,5.915910869877882e-18,0.0019244698665910347,0.001453387221944532,
adb6671da8,40000,1079,3442010,34420.1,101.12547051111208,8.874239545277576e-18,0.0019244698665910347,0.0016488735007738008,
adb6671da8,40000,1080,3445200,34452.0,101.12547051111208,7.722844240500411e-18,0.0019244698665910347,0.0016443567427642507,
adb6671da8,40000,1081,3448390,34483.9,101.12547051111208,9.474163359883526e-18,0.0019244698665910347,0.0015064537155794313,
adb6671da8,40000,1082,3451580,34515.8,101.12547051111208,8.656587584415361e-18,0.0019244698665910347,0.0015037287943267068,
adb6671da8,40000,1083,3454770,34547.7,101.12547051111208,8.802603045285306e-18,0.0019244698665910347,0.001413297497240486,
adb6671da8,40000,1084,3457960,34579.6,101.12547051111208,7.914460022266186e-18,0.0019244698665910347,0.0014463981252628667,
adb6671da8,40000,1085,3461150,34611.5,101.12547051111208,7.870876306705246e-18,0.0019244698665910347,0.0013716237256025888,
adb6671da8,40000,1086,3464340,34643.4,101.12547051111208,5.946946389060265e-18,0.0019244698665910347,0.0014373036519275905,
adb6671da8,40000,1087,3467530,34675.3,101.12547051111208,6.615830927730391e-18,0.0019244698665910347,0.0012698615906274531,
adb6671da8,40000,1088,3470720,34707.2,101.12547051111208,5.30111082642484e-18,0.0019244698665910347,0.0013836112908117667,
adb6671da8,40000,1089,3473910,34739.1,101.12547051111208,4.504569122163869e-18,0.0019244698665910347,0.0013641109962937875,
adb6671da8,40000,1090,3477100,34771.0,101.12547051111208,9.578721381271481e-18,0.0019244698665910347,0.0016327933019089805,
adb6671da8,40000,1091,3480290,34802.9,101.12547051111208,7.637958756566859e-18,0.0019244698665910347,0.0013746235086102333,
adb6671da8,40000,1092,3483480,34834.8,101.12547051111208,6.715953136417797e-18,0.0019244698665910347,0.001510225941064719,
adb6671da8,40000,1093,3486670,34866.7,101.12547051111208,7.79180780814315e-18,0.0019244698665910347,0.001513484851816815,
adb6671da8,40000,1094,3489860,34898.6,101.12547051111208,7.43947800274234e-18,0.0019244698665910347,0.0014037154133994052,
adb6671da8,40000,1095,3493050,34930.5,101.12547051111208,8.79925480852467e-18,0.0019244698665910347,0.0014927566311732589,
adb6671da8,40000,1096,3496240,34962.4,101.12547051111208,9.874585635531765e-18,0.0019244698665910347,0.0012378777676573499,
adb6671da8,40000,1097,3499430,34994.3,101.12547051111208,7.790727376640136e-18,0.0019244698665910347,0.0013987637553726116,
adb6671da8,40000,1098,3502620,35026.2,101.12547051111208,6.037584173976377e-18,0.0019244698665910347,0.001535920236268569,
adb6671da8,40000,1099,3505810,35058.1,101.12547051111208,7.077279877627363e-18,0.0019244698665910347,0.0014659184874132151,
adb6671da8,40000,1100,3509000,35090.0,101.12547051111208,8.146509906116137e-18,0.0019244698665910347,0.001441588971492481,
adb6671da8,40000,1101,3512190,35121.9,101.12547051111208,6.1164889022520586e-18,0.0019244698665910347,0.0014269996810952086,
adb6671da8,40000,1102,3515380,35153.8,101.12547051111208,8.394641224576804e-18,0.0019244698665910347,0.0015748671466297413,
adb6671da8,40000,1103,3518570,35185.7,101.12547051111208,6.229958324750459e-18,0.0019244698665910347,0.0014039219736151729,
adb6671da8,40000,1104,3521760,35217.6,101.12547051111208,1.0267426111071002e-17,0.0019244698665910347,0.0015262162193730158,
adb6671da8,40000,1105,3524950,35249.5,101.12547051111208,1.0766721117071826e-17,0.0019244698665910347,0.0014821460551287286,
adb6671da8,40000,1106,3528140,35281.4,101.12547051111208,6.2590668362470754e-18,0.0019244698665910347,0.0014482379912730539,
adb6671da8,40000,1107,3531330,35313.3,101.12547051111208,5.321231535654346e-18,0.0019244698665910347,0.001545620418325139,
adb6671da8,40000,1108,3534520,35345.2,101.12547051111208,7.468510761814666e-18,0.0019244698665910347,0.0015747382060780906,
adb6671da8,40000,1109,3537710,35377.1,101.12547051111208,8.35125439917721e-18,0.0019244698665910347,0.001528530483106927,
adb6671da8,40000,1110,3540900,35409.0,101.12547051111208,9.618456973899424e-18,0.0019244698665910347,0.001364981845996281,
adb6671da8,40000,1111,3544090,35440.9,101.12547051111208,5.655334983864291e-18,0.0019244698665910347,0.001496657636420233,
adb6671da8,40000,1112,3547280,35472.8,101.12547051111208,8.122387992955483e-18,0.0019244698665910347,0.0015884362580656382,
adb6671da8,40000,1113,3550470,35504.7,101.12547051111208,6.5198937291086365e-18,0.0019244698665910347,0.001378707841849271,
adb6671da8,40000,1114,3553660,35536.6,101.12547051111208,3.561675091787369e-18,0.0019244698665910347,0.0016061473246307212,
adb6671da8,40000,1115,3556850,35568.5,101.12547051111208,4.9406810011955644e-18,0.0019244698665910347,0.0013616837887360721,
adb6671da8,40000,1116,3560040,35600.4,101.12547051111208,8.276630699160862e-18,0.0019244698665910347,0.001501458957748423,
adb6671da8,40000,1117,3563230,35632.3,101.12547051111208,1.0387698147129639e-17,0.0019244698665910347,0.0014903368202866321,
adb6671da8,40000,1118,3566420,35664.2,101.12547051111208,7.843632014917015e-18,0.0019244698665910347,0.0014165624500597784,
adb6671da8,40000,1119,3569610,35696.1,101.12547051111208,9.238636016420123e-18,0.0019244698665910347,0.0013736360436693309,
adb6671da8,40000,1120,3572800,35728.0,101.12547051111208,6.0735803252742444e-18,0.0019244698665910347,0.0015494729064533506,
adb6671da8,40000,1121,3575990,35759.9,101.12547051111208,5.391162392360944e-18,0.0019244698665910347,0.0014575777108940763,
adb6671da8,40000,1122,3579180,35791.8,101.12547051111208,8.891354901105047e-18,0.0019244698665910347,0.0013458787215110425,
adb6671da8,40000,1123,3582370,35823.7,101.12547051111208,8.719781557685438e-18,0.0019244698665910347,0.0015052611596146378,
adb6671da8,40000,1124,3585560,35855.6,101.12547051111208,7.550430999763312e-18,0.0019244698665910347,0.0013949562553476162,
adb6671da8,40000,1125,3588750,35887.5,101.12547051111208,6.349226750819223e-18,0.0019244698665910347,0.0015800311511825703,
adb6671da8,40000,1126,3591940,35919.4,101.12547051111208,8.743537406772987e-18,0.0019244698665910347,0.0015226234185956697,
adb6671da8,40000,1127,3595130,35951.3,101.12547051111208,5.838705815486859e-18,0.0019244698665910347,0.0016840501905725403,
adb6671da8,40000,1128,3598320,35983.2,101.12547051111208,6.101758577260365e-18,0.0019244698665910347,0.0013943745341858163,
adb6671da8,40000,1129,3601510,36015.1,101.12547051111208,1.0975340454169234e-17,0.0019244698665910347,0.0015231164907575795,
adb6671da8,40000,1130,3604700,36047.0,101.12547051111208,7.755891592867514e-18,0.0019244698665910347,0.0015071486778700284,
adb6671da8,40000,1131,3607890,36078.9,101.12547051111208,5.65151717649734e-18,0.0019244698665910347,0.0013685768699698165,
adb6671da8,40000,1132,3611080,36110.8,101.12547051111208,1.3079474523601767e-17,0.0019244698665910347,0.0015158914200183676,
adb6671da8,40000,1133,3614270,36142.7,101.12547051111208,6.006034710044542e-18,0.0019244698665910347,0.0013927985734177263,
adb6671da8,40000,1134,3617460,36174.6,101.12547051111208,9.414385854723315e-18,0.0019244698665910347,0.0016586994994661347,
adb6671da8,40000,1135,3620650,36206.5,101.12547051111208,1.0015986209795105e-17,0.0019244698665910347,0.0015239383914727029,
adb6671da8,40000,1136,3623840,36238.4,101.12547051111208,1.2827158966276351e-17,0.0019244698665910347,0.0014745820026728351,
adb6671da8,40000,1137,3627030,36270.3,101.12547051111208,9.876524187649572e-18,0.0019244698665910347,0.0015065920737055206,
adb6671da8,40000,1138,3630220,36302.2,101.12547051111208,7.23328698437337e-18,0.0019244698665910347,0.0013591721635625937,
adb6671da8,40000,1139,3633410,36334.1,101.12547051111208,8.023050519321717e-18,0.0019244698665910347,0.0014564775945309727,
adb6671da8,40000,1140,3636600,36366.0,101.12547051111208,5.624188069993814e-18,0.0019244698665910347,0.0015209463175257546,
adb6671da8,40000,1141,3639790,36397.9,101.12547051111208,1.0665170605849153e-17,0.0019244698665910347,0.0016066301052207654,
adb6671da8,40000,1142,3642980,36429.8,101.12547051111208,1.1493940812110322e-17,0.0019244698665910347,0.001488228025275323,
adb6671da8,40000,1143,3646170,36461.7,101.12547051111208,5.4961897383598336e-18,0.0019244698665910347,0.0015444022419252956,
adb6671da8,40000,1144,3649360,36493.6,101.12547051111208,6.20881501374592e-18,0.0019244698665910347,0.001459260366760793,
adb6671da8,40000,1145,3652550,36525.5,101.12547051111208,1.4661000568793077e-17,0.0019244698665910347,0.001506687427264497,
adb6671da8,40000,1146,3655740,36557.4,101.12547051111208,8.109280655077751e-18,0.0019244698665910347,0.0014501368570685607,
adb6671da8,40000,1147,3658930,36589.3,101.12547051111208,8.025959323394236e-18,0.0019244698665910347,0.001546732852471118,
adb6671da8,40000,1148,3662120,36621.2,101.12547051111208,5.627856889353701e-18,0.0019244698665910347,0.0013893862025866552,
adb6671da8,40000,1149,3665310,36653.1,101.12547051111208,2.2127637755506676e-18,0.0019244698665910347,0.0014563723930256327,
adb6671da8,40000,1150,3668500,36685.0,101.12547051111208,9.16570593657575e-18,0.0019244698665910347,0.0013907669234707737,
adb6671da8,40000,1151,3671690,36716.9,101.12547051111208,7.874241175700553e-18,0.0019244698665910347,0.0014540212617778644,
adb6671da8,40000,1152,3674880,36748.8,101.12547051111208,7.92726343390443e-18,0.0019244698665910347,0.0013802032125136005,
adb6671da8,40000,1153,3678070,36780.7,101.12547051111208,9.112004176321113e-18,0.0019244698665910347,0.001511115854313243,
adb6671da8,40000,1154,3681260,36812.6,101.12547051111208,8.138381270272294e-18,0.0019244698665910347,0.0016046986129532135,
adb6671da8,40000,1155,3684450,36844.5,101.12547051111208,7.099522613676025e-18,0.0019244698665910347,0.0013641348850315363,
adb6671da8,40000,1156,3687640,36876.4,101.12547051111208,6.7030043132790695e-18,0.0019244698665910347,0.0014821563353286814,
adb6671da8,40000,1157,3690830,36908.3,101.12547051111208,2.1909673121276746e-18,0.0019244698665910347,0.0015550090150791157,
adb6671da8,40000,1158,3694020,36940.2,101.12547051111208,6.488104102073716e-18,0.0019244698665910347,0.0015953695912965609,
adb6671da8,40000,1159,3697210,36972.1,101.12547051111208,6.5550835490719156e-18,0.0019244698665910347,0.0014403685670532763,
adb6671da8,40000,1160,3700400,37004.0,101.12547051111208,5.401128257480372e-18,0.0019244698665910347,0.0014377538245688916,
adb6671da8,40000,1161,3703590,37035.9,101.12547051111208,9.185716813830304e-18,0.0019244698665910347,0.0014198135244811857,
adb6671da8,40000,1162,3706780,37067.8,101.12547051111208,8.734037885691659e-18,0.0019244698665910347,0.0014730360595133064,
adb6671da8,40000,1163,3709970,37099.7,101.12547051111208,1.290721239970259e-17,0.0019244698665910347,0.0014738888099844582,
adb6671da8,40000,1164,3713160,37131.6,101.12547051111208,9.907494347994644e-18,0.0019244698665910347,0.0015982359350068338,
adb6671da8,40000,1165,3716350,37163.5,101.12547051111208,6.258374923683265e-18,0.0019244698665910347,0.0015583670972148971,
adb6671da8,40000,1166,3719540,37195.4,101.12547051111208,7.216372785043728e-18,0.0019244698665910347,0.001403387921515926,
adb6671da8,40000,1167,3722730,37227.3,101.12547051111208,9.007787351843292e-18,0.0019244698665910347,0.0015743134767985537,
adb6671da8,40000,1168,3725920,37259.2,101.12547051111208,1.4640316927927655e-17,0.0019244698665910347,0.0016174331258733286,
adb6671da8,40000,1169,3729110,37291.1,101.12547051111208,7.154295206885479e-18,0.0019244698665910347,0.0014704037170951683,
adb6671da8,40000,1170,3732300,37323.0,101.12547051111208,9.63926388212926e-18,0.0019244698665910347,0.0015401942108009097,
adb6671da8,40000,1171,3735490,37354.9,101.12547051111208,7.648635101149694e-18,0.0019244698665910347,0.0014316721352504507,
adb6671da8,40000,1172,3738680,37386.8,101.12547051111208,8.498444053575476e-18,0.0019244698665910347,0.0015381021229922947,
adb6671da8,40000,1173,3741870,37418.7,101.12547051111208,1.0909892753225596e-17,0.0019244698665910347,0.0015403158792259067,
adb6671da8,40000,1174,3745060,37450.6,101.12547051111208,8.819184905120591e-18,0.0019244698665910347,0.0013326266710172977,
adb6671da8,40000,1175,3748250,37482.5,101.12547051111208,5.423339302705442e-18,0.0019244698665910347,0.0014787322792884977,
adb6671da8,40000,1176,3751440,37514.4,101.12547051111208,2.46295424980478e-18,0.0019244698665910347,0.0014512240296341414,
adb6671da8,40000,1177,3754630,37546.3,101.12547051111208,8.457799501343442e-18,0.0019244698665910347,0.0014264784057742227,
adb6671da8,40000,1178,3757820,37578.2,101.12547051111208,5.894788421870396e-18,0.0019244698665910347,0.0015846701213008724,
adb6671da8,40000,1179,3761010,37610.1,101.12547051111208,6.248039755784445e-18,0.0019244698665910347,0.0016158585592126302,
adb6671da8,40000,1180,3764200,37642.0,101.12547051111208,7.161746539293583e-18,0.0019244698665910347,0.001570903882480704,
adb6671da8,40000,1181,3767390,37673.9,101.12547051111208,8.34893413782291e-18,0.0019244698665910347,0.0015323303789928232,
adb6671da8,40000,1182,3770580,37705.8,101.12547051111208,8.14244180388215e-18,0.0019244698665910347,0.0014785260792334924,
adb6671da8,40000,1183,3773770,37737.7,101.12547051111208,8.412176829927269e-18,0.0019244698665910347,0.001469402610091148,
adb6671da8,40000,1184,3776960,37769.6,101.12547051111208,7.149477066300047e-18,0.0019244698665910347,0.0014476925569568194,
adb6671da8,40000,1185,3780150,37801.5,101.12547051111208,9.61042458323662e-18,0.0019244698665910347,0.0016121898673083779,
adb6671da8,40000,1186,3783340,37833.4,101.12547051111208,2.2727014778957256e-18,0.0019244698665910347,0.0013792745736331997,
adb6671da8,40000,1187,3786530,37865.3,101.12547051111208,2.2056149449241464e-18,0.0019244698665910347,0.0014191956474238498,
adb6671da8,40000,1188,3789720,37897.2,101.12547051111208,2.1994532338722355e-18,0.0019244698665910347,0.0014050734537847918,
adb6671da8,40000,1189,3792910,37929.1,101.12547051111208,7.303974062300742e-18,0.0019244698665910347,0.0016973038108888047,
adb6671da8,40000,1190,3796100,37961.0,101.12547051111208,6.446174536630091e-18,0.0019244698665910347,0.0015209078485917407,
adb6671da8,40000,1191,3799290,37992.9,101.12547051111208,6.047190431964177e-18,0.0019244698665910347,0.0014650826708157972,
adb6671da8,40000,1192,3802480,38024.8,101.12547051111208,1.0327312499191536e-17,0.0019244698665910347,0.0013868945866358448,
adb6671da8,40000,1193,3805670,38056.7,101.12547051111208,9.986930745496695e-18,0.0019244698665910347,0.001337482878451337,
adb6671da8,40000,1194,3808860,38088.6,101.12547051111208,8.840111175299663e-18,0.0019244698665910347,0.0015653437331521463,
adb6671da8,40000,1195,3812050,38120.5,101.12547051111208,1.1883320816226316e-17,0.0019244698665910347,0.0015939033874771444,
adb6671da8,40000,1196,3815240,38152.4,101.12547051111208,9.887716113635543e-18,0.0019244698665910347,0.0014602927253531827,
adb6671da8,40000,1197,3818430,38184.3,101.12547051111208,9.587789575531653e-18,0.0019244698665910347,0.001230562669578406,
adb6671da8,40000,1198,3821620,38216.2,101.12547051111208,8.546358139213088e-18,0.0019244698665910347,0.0014280266799939895,
adb6671da8,40000,1199,3824810,38248.1,101.12547051111208,9.616875647592109e-18,0.0019244698665910347,0.0015298308996101035,
adb6671da8,40000,1200,3828000,38280.0,101.12547051111208,8.168959933423336e-18,0.0019244698665910347,0.0015381429664622992,
adb6671da8,40000,1201,3831190,38311.9,101.12547051111208,9.18596407329179e-18,0.0019244698665910347,0.0015985514227702753,
adb6671da8,40000,1202,3834380,38343.8,101.12547051111208,7.714896073016666e-18,0.0019244698665910347,0.001560020685966101,
adb6671da8,40000,1203,3837570,38375.7,101.12547051111208,6.349314924516547e-18,0.0019244698665910347,0.0013244227713743281,
adb6671da8,40000,1204,3840760,38407.6,101.12547051111208,6.763472661107497e-18,0.0019244698665910347,0.0015427280721588374,
adb6671da8,40000,1205,3843950,38439.5,101.12547051111208,6.826998143632882e-18,0.0019244698665910347,0.0016121817259209929,
adb6671da8,40000,1206,3847140,38471.4,101.12547051111208,6.869463274471199e-18,0.0019244698665910347,0.0015536278782888673,
adb6671da8,40000,1207,3850330,38503.3,101.12547051111208,1.0114149142159898e-17,0.0019244698665910347,0.0014562218079105153,
adb6671da8,40000,1208,3853520,38535.2,101.12547051111208,9.295400851120899e-18,0.0019244698665910347,0.0013312589863993325,
adb6671da8,40000,1209,3856710,38567.1,101.12547051111208,1.3386956913464004e-17,0.0019244698665910347,0.001516752377806588,
adb6671da8,40000,1210,3859900,38599.0,101.12547051111208,6.43712534393523e-18,0.0019244698665910347,0.0014714860204932871,
adb6671da8,40000,1211,3863090,38630.9,101.12547051111208,8.075810292385734e-18,0.0019244698665910347,0.0015293110989804716,
adb6671da8,40000,1212,3866280,38662.8,101.12547051111208,7.746700473751949e-18,0.0019244698665910347,0.0014361410474915176,
adb6671da8,40000,1213,3869470,38694.7,101.12547051111208,5.763931419371265e-18,0.0019244698665910347,0.0013548322393889718,
adb6671da8,40000,1214,3872660,38726.6,101.12547051111208,5.768459944128557e-18,0.0019244698665910347,0.0014854274001850636,
adb6671da8,40000,1215,3875850,38758.5,101.12547051111208,6.138549774328648e-18,0.0019244698665910347,0.001349934545922731,
adb6671da8,40000,1216,3879040,38790.4,101.12547051111208,9.208689362585274e-18,0.0019244698665910347,0.001467311137815982,
adb6671da8,40000,1217,3882230,38822.3,101.12547051111208,1.3678803475402669e-17,0.0019244698665910347,0.0013525040789593016,
adb6671da8,40000,1218,3885420,38854.2,101.12547051111208,8.885040209174938e-18,0.0019244698665910347,0.0013664052376800226,
adb6671da8,40000,1219,3888610,38886.1,101.12547051111208,1.1814269308279961e-17,0.0019244698665910347,0.0013913109267669483,
adb6671da8,40000,1220,3891800,38918.0,101.12547051111208,7.521988792396059e-18,0.0019244698665910347,0.0014188416776077328,
adb6671da8,40000,1221,3894990,38949.9,101.12547051111208,6.441678903199903e-18,0.0019244698665910347,0.001414621653114254,
adb6671da8,40000,1222,3898180,38981.8,101.12547051111208,1.039916833115402e-17,0.0019244698665910347,0.0016338292502060976,
adb6671da8,40000,1223,3901370,39013.7,101.12547051111208,1.1410640810094203e-17,0.0019244698665910347,0.0015236774244131463,
adb6671da8,40000,1224,3904560,39045.6,101.12547051111208,7.91115438341216e-18,0.0019244698665910347,0.0015995196728715807,
adb6671da8,40000,1225,3907750,39077.5,101.12547051111208,8.124246068916153e-18,0.0019244698665910347,0.0014304367698845177,
adb6671da8,40000,1226,3910940,39109.4,101.12547051111208,6.690442502360966e-18,0.0019244698665910347,0.0013508549796714727,
adb6671da8,40000,1227,3914130,39141.3,101.12547051111208,9.900039101305765e-18,0.0019244698665910347,0.001383631418719914,
adb6671da8,40000,1228,3917320,39173.2,101.12547051111208,1.0385421503735552e-17,0.0019244698665910347,0.0013579717302592657,
adb6671da8,40000,1229,3920510,39205.1,101.12547051111208,6.920534958394333e-18,0.0019244698665910347,0.001507336942129274,
adb6671da8,40000,1230,3923700,39237.0,101.12547051111208,6.189900539175351e-18,0.0019244698665910347,0.0014570030504073522,
adb6671da8,40000,1231,3926890,39268.9,101.12547051111208,1.3460688413656585e-17,0.0019244698665910347,0.0016034256730479762,
adb6671da8,40000,1232,3930080,39300.8,101.12547051111208,9.372090711075547e-18,0.0019244698665910347,0.0014977804069677314,
adb6671da8,40000,1233,3933270,39332.7,101.12547051111208,1.0691676157070869e-17,0.0019244698665910347,0.0014287882907666036,
adb6671da8,40000,1234,3936460,39364.6,101.12547051111208,8.131346422964286e-18,0.0019244698665910347,0.0013804320086224374,
adb6671da8,40000,1235,3939650,39396.5,101.12547051111208,5.69694344242546e-18,0.0019244698665910347,0.0015248903302165896,
adb6671da8,40000,1236,3942840,39428.4,101.12547051111208,8.883751976055268e-18,0.0019244698665910347,0.0015252088406033039,
adb6671da8,40000,1237,3946030,39460.3,101.12547051111208,1.4261944589855075e-17,0.0019244698665910347,0.0015259969484603501,
adb6671da8,40000,1238,3949220,39492.2,101.12547051111208,8.840386361843653e-18,0.0019244698665910347,0.001555537454741864,
adb6671da8,40000,1239,3952410,39524.1,101.12547051111208,9.734419231250685e-18,0.0019244698665910347,0.001441190393510263,
adb6671da8,40000,1240,3955600,39556.0,101.12547051111208,8.790944198523993e-18,0.0019244698665910347,0.0015479520607808493,
adb6671da8,40000,1241,3958790,39587.9,101.12547051111208,7.960746680544761e-18,0.0019244698665910347,0.0012617619153735108,
adb6671da8,40000,1242,3961980,39619.8,101.12547051111208,8.097590252506311e-18,0.0019244698665910347,0.001487937530963316,
adb6671da8,40000,1243,3965170,39651.7,101.12547051111208,5.37265382149539e-18,0.0019244698665910347,0.0014988462689636511,
adb6671da8,40000,1244,3968360,39683.6,101.12547051111208,7.215551212979454e-18,0.0019244698665910347,0.0015052218581327948,
adb6671da8,40000,1245,3971550,39715.5,101.12547051111208,6.362950747968603e-18,0.0019244698665910347,0.0016133639290399169,
adb6671da8,40000,1246,3974740,39747.4,101.12547051111208,1.0504689408606893e-17,0.0019244698665910347,0.0015669708424620975,
adb6671da8,40000,1247,3977930,39779.3,101.12547051111208,8.752935981015078e-18,0.0019244698665910347,0.0016258018300175743,
adb6671da8,40000,1248,3981120,39811.2,101.12547051111208,5.511133121149988e-18,0.0019244698665910347,0.0014785140825390871,
adb6671da8,40000,1249,3984310,39843.1,101.12547051111208,8.730530706096995e-18,0.0019244698665910347,0.001614041116757622,
adb6671da8,40000,1250,3987500,39875.0,101.12547051111208,6.087574756735092e-18,0.0019244698665910347,0.0014866415662791765,
adb6671da8,40000,1251,3990690,39906.9,101.12547051111208,8.66059836382765e-18,0.0019244698665910347,0.0014422428960690534,
adb6671da8,40000,1252,3993880,39938.8,101.12547051111208,8.354998111226588e-18,0.0019244698665910347,0.0014072421696168424,
adb6671da8,40000,1253,3997070,39970.7,101.12547051111208,,0.0019244698665910347,0.0016267554423922772,
dbd69d729e,40000,0,0,0.0,516651013610901.0,4.873502878058021,119640441474639.08,94676972877481.94,"ProjectedCommonDirectionsConfig(subspace_frac_grads=0.1, subspace_frac_updates=0.1, subspace_frac_random=0.1, direction_str=newton, use_hess=True, random_proj=True, random_proj_dim_frac=0.6, ensemble=haar, inner_use_full_grad=True, reg_lambda=0, orth_P_k=True, beta=0.001, tau=0.5, c_const=inf, N_try=200, alpha_max=1, p_const=1)"
dbd69d729e,40000,1,3190,31.9,129162753402801.16,7.331082553832348,59820220737319.55,38791945731975.76,
dbd69d729e,40000,2,6380,63.8,101.12547051464516,2.0136603172565424e-06,0.006850157514577652,0.005742289561818707,
dbd69d729e,40000,3,9570,95.7,101.12547051427524,1.2014292672020333e-08,0.0014048193014650513,0.0010915494251260017,
dbd69d729e,40000,4,12760,127.6,101.12547051427444,4.937411742883669e-08,0.0016033190276498236,0.001324926408036043,
dbd69d729e,40000,5,15950,159.5,101.12547051423344,1.6832867764026885e-06,0.0016688271756944606,0.0012912177434578353,
dbd69d729e,40000,6,19140,191.4,101.12547051313119,7.454331914324752e-12,3.3933873600712124e-05,2.5504243898722648e-05,
dbd69d729e,40000,7,22330,223.3,101.12547051307645,1.2301046735167923e-08,0.0007662942706289921,0.0005550842311157261,
dbd69d729e,40000,8,25520,255.2,101.12547051219786,2.7474232768258203e-16,0.0013901476249193198,0.0010752056536626978,
dbd69d729e,40000,9,28710,287.1,101.12547051192107,7.536771318972972e-17,0.0014914873726102362,0.001228762430443665,
dbd69d729e,40000,10,31900,319.0,101.12547051191686,1.9725683971478636e-16,0.0014899113647404785,0.0011806041566645373,
dbd69d729e,40000,11,35090,350.9,101.12547051187785,2.7197468687575337e-16,0.0014371735423816135,0.0011574801755407167,
dbd69d729e,40000,12,38280,382.8,101.12547051173672,2.5372521782893265e-17,0.0019415775672204016,0.0015188523400746746,
dbd69d729e,40000,13,41470,414.7,101.12547051173672,7.110262909178715e-17,0.0019415775672204016,0.0015673431993379978,
dbd69d729e,40000,14,44660,446.6,101.12547051168666,1.27361830072281e-16,0.0018234851554806827,0.0014082456129414337,
dbd69d729e,40000,15,47850,478.5,101.12547051166631,1.1381245193734903e-17,0.001961164923412501,0.0015907935025303644,
dbd69d729e,40000,16,51040,510.4,101.12547051166631,1.560926045838857e-17,0.001961164923412501,0.0016491580696596857,
dbd69d729e,40000,17,54230,542.3,101.12547051165829,6.884354336846984e-17,0.001953526855232522,0.001404353986852559,
dbd69d729e,40000,18,57420,574.2,101.1254705116423,1.808504757070764e-17,0.0019836493185598335,0.0014973990721170928,
dbd69d729e,40000,19,60610,606.1,101.1254705116423,3.6077377519211964e-17,0.0019836493185598335,0.0016187460918682336,
dbd69d729e,40000,20,63800,638.0,101.12547051160797,3.527740099371647e-17,0.001940419388389791,0.0014657506494663757,
dbd69d729e,40000,21,66990,669.9,101.125470511571,1.1192088640329736e-17,0.0019294330706314258,0.0015445017664178554,
dbd69d729e,40000,22,70180,701.8,101.125470511571,8.750398530803441e-18,0.0019294330706314258,0.0014256163672660262,
dbd69d729e,40000,23,73370,733.7,101.125470511571,2.0716628301593848e-17,0.0019294330706314258,0.001359719591550707,
dbd69d729e,40000,24,76560,765.6,101.125470511571,1.7494516845043983e-17,0.0019294330706314258,0.001525000626750426,
dbd69d729e,40000,25,79750,797.5,101.125470511571,3.449933319194617e-17,0.0019294330706314258,0.0015536659524714692,
dbd69d729e,40000,26,82940,829.4,101.125470511571,8.197164450380584e-18,0.0019294330706314258,0.0015376506902693827,
dbd69d729e,40000,27,86130,861.3,101.125470511571,4.824954662603157e-12,0.0019294330706314258,0.0013255213659159122,
dbd69d729e,40000,28,89320,893.2,101.12547051117808,1.5090730067851496e-16,0.002665418185142924,0.0021106327587419368,
dbd69d729e,40000,29,92510,925.1,101.12547051109638,5.818085417255334e-17,0.0027267766964498424,0.0019051236648782775,
dbd69d729e,40000,30,95700,957.0,101.12547051108501,3.6172306203255685e-17,0.0026886361534283606,0.002078828578293827,
dbd69d729e,40000,31,98890,988.9,101.12547051108501,7.531287901396359e-16,0.0026886361534283606,0.001882918113638192,
dbd69d729e,40000,32,102080,1020.8,101.12547051082416,2.92142075258945e-17,0.003589257446309085,0.0027974803578864563,
dbd69d729e,40000,33,105270,1052.7,101.12547051082416,9.875904761516396e-17,0.003589257446309085,0.002894013809393532,
dbd69d729e,40000,34,108460,1084.6,101.12547051080203,5.399344414171917e-17,0.0035793347893489794,0.0024764385961142258,
dbd69d729e,40000,35,111650,1116.5,101.12547051078063,6.24443655772552e-17,0.0035604396365256,0.0027153851467414834,
dbd69d729e,40000,36,114840,1148.4,101.12547051077235,1.8636119636152207e-16,0.0035129602777150605,0.0027158995405458185,
dbd69d729e,40000,37,118030,1180.3,101.1254705106926,1.8545884362385713e-17,0.0036184902745997286,0.0027364518297995203,
dbd69d729e,40000,38,121220,1212.2,101.1254705106926,2.2080396848862033e-17,0.0036184902745997286,0.002911465463704736,
dbd69d729e,40000,39,124410,1244.1,101.1254705106926,1.2772972318843418e-17,0.0036184902745997286,0.002842283509925728,
dbd69d729e,40000,40,127600,1276.0,101.1254705106926,1.539962704962721e-17,0.0036184902745997286,0.0025872496414604913,
dbd69d729e,40000,41,130790,1307.9,101.1254705106926,5.221211142759315e-18,0.0036184902745997286,0.0026812961889717173,
dbd69d729e,40000,42,133980,1339.8,101.1254705106926,6.098508069429478e-18,0.0036184902745997286,0.0027485977906070345,
dbd69d729e,40000,43,137170,1371.7,101.1254705106926,4.786199461186821e-16,0.0036184902745997286,0.0025329490738082053,
dbd69d729e,40000,44,140360,1403.6,101.12547051057871,6.13577882911344e-17,0.003908004460111618,0.0026297334433446106,
dbd69d729e,40000,45,143550,1435.5,101.12547051056102,9.015669432946352e-18,0.003968291887881244,0.003221365455037514,
dbd69d729e,40000,46,146740,1467.4,101.12547051054466,4.421830705726195e-18,0.003988504411168475,0.002867539349829466,
dbd69d729e,40000,47,149930,1499.3,101.12547051054466,2.6033770673259647e-17,0.003988504411168475,0.002933490315482624,
dbd69d729e,40000,48,153120,1531.2,101.12547051054466,2.7296089919714605e-17,0.003988504411168475,0.0032704199732808267,
dbd69d729e,40000,49,156310,1563.1,101.12547051054466,2.529912167497465e-17,0.003988504411168475,0.0032390211922821246,
dbd69d729e,40000,50,159500,1595.0,101.12547051054466,3.649564391897165e-18,0.003988504411168475,0.002982638375204294,
dbd69d729e,40000,51,162690,1626.9,101.12547051054466,1.519854906585116e-17,0.003988504411168475,0.002872436873394445,
dbd69d729e,40000,52,165880,1658.8,101.12547051054466,2.8526803410960557e-17,0.003988504411168475,0.0029034434949683483,
dbd69d729e,40000,53,169070,1690.7,101.12547051054466,2.1449267884275497e-17,0.003988504411168475,0.002919529453449045,
dbd69d729e,40000,54,172260,1722.6,101.12547051054466,1.6010616932265912e-17,0.003988504411168475,0.003322902643656784,
dbd69d729e,40000,55,175450,1754.5,101.12547051054466,1.6433140779685773e-17,0.003988504411168475,0.0028923805200143315,
dbd69d729e,40000,56,178640,1786.4,101.12547051054466,3.408743717684818e-17,0.003988504411168475,0.0032870639589884228,
dbd69d729e,40000,57,181830,1818.3,101.12547051054466,1.837201083584857e-17,0.003988504411168475,0.002883490106191777,
dbd69d729e,40000,58,185020,1850.2,101.12547051054466,2.1343733465864235e-17,0.003988504411168475,0.002975882954369523,
dbd69d729e,40000,59,188210,1882.1,101.12547051054466,3.322656486667286e-18,0.003988504411168475,0.0031518977042499043,
dbd69d729e,40000,60,191400,1914.0,101.12547051054466,5.79934852927082e-18,0.003988504411168475,0.0029566001289111753,
dbd69d729e,40000,61,194590,1945.9,101.12547051054466,2.4567511807496432e-17,0.003988504411168475,0.0029415197063435367,
dbd69d729e,40000,62,197780,1977.8,101.12547051054466,8.009258799521416e-18,0.003988504411168475,0.0033571972228491286,
dbd69d729e,40000,63,200970,2009.7,101.12547051054466,1.1380665856382088e-18,0.003988504411168475,0.0026613919042845387,
dbd69d729e,40000,64,204160,2041.6,101.12547051054466,2.045230015383813e-18,0.003988504411168475,0.003235459754554123,
dbd69d729e,40000,65,207350,2073.5,101.12547051054466,2.2852695362054757e-18,0.003988504411168475,0.002862651943806514,
dbd69d729e,40000,66,210540,2105.4,101.12547051054466,2.583992726949648e-18,0.003988504411168475,0.003205872511278705,
dbd69d729e,40000,67,213730,2137.3,101.12547051054466,3.038414459937826e-18,0.003988504411168475,0.0032882645099399257,
dbd69d729e,40000,68,216920,2169.2,101.12547051054466,1.9575898468509065e-18,0.003988504411168475,0.0029489839359347196,
dbd69d729e,40000,69,220110,2201.1,101.12547051054466,2.5516935071646067e-18,0.003988504411168475,0.0031574729096936686,
dbd69d729e,40000,70,223300,2233.0,101.12547051054466,4.615990633733536e-18,0.003988504411168475,0.0030046112997566534,
dbd69d729e,40000,71,226490,2264.9,101.12547051054466,2.2653506859475683e-18,0.003988504411168475,0.002991190892302635,
dbd69d729e,40000,72,229680,2296.8,101.12547051054466,1.741031477446611e-18,0.003988504411168475,0.003190465339967983,
dbd69d729e,40000,73,232870,2328.7,101.12547051054466,2.2634090319529666e-18,0.003988504411168475,0.003203809061295935,
dbd69d729e,40000,74,236060,2360.6,101.12547051054466,2.52904661006226e-18,0.003988504411168475,0.0030245988333338606,
dbd69d729e,40000,75,239250,2392.5,101.12547051054466,2.5052360309881304e-17,0.003988504411168475,0.0034227550283869278,
dbd69d729e,40000,76,242440,2424.4,101.12547051054466,2.31826153252765e-18,0.003988504411168475,0.0028244623479321573,
dbd69d729e,40000,77,245630,2456.3,101.12547051054466,2.215398887674926e-18,0.003988504411168475,0.0029322541347089823,
dbd69d729e,40000,78,248820,2488.2,101.12547051054466,3.0872365520260388e-18,0.003988504411168475,0.0029149656149879436,
dbd69d729e,40000,79,252010,2520.1,101.12547051054466,2.2605619493135057e-18,0.003988504411168475,0.003065119551999039,
dbd69d729e,40000,80,255200,2552.0,101.12547051054466,1.1408998825470345e-18,0.003988504411168475,0.0030828613901577864,
dbd69d729e,40000,81,258390,2583.9,101.12547051054466,6.81610439163574e-17,0.003988504411168475,0.0028766904023841628,
dbd69d729e,40000,82,261580,2615.8,101.12547051053545,1.1030609184156017e-16,0.003989905130075937,0.0029580174302347726,
dbd69d729e,40000,83,264770,2647.7,101.12547051051953,1.6309100567808693e-17,0.004044384434817129,0.0030203621698557267,
dbd69d729e,40000,84,267960,2679.6,101.12547051051953,1.9541755300976924e-17,0.004044384434817129,0.003458921024381343,
dbd69d729e,40000,85,271150,2711.5,101.12547051051953,6.8483474295917945e-18,0.004044384434817129,0.0031615307631496846,
dbd69d729e,40000,86,274340,2743.4,101.12547051051953,2.5342393517889132e-17,0.004044384434817129,0.0030512108500873256,
dbd69d729e,40000,87,277530,2775.3,101.12547051051953,2.53653532260823e-17,0.004044384434817129,0.003199762648144018,
dbd69d729e,40000,88,280720,2807.2,101.12547051051953,7.936913253216358e-18,0.004044384434817129,0.00327306637202955,
dbd69d729e,40000,89,283910,2839.1,101.12547051051953,2.2929190826593774e-18,0.004044384434817129,0.0033509010397242732,
dbd69d729e,40000,90,287100,2871.0,101.12547051051953,5.947896198023797e-18,0.004044384434817129,0.0029085938797459928,
dbd69d729e,40000,91,290290,2902.9,101.12547051051953,1.7587660966217258e-18,0.004044384434817129,0.0034501691608908903,
dbd69d729e,40000,92,293480,2934.8,101.12547051051953,3.9143110857258536e-18,0.004044384434817129,0.0032943753848158983,
dbd69d729e,40000,93,296670,2966.7,101.12547051051953,2.306601249940921e-18,0.004044384434817129,0.0031928554438824435,
dbd69d729e,40000,94,299860,2998.6,101.12547051051953,4.277593172803502e-18,0.004044384434817129,0.0028536632593650028,
dbd69d729e,40000,95,303050,3030.5,101.12547051051953,2.3084640429251065e-18,0.004044384434817129,0.0030709937804042475,
dbd69d729e,40000,96,306240,3062.4,101.12547051051953,2.30917152879577e-18,0.004044384434817129,0.0032235773757499364,
dbd69d729e,40000,97,309430,3094.3,101.12547051051953,2.1377102195489767e-16,0.004044384434817129,0.0032374558352340006,
dbd69d729e,40000,98,312620,3126.2,101.12547051044174,7.423174189022203e-17,0.004047392006334048,0.0030852473039450117,
dbd69d729e,40000,99,315810,3158.1,101.12547051036377,2.94760693723055e-17,0.003947392701108545,0.0029112172832067157,
dbd69d729e,40000,100,319000,3190.0,101.12547051036377,2.5383249911328598e-17,0.003947392701108545,0.0031459254128954435,
dbd69d729e,40000,101,322190,3221.9,101.12547051036377,3.599085585803228e-17,0.003947392701108545,0.0028396169777645795,
dbd69d729e,40000,102,325380,3253.8,101.12547051035311,1.7438172430883664e-17,0.003940155095432193,0.003075847767142937,
dbd69d729e,40000,103,328570,3285.7,101.12547051035311,2.0025555589295254e-17,0.003940155095432193,0.003013867122993639,
dbd69d729e,40000,104,331760,3317.6,101.12547051035311,2.818998142030621e-17,0.003940155095432193,0.003189669979189014,
dbd69d729e,40000,105,334950,3349.5,101.12547051035311,1.5443783189298032e-17,0.003940155095432193,0.002974530656753814,
dbd69d729e,40000,106,338140,3381.4,101.12547051035311,2.0834775390149466e-17,0.003940155095432193,0.0030228498891922543,
dbd69d729e,40000,107,341330,3413.3,101.12547051035311,1.2560461725826815e-17,0.003940155095432193,0.002991890017521765,
dbd69d729e,40000,108,344520,3445.2,101.12547051035311,1.4951753058872188e-17,0.003940155095432193,0.0030426496298724434,
dbd69d729e,40000,109,347710,3477.1,101.12547051035311,2.516382795922946e-18,0.003940155095432193,0.0030728996263926214,
dbd69d729e,40000,110,350900,3509.0,101.12547051035311,2.6007473490799455e-18,0.003940155095432193,0.002845410962776274,
dbd69d729e,40000,111,354090,3540.9,101.12547051035311,3.863254562021911e-18,0.003940155095432193,0.0028320344545530456,
dbd69d729e,40000,112,357280,3572.8,101.12547051035311,1.7263592538501425e-18,0.003940155095432193,0.003034289058805256,
dbd69d729e,40000,113,360470,3604.7,101.12547051035311,4.549110385561279e-18,0.003940155095432193,0.0030833817818442144,
dbd69d729e,40000,114,363660,3636.6,101.12547051035311,2.846934003170135e-18,0.003940155095432193,0.002939534251212874,
dbd69d729e,40000,115,366850,3668.5,101.12547051035311,2.056622528545563e-18,0.003940155095432193,0.0027775539601813176,
dbd69d729e,40000,116,370040,3700.4,101.12547051035311,2.119118836235056e-18,0.003940155095432193,0.003061899437584284,
dbd69d729e,40000,117,373230,3732.3,101.12547051035311,1.2606668685860142e-18,0.003940155095432193,0.003165205570159525,
dbd69d729e,40000,118,376420,3764.2,101.12547051035311,7.831442347319791e-18,0.003940155095432193,0.0026762487993777337,
dbd69d729e,40000,119,379610,3796.1,101.12547051035311,1.0744720873801795e-17,0.003940155095432193,0.0029845259614420224,
dbd69d729e,40000,120,382800,3828.0,101.12547051035311,2.8985660938269618e-18,0.003940155095432193,0.0029919800739917155,
dbd69d729e,40000,121,385990,3859.9,101.12547051035311,6.002726830180707e-17,0.003940155095432193,0.0029288385373540185,
dbd69d729e,40000,122,389180,3891.8,101.12547051034055,2.6868463526723002e-17,0.0039775113501207705,0.0029414289922643972,
dbd69d729e,40000,123,392370,3923.7,101.12547051034055,2.4918437265673035e-17,0.0039775113501207705,0.002830414499134519,
dbd69d729e,40000,124,395560,3955.6,101.12547051034055,2.3299216357045892e-17,0.0039775113501207705,0.003163473802688228,
dbd69d729e,40000,125,398750,3987.5,101.12547051034055,9.198633614699406e-18,0.0039775113501207705,0.0032946194805937136,
dbd69d729e,40000,126,401940,4019.4,101.12547051034055,2.4984005401031836e-17,0.0039775113501207705,0.003154184327451429,
dbd69d729e,40000,127,405130,4051.3,101.12547051034055,2.2510308712670397e-17,0.0039775113501207705,0.00275559204522903,
dbd69d729e,40000,128,408320,4083.2,101.12547051034055,8.907374818217134e-18,0.0039775113501207705,0.003316239380970803,
dbd69d729e,40000,129,411510,4115.1,101.12547051034055,1.8383992910859264e-18,0.0039775113501207705,0.0031681437199577935,
dbd69d729e,40000,130,414700,4147.0,101.12547051034055,3.5054692385166546e-18,0.0039775113501207705,0.00297049563812283,
dbd69d729e,40000,131,417890,4178.9,101.12547051034055,1.8314339388143067e-17,0.0039775113501207705,0.003340632452030684,
dbd69d729e,40000,132,421080,4210.8,101.12547051034055,1.40006311586248e-17,0.0039775113501207705,0.00318461594720809,
dbd69d729e,40000,133,424270,4242.7,101.12547051034055,9.075609611909466e-18,0.0039775113501207705,0.0034645364404944446,
dbd69d729e,40000,134,427460,4274.6,101.12547051034055,3.3717279623190964e-18,0.0039775113501207705,0.003111691966064221,
dbd69d729e,40000,135,430650,4306.5,101.12547051034055,2.528754618433422e-18,0.0039775113501207705,0.0029404051435856404,
dbd69d729e,40000,136,433840,4338.4,101.12547051034055,1.570441596888648e-18,0.0039775113501207705,0.003156418945194356,
dbd69d729e,40000,137,437030,4370.3,101.12547051034055,2.2629800970683668e-18,0.0039775113501207705,0.0032125423106011577,
dbd69d729e,40000,138,440220,4402.2,101.12547051034055,2.3502213057165985e-17,0.0039775113501207705,0.0033893376547265933,
dbd69d729e,40000,139,443410,4434.1,101.12547051034055,1.4966525993264133e-17,0.0039775113501207705,0.0032418361407739065,
dbd69d729e,40000,140,446600,4466.0,101.12547051033559,7.435825585694998e-18,0.003995989331439623,0.0031477489257249005,
dbd69d729e,40000,141,449790,4497.9,101.12547051033559,7.302202932249869e-18,0.003995989331439623,0.0029984314030313767,
dbd69d729e,40000,142,452980,4529.8,101.12547051033559,9.073701988283205e-18,0.003995989331439623,0.0032805176964352074,
dbd69d729e,40000,143,456170,4561.7,101.12547051033559,1.813954673390224e-18,0.003995989331439623,0.0031436307382958504,
dbd69d729e,40000,144,459360,4593.6,101.12547051033559,2.8160391758604674e-18,0.003995989331439623,0.003160519991899759,
dbd69d729e,40000,145,462550,4625.5,101.12547051033559,1.7174518470900023e-17,0.003995989331439623,0.0029156827123770633,
dbd69d729e,40000,146,465740,4657.4,101.12547051033559,1.8121065060383477e-17,0.003995989331439623,0.003081961285170977,
dbd69d729e,40000,147,468930,4689.3,101.12547051033559,3.2245577530715636e-18,0.003995989331439623,0.0030352713814306453,
dbd69d729e,40000,148,472120,4721.2,101.12547051033559,2.2634638455047704e-18,0.003995989331439623,0.0033679534840817676,
dbd69d729e,40000,149,475310,4753.1,101.12547051033559,3.75157032696757e-18,0.003995989331439623,0.0030026631063726117,
dbd69d729e,40000,150,478500,4785.0,101.12547051033559,2.938301561434297e-18,0.003995989331439623,0.002969058319849286,
dbd69d729e,40000,151,481690,4816.9,101.12547051033559,3.2057812662259238e-18,0.003995989331439623,0.002968533524750359,
dbd69d729e,40000,152,484880,4848.8,101.12547051033559,9.090636030116604e-18,0.003995989331439623,0.0030792806845739784,
dbd69d729e,40000,153,488070,4880.7,101.12547051033559,6.807202469403042e-18,0.003995989331439623,0.003167403755208601,
dbd69d729e,40000,154,491260,4912.6,101.12547051033559,6.77873436619105e-18,0.003995989331439623,0.0033171539651321216,
dbd69d729e,40000,155,494450,4944.5,101.12547051033559,3.075425406504109e-18,0.003995989331439623,0.0030432344143625973,
dbd69d729e,40000,156,497640,4976.4,101.12547051033559,2.5968909779550326e-18,0.003995989331439623,0.003173538365730484,
dbd69d729e,40000,157,500830,5008.3,101.12547051033559,2.2608347323694906e-18,0.003995989331439623,0.002764782808892909,
dbd69d729e,40000,158,504020,5040.2,101.12547051033559,2.1167026428557855e-18,0.003995989331439623,0.0028224398031610563,
dbd69d729e,40000,159,507210,5072.1,101.12547051033559,3.968106668976477e-18,0.003995989331439623,0.0027952031050978853,
dbd69d729e,40000,160,510400,5104.0,101.12547051033559,3.942957212426668e-18,0.003995989331439623,0.0030724354952721324,
dbd69d729e,40000,161,513590,5135.9,101.12547051033559,2.0470976540938483e-18,0.003995989331439623,0.003145769739959306,
dbd69d729e,40000,162,516780,5167.8,101.12547051033559,2.992598960752862e-18,0.003995989331439623,0.0030661938104743045,
dbd69d729e,40000,163,519970,5199.7,101.12547051033559,4.153975753459482e-18,0.003995989331439623,0.0031822196885410805,
dbd69d729e,40000,164,523160,5231.6,101.12547051033559,3.680047379635531e-18,0.003995989331439623,0.0033520424730304845,
dbd69d729e,40000,165,526350,5263.5,101.12547051033559,2.257754737076278e-18,0.003995989331439623,0.0030617300244169428,
dbd69d729e,40000,166,529540,5295.4,101.12547051033559,3.1437894547512435e-18,0.003995989331439623,0.0030219984548778564,
dbd69d729e,40000,167,532730,5327.3,101.12547051033559,4.050014477535782e-18,0.003995989331439623,0.002963221853452014,
dbd69d729e,40000,168,535920,5359.2,101.12547051033559,1.180659174294438e-17,0.003995989331439623,0.0029819256482895187,
dbd69d729e,40000,169,539110,5391.1,101.12547051033559,4.08596024164282e-18,0.003995989331439623,0.0032378642627309715,
dbd69d729e,40000,170,542300,5423.0,101.12547051033559,2.880120826789847e-18,0.003995989331439623,0.0032380340143594193,
dbd69d729e,40000,171,545490,5454.9,101.12547051033559,2.350951501659657e-18,0.003995989331439623,0.0030976664228225394,
dbd69d729e,40000,172,548680,5486.8,101.12547051033559,1.8132022536788415e-17,0.003995989331439623,0.0030751484167175253,
dbd69d729e,40000,173,551870,5518.7,101.12547051033559,4.25885421368721e-16,0.003995989331439623,0.0029471910879444643,
dbd69d729e,40000,174,555060,5550.6,101.12547051024004,1.0181906540961914e-17,0.0037155767986155894,0.0030066920948378373,
dbd69d729e,40000,175,558250,5582.5,101.12547051024004,6.225401472966042e-17,0.0037155767986155894,0.0030308374058405792,
dbd69d729e,40000,176,561440,5614.4,101.12547051024004,7.968991781722424e-17,0.0037155767986155894,0.002811112827295496,
dbd69d729e,40000,177,564630,5646.3,101.125470510236,4.9698264902661433e-17,0.003750527757143831,0.0025785384960231345,
dbd69d729e,40000,178,567820,5678.2,101.125470510236,2.7646669612346653e-17,0.003750527757143831,0.003005254315927422,
dbd69d729e,40000,179,571010,5710.1,101.12547051023293,1.6884569044688266e-17,0.0037509946900606815,0.003040122583107611,
dbd69d729e,40000,180,574200,5742.0,101.12547051023293,2.0217527453004046e-17,0.0037509946900606815,0.003038613446633537,
dbd69d729e,40000,181,577390,5773.9,101.12547051023293,2.4815495921118674e-17,0.0037509946900606815,0.002864583444739215,
dbd69d729e,40000,182,580580,5805.8,101.12547051023293,4.3136722467156326e-17,0.0037509946900606815,0.0027370329349093022,
dbd69d729e,40000,183,583770,5837.7,101.12547051023293,1.0794475426613813e-17,0.0037509946900606815,0.003080236598435089,
dbd69d729e,40000,184,586960,5869.6,101.12547051023293,5.235390816628639e-17,0.0037509946900606815,0.002947595537202054,
dbd69d729e,40000,185,590150,5901.5,101.12547051022133,3.4056476722514924e-17,0.0037007009399828966,0.002847598002578394,
dbd69d729e,40000,186,593340,5933.4,101.12547051022133,1.9865755158390013e-17,0.0037007009399828966,0.002876056345782089,
dbd69d729e,40000,187,596530,5965.3,101.12547051022133,1.4537548737388344e-17,0.0037007009399828966,0.002816900923822999,
dbd69d729e,40000,188,599720,5997.2,101.12547051022133,1.6937114653029878e-17,0.0037007009399828966,0.002868193598080893,
dbd69d729e,40000,189,602910,6029.1,101.12547051022133,2.714126555736718e-18,0.0037007009399828966,0.002845223243927033,
dbd69d729e,40000,190,606100,6061.0,101.12547051022133,1.3166686938624788e-17,0.0037007009399828966,0.0031918590452209286,
dbd69d729e,40000,191,609290,6092.9,101.12547051022133,3.963084941278164e-18,0.0037007009399828966,0.002806285307136124,
dbd69d729e,40000,192,612480,6124.8,101.12547051022133,1.1325943784321514e-17,0.0037007009399828966,0.0028977864073646397,
dbd69d729e,40000,193,615670,6156.7,101.12547051022133,3.612485399651192e-17,0.0037007009399828966,0.002651661858356714,
dbd69d729e,40000,194,618860,6188.6,101.12547051022133,8.428996021714046e-18,0.0037007009399828966,0.0028338786767195734,
dbd69d729e,40000,195,622050,6220.5,101.12547051022133,7.600686279595226e-16,0.0037007009399828966,0.0027866093823403827,
dbd69d729e,40000,196,625240,6252.4,101.12547051016053,4.722226204826295e-17,0.003955379003517606,0.003081677345829729,
dbd69d729e,40000,197,628430,6284.3,101.12547051013573,1.17039482401656e-15,0.003943646908138143,0.003145561967282609,
dbd69d729e,40000,198,631620,6316.2,101.12547051012966,4.177947101551526e-17,0.004194732068539795,0.0031068871864776194,
dbd69d729e,40000,199,634810,6348.1,101.12547051012966,1.230480574085932e-15,0.004194732068539795,0.003237117941738392,
dbd69d729e,40000,200,638000,6380.0,101.12547050991023,4.829220542208821e-16,0.004380116415388659,0.0033939597200740683,
dbd69d729e,40000,201,641190,6411.9,101.12547050970072,9.4027891606076e-17,0.004296487639951264,0.0033566062316034875,
dbd69d729e,40000,202,644380,6443.8,101.12547050965469,4.014939801736948e-17,0.00419771165458081,0.003374683741466318,
dbd69d729e,40000,203,647570,6475.7,101.12547050965469,1.91440154766982e-17,0.00419771165458081,0.0031959886196729482,
dbd69d729e,40000,204,650760,6507.6,101.12547050965469,3.72228103250767e-17,0.00419771165458081,0.0033300726846947713,
dbd69d729e,40000,205,653950,6539.5,101.12547050965469,3.908778845938346e-17,0.00419771165458081,0.0036187255211911464,
dbd69d729e,40000,206,657140,6571.4,101.12547050965469,5.5942635686056025e-18,0.00419771165458081,0.0032397599778609333,
dbd69d729e,40000,207,660330,6603.3,101.12547050965469,2.2612677025110065e-18,0.00419771165458081,0.0031471484999119758,
dbd69d729e,40000,208,663520,6635.2,101.12547050965469,8.283984810449168e-19,0.00419771165458081,0.0033962815316241823,
dbd69d729e,40000,209,666710,6667.1,101.12547050965469,1.0665978073962036e-18,0.00419771165458081,0.0029399607571518617,
dbd69d729e,40000,210,669900,6699.0,101.12547050965469,3.495571886186335e-17,0.00419771165458081,0.003072980020166559,
dbd69d729e,40000,211,673090,6730.9,101.12547050965469,4.915623451627598e-18,0.00419771165458081,0.003383801865904075,
dbd69d729e,40000,212,676280,6762.8,101.12547050965469,2.8520428028646664e-17,0.00419771165458081,0.003478623697608757,
dbd69d729e,40000,213,679470,6794.7,101.1254705096474,1.3494276532790016e-17,0.004207684612245667,0.0030998951409777925,
dbd69d729e,40000,214,682660,6826.6,101.1254705096474,2.056348435913595e-17,0.004207684612245667,0.0030510555569519316,
dbd69d729e,40000,215,685850,6858.5,101.1254705096474,1.4044472190459145e-17,0.004207684612245667,0.003499701527395356,
dbd69d729e,40000,216,689040,6890.4,101.1254705096474,1.0699155930291752e-17,0.004207684612245667,0.0032284507147007017,
dbd69d729e,40000,217,692230,6922.3,101.1254705096474,2.4120920147717118e-18,0.004207684612245667,0.003374372410432236,
dbd69d729e,40000,218,695420,6954.2,101.1254705096474,3.129184026755939e-18,0.004207684612245667,0.0035631574189054103,
dbd69d729e,40000,219,698610,6986.1,101.1254705096474,3.2628855823650044e-18,0.004207684612245667,0.0032242455936490246,
dbd69d729e,40000,220,701800,7018.0,101.1254705096474,2.991997262960141e-18,0.004207684612245667,0.003487745765100144,
dbd69d729e,40000,221,704990,7049.9,101.1254705096474,7.672511257776322e-18,0.004207684612245667,0.00316135162712239,
dbd69d729e,40000,222,708180,7081.8,101.1254705096474,1.631782636310894e-17,0.004207684612245667,0.003369256669573738,
dbd69d729e,40000,223,711370,7113.7,101.1254705096474,1.4313046173766752e-17,0.004207684612245667,0.003244405290908021,
dbd69d729e,40000,224,714560,7145.6,101.1254705096474,6.461316979139452e-18,0.004207684612245667,0.0033171459952731127,
dbd69d729e,40000,225,717750,7177.5,101.1254705096474,6.3075347634882844e-18,0.004207684612245667,0.003192507138529131,
dbd69d729e,40000,226,720940,7209.4,101.1254705096474,3.798303377641166e-18,0.004207684612245667,0.00335259518488852,
dbd69d729e,40000,227,724130,7241.3,101.1254705096474,3.268705699880354e-16,0.004207684612245667,0.002954328048399403,
dbd69d729e,40000,228,727320,7273.2,101.12547050961778,3.512535675882603e-17,0.004121635350872311,0.0031208888063251118,
dbd69d729e,40000,229,730510,7305.1,101.12547050961604,7.623461427519436e-17,0.004148485373573839,0.003256089595776024,
dbd69d729e,40000,230,733700,7337.0,101.12547050960212,4.5205720293844505e-16,0.004013251494518976,0.0028699061302444517,
dbd69d729e,40000,231,736890,7368.9,101.12547050945375,1.513982670962077e-17,0.0035493401428269913,0.002697640216064643,
dbd69d729e,40000,232,740080,7400.8,101.12547050945375,3.6858310352092447e-17,0.0035493401428269913,0.0025208875333616806,
dbd69d729e,40000,233,743270,7432.7,101.12547050945375,1.5470637858237863e-17,0.0035493401428269913,0.002516565051352012,
dbd69d729e,40000,234,746460,7464.6,101.12547050945375,1.3011042379907684e-16,0.0035493401428269913,0.0026541070422927736,
dbd69d729e,40000,235,749650,7496.5,101.12547050935007,4.774880423310101e-16,0.0032561459995659636,0.002360765290066484,
dbd69d729e,40000,236,752840,7528.4,101.12547050933276,3.023073268810086e-17,0.004378261904085385,0.003338744046839097,
dbd69d729e,40000,237,756030,7560.3,101.1254705093256,3.7266961856271585e-18,0.004370490354261944,0.0027981446559930635,
dbd69d729e,40000,238,759220,7592.2,101.1254705093256,8.678276183886419e-18,0.004370490354261944,0.0034367798488686204,
dbd69d729e,40000,239,762410,7624.1,101.1254705093256,2.279283239544533e-16,0.004370490354261944,0.0034008856727713926,
dbd69d729e,40000,240,765600,7656.0,101.12547050931484,2.16524731365328e-17,0.0047609776556288,0.004057474753649425,
dbd69d729e,40000,241,768790,7687.9,101.12547050930111,1.3476916754543594e-16,0.0047542068332403885,0.0035405946628473024,
dbd69d729e,40000,242,771980,7719.8,101.12547050921812,5.807582312505841e-17,0.004939577044470573,0.0038272222513255475,
dbd69d729e,40000,243,775170,7751.7,101.12547050919613,2.332215891038198e-17,0.00491190973196803,0.004117950907390843,
dbd69d729e,40000,244,778360,7783.6,101.12547050919613,7.482830269325405e-18,0.00491190973196803,0.004070310981063865,
dbd69d729e,40000,245,781550,7815.5,101.12547050919613,1.3412679070527972e-16,0.00491190973196803,0.003628517854200956,
dbd69d729e,40000,246,784740,7847.4,101.1254705091901,7.958635912980671e-17,0.0049460808225493804,0.004222598365221449,
dbd69d729e,40000,247,787930,7879.3,101.1254705091528,4.098845356009438e-18,0.004985223709616971,0.003958490844363153,
dbd69d729e,40000,248,791120,7911.2,101.1254705091528,9.04029322145647e-17,0.004985223709616971,0.0035493315428390144,
dbd69d729e,40000,249,794310,7943.1,101.12547050914135,1.137327233111183e-17,0.004601276138380894,0.0037225513443250326,
dbd69d729e,40000,250,797500,7975.0,101.12547050914135,1.6050045053619567e-17,0.004601276138380894,0.0035364093668523566,
dbd69d729e,40000,251,800690,8006.9,101.12547050914135,6.985311518438102e-17,0.004601276138380894,0.0036847433577961784,
dbd69d729e,40000,252,803880,8038.8,101.12547050913632,7.413359939400911e-17,0.004681792867615187,0.003327579677448844,
dbd69d729e,40000,253,807070,8070.7,101.12547050910842,1.1305838248264029e-17,0.004813694493300076,0.0032854769006688007,
dbd69d729e,40000,254,810260,8102.6,101.12547050910842,2.0819415968071052e-17,0.004813694493300076,0.003882192866403764,
dbd69d729e,40000,255,813450,8134.5,101.12547050910842,1.96994251094504e-17,0.004813694493300076,0.003720117394753764,
dbd69d729e,40000,256,816640,8166.4,101.12547050909295,4.24134436135483e-17,0.0047806073620733315,0.003582397029864836,
dbd69d729e,40000,257,819830,8198.3,101.12547050909266,1.9583445633647442e-17,0.004789512904608263,0.003740590940298885,
dbd69d729e,40000,258,823020,8230.2,101.12547050909266,3.8164275452770816e-17,0.004789512904608263,0.003760924880321639,
dbd69d729e,40000,259,826210,8262.1,101.12547050908265,4.7456893072968587e-17,0.004788820971751782,0.003759998822816602,
dbd69d729e,40000,260,829400,8294.0,101.12547050908265,2.1992350628406212e-17,0.004788820971751782,0.003961900238476285,
dbd69d729e,40000,261,832590,8325.9,101.12547050908265,1.752256092602386e-17,0.004788820971751782,0.00365732040474672,
dbd69d729e,40000,262,835780,8357.8,101.12547050908265,7.72589041498423e-18,0.004788820971751782,0.003960880639744393,
dbd69d729e,40000,263,838970,8389.7,101.12547050908265,7.205626507297934e-18,0.004788820971751782,0.003727456510116346,
dbd69d729e,40000,264,842160,8421.6,101.12547050908265,4.251575685867533e-17,0.004788820971751782,0.00369998919734427,
dbd69d729e,40000,265,845350,8453.5,101.1254705090702,1.5093680290775934e-17,0.004811764288099714,0.0037047649379700477,
dbd69d729e,40000,266,848540,8485.4,101.1254705090702,1.0275859719302224e-17,0.004811764288099714,0.003853125354319038,
dbd69d729e,40000,267,851730,8517.3,101.1254705090702,1.507175086868331e-17,0.004811764288099714,0.0037477829222901157,
dbd69d729e,40000,268,854920,8549.2,101.1254705090702,1.158996219355056e-17,0.004811764288099714,0.0035014669120302065,
dbd69d729e,40000,269,858110,8581.1,101.1254705090702,1.1765394539536858e-16,0.004811764288099714,0.003426146560319333,
dbd69d729e,40000,270,861300,8613.0,101.12547050899369,1.5867974531706726e-17,0.004733695007592764,0.0037148989233130847,
dbd69d729e,40000,271,864490,8644.9,101.12547050899369,1.9863919220680553e-17,0.004733695007592764,0.003393230158796735,
dbd69d729e,40000,272,867680,8676.8,101.12547050899369,2.2128946349776197e-17,0.004733695007592764,0.0037958295511811286,
dbd69d729e,40000,273,870870,8708.7,101.12547050899369,1.572388529405514e-17,0.004733695007592764,0.003725501024024382,
dbd69d729e,40000,274,874060,8740.6,101.12547050899369,1.784475904109889e-17,0.004733695007592764,0.003733470667698065,
dbd69d729e,40000,275,877250,8772.5,101.12547050899369,1.516920767796353e-17,0.004733695007592764,0.0036374841504051574,
dbd69d729e,40000,276,880440,8804.4,101.12547050899369,1.0057678580961854e-17,0.004733695007592764,0.003934706983922314,
dbd69d729e,40000,277,883630,8836.3,101.12547050899369,8.468828243608941e-18,0.004733695007592764,0.0036901675374396113,
dbd69d729e,40000,278,886820,8868.2,101.12547050899369,1.5845687525519565e-17,0.004733695007592764,0.003896543835942567,
dbd69d729e,40000,279,890010,8900.1,101.12547050899369,1.4884859595985104e-17,0.004733695007592764,0.003800032968936262,
dbd69d729e,40000,280,893200,8932.0,101.12547050899369,1.676904740631984e-17,0.004733695007592764,0.0036784860261140752,
dbd69d729e,40000,281,896390,8963.9,101.12547050899369,2.0695208931733747e-18,0.004733695007592764,0.0038335163903668768,
dbd69d729e,40000,282,899580,8995.8,101.12547050899369,1.2223014658558783e-17,0.004733695007592764,0.003759192246778403,
dbd69d729e,40000,283,902770,9027.7,101.12547050899369,1.0471665986856489e-17,0.004733695007592764,0.003624232145633549,
dbd69d729e,40000,284,905960,9059.6,101.12547050899369,1.1578563710584013e-17,0.004733695007592764,0.0031445420414239807,
dbd69d729e,40000,285,909150,9091.5,101.12547050899369,1.51162919453518e-17,0.004733695007592764,0.00342940147782348,
dbd69d729e,40000,286,912340,9123.4,101.12547050899369,7.227730308670858e-18,0.004733695007592764,0.003680761030307935,
dbd69d729e,40000,287,915530,9155.3,101.12547050899369,5.500440533583009e-18,0.004733695007592764,0.0037774443872291485,
dbd69d729e,40000,288,918720,9187.2,101.12547050899369,2.219619492758054e-18,0.004733695007592764,0.0036005808397881877,
dbd69d729e,40000,289,921910,9219.1,101.12547050899369,1.819398699081715e-17,0.004733695007592764,0.0035337088943862656,
dbd69d729e,40000,290,925100,9251.0,101.12547050899369,2.1797342162845587e-17,0.004733695007592764,0.003762374418832188,
dbd69d729e,40000,291,928290,9282.9,101.12547050899369,1.6518905211834074e-17,0.004733695007592764,0.003890230447000977,
dbd69d729e,40000,292,931480,9314.8,101.12547050899369,1.0627754995355315e-17,0.004733695007592764,0.0036716449221731473,
dbd69d729e,40000,293,934670,9346.7,101.12547050899369,2.8279645817228905e-18,0.004733695007592764,0.0038127949768975438,
dbd69d729e,40000,294,937860,9378.6,101.12547050899369,3.204672857376387e-18,0.004733695007592764,0.003731440456501013,
dbd69d729e,40000,295,941050,9410.5,101.12547050899369,4.599455425109648e-18,0.004733695007592764,0.0033243946538243367,
dbd69d729e,40000,296,944240,9442.4,101.12547050899369,1.849459118062016e-17,0.004733695007592764,0.003746815345672957,
dbd69d729e,40000,297,947430,9474.3,101.12547050899369,2.1585487276018568e-17,0.004733695007592764,0.003658728139779712,
dbd69d729e,40000,298,950620,9506.2,101.12547050899369,1.7780587353287576e-17,0.004733695007592764,0.0036295017445276212,
dbd69d729e,40000,299,953810,9538.1,101.12547050899369,1.0611190692229844e-17,0.004733695007592764,0.003478545285930391,
dbd69d729e,40000,300,957000,9570.0,101.12547050899369,2.4013437421473595e-18,0.004733695007592764,0.003980581388338753,
dbd69d729e,40000,301,960190,9601.9,101.12547050899369,4.1846048131742734e-17,0.004733695007592764,0.0034167895651577096,
dbd69d729e,40000,302,963380,9633.8,101.12547050899369,1.261348265107335e-17,0.004733695007592764,0.0035345165675855716,
dbd69d729e,40000,303,966570,9665.7,101.12547050899369,3.232740842511635e-18,0.004733695007592764,0.003624226822126462,
dbd69d729e,40000,304,969760,9697.6,101.12547050899369,1.7712780963589454e-18,0.004733695007592764,0.003669536256823234,
dbd69d729e,40000,305,972950,9729.5,101.12547050899369,2.359391553345651e-17,0.004733695007592764,0.003973106998682454,
dbd69d729e,40000,306,976140,9761.4,101.12547050899369,1.2255170461318736e-17,0.004733695007592764,0.003951265114820149,
dbd69d729e,40000,307,979330,9793.3,101.12547050899369,2.2481820757076043e-18,0.004733695007592764,0.0034543845622609878,
dbd69d729e,40000,308,982520,9825.2,101.12547050899369,1.0164195919454262e-16,0.004733695007592764,0.0036287985137077486,
dbd69d729e,40000,309,985710,9857.1,101.12547050895965,1.4625227291212597e-17,0.004611498708114089,0.003773928992649629,
dbd69d729e,40000,310,988900,9889.0,101.12547050895965,1.499728777123147e-17,0.004611498708114089,0.003661763441815371,
dbd69d729e,40000,311,992090,9920.9,101.12547050895965,1.7345449852825066e-17,0.004611498708114089,0.0034866636089538666,
dbd69d729e,40000,312,995280,9952.8,101.12547050895965,1.1715304564759605e-17,0.004611498708114089,0.0036919498174581046,
dbd69d729e,40000,313,998470,9984.7,101.12547050895965,5.381296459803236e-18,0.004611498708114089,0.0033839687177125823,
dbd69d729e,40000,314,1001660,10016.6,101.12547050895965,4.244503640964575e-17,0.004611498708114089,0.00358161702837797,
dbd69d729e,40000,315,1004850,10048.5,101.12547050895965,4.715445221542548e-17,0.004611498708114089,0.003440861391949553,
dbd69d729e,40000,316,1008040,10080.4,101.12547050895644,2.374079867507708e-17,0.004603126994228793,0.003314630602930169,
dbd69d729e,40000,317,1011230,10112.3,101.12547050895644,7.429255782295082e-18,0.004603126994228793,0.0034172444109720253,
dbd69d729e,40000,318,1014420,10144.2,101.12547050895644,1.7164703791982208e-17,0.004603126994228793,0.0034618139258116945,
dbd69d729e,40000,319,1017610,10176.1,101.12547050895644,4.204834600475448e-17,0.004603126994228793,0.00363456807643856,
dbd69d729e,40000,320,1020800,10208.0,101.12547050895266,8.717681755545526e-17,0.004585983178209792,0.0034081202894156427,
dbd69d729e,40000,321,1023990,10239.9,101.12547050895178,4.235944752318686e-17,0.004532950227139052,0.0037592159692715703,
dbd69d729e,40000,322,1027180,10271.8,101.12547050895178,2.446522728399176e-17,0.004532950227139052,0.003347596026561594,
dbd69d729e,40000,323,1030370,10303.7,101.12547050895164,3.061288542473792e-17,0.004524111450313477,0.0037112013794856637,
dbd69d729e,40000,324,1033560,10335.6,101.12547050895164,2.2728679038194523e-17,0.004524111450313477,0.0030935269761030795,
dbd69d729e,40000,325,1036750,10367.5,101.12547050895164,1.5178789494039416e-17,0.004524111450313477,0.0035944376507610408,
dbd69d729e,40000,326,1039940,10399.4,101.12547050895164,1.6463341294061067e-17,0.004524111450313477,0.003793649608224348,
dbd69d729e,40000,327,1043130,10431.3,101.12547050895164,6.3201690905419166e-18,0.004524111450313477,0.0033996956715663658,
dbd69d729e,40000,328,1046320,10463.2,101.12547050895164,9.708688430716982e-19,0.004524111450313477,0.0033499513534093824,
dbd69d729e,40000,329,1049510,10495.1,101.12547050895164,1.669839313101475e-17,0.004524111450313477,0.003497763283368814,
dbd69d729e,40000,330,1052700,10527.0,101.12547050895164,5.3698688253598143e-17,0.004524111450313477,0.0033636987740227357,
dbd69d729e,40000,331,1055890,10558.9,101.12547050895002,3.964239433707328e-18,0.004533217078686948,0.003511575852746101,
dbd69d729e,40000,332,1059080,10590.8,101.12547050895002,5.11286840066535e-18,0.004533217078686948,0.003150034969793272,
dbd69d729e,40000,333,1062270,10622.7,101.12547050895002,4.560138029011295e-18,0.004533217078686948,0.0037215852039638193,
dbd69d729e,40000,334,1065460,10654.6,101.12547050895002,7.284683565225975e-18,0.004533217078686948,0.003240382202788486,
dbd69d729e,40000,335,1068650,10686.5,101.12547050895002,8.153494906683619e-18,0.004533217078686948,0.00375771450452332,
dbd69d729e,40000,336,1071840,10718.4,101.12547050895002,4.181177615257022e-18,0.004533217078686948,0.0035464834443951995,
dbd69d729e,40000,337,1075030,10750.3,101.12547050895002,8.944608516045177e-18,0.004533217078686948,0.0034875834339070165,
dbd69d729e,40000,338,1078220,10782.2,101.12547050895002,1.044111417636588e-17,0.004533217078686948,0.0037640052288148897,
dbd69d729e,40000,339,1081410,10814.1,101.12547050895002,3.778173903157993e-18,0.004533217078686948,0.0038546871706306076,
dbd69d729e,40000,340,1084600,10846.0,101.12547050895002,2.670185169366812e-17,0.004533217078686948,0.0035756380482405412,
dbd69d729e,40000,341,1087790,10877.9,101.12547050895002,2.3162695148685587e-17,0.004533217078686948,0.0031035154909876636,
dbd69d729e,40000,342,1090980,10909.8,101.12547050895002,5.6941453784565454e-18,0.004533217078686948,0.0034117478847432233,
dbd69d729e,40000,343,1094170,10941.7,101.12547050895002,6.176894228343182e-17,0.004533217078686948,0.003511919710176746,
dbd69d729e,40000,344,1097360,10973.6,101.12547050894095,1.7937576204831686e-17,0.004516873700899492,0.0033429496651164307,
dbd69d729e,40000,345,1100550,11005.5,101.12547050894095,1.474838794801731e-17,0.004516873700899492,0.0036884516848359927,
dbd69d729e,40000,346,1103740,11037.4,101.12547050894095,1.3013350158702724e-17,0.004516873700899492,0.003384953136767296,
dbd69d729e,40000,347,1106930,11069.3,101.12547050894095,9.94148714712453e-18,0.004516873700899492,0.0033584941314825623,
dbd69d729e,40000,348,1110120,11101.2,101.12547050894095,4.10616700841591e-17,0.004516873700899492,0.0035379786393479433,
dbd69d729e,40000,349,1113310,11133.1,101.12547050893731,6.562366077796522e-19,0.004508568621277176,0.0037335174633796814,
dbd69d729e,40000,350,1116500,11165.0,101.12547050893731,1.9398298612435174e-18,0.004508568621277176,0.003501870946288669,
dbd69d729e,40000,351,1119690,11196.9,101.12547050893731,2.5779799465880364e-18,0.004508568621277176,0.0035567320867965413,
dbd69d729e,40000,352,1122880,11228.8,101.12547050893731,1.78225682210189e-18,0.004508568621277176,0.0034775433257730973,
dbd69d729e,40000,353,1126070,11260.7,101.12547050893731,1.4370604065101536e-18,0.004508568621277176,0.003271767112837592,
dbd69d729e,40000,354,1129260,11292.6,101.12547050893731,1.0528186715112215e-18,0.004508568621277176,0.003563247970577242,
dbd69d729e,40000,355,1132450,11324.5,101.12547050893731,1.2775904535403621e-18,0.004508568621277176,0.0036755680801484787,
dbd69d729e,40000,356,1135640,11356.4,101.12547050893731,1.470819136734672e-18,0.004508568621277176,0.003671433295938768,
dbd69d729e,40000,357,1138830,11388.3,101.12547050893731,1.69097454567915e-18,0.004508568621277176,0.0035490404334125917,
dbd69d729e,40000,358,1142020,11420.2,101.12547050893731,3.52338219368897e-18,0.004508568621277176,0.0033228350397024103,
dbd69d729e,40000,359,1145210,11452.1,101.12547050893731,2.788101324951802e-17,0.004508568621277176,0.003181745884918708,
dbd69d729e,40000,360,1148400,11484.0,101.12547050893731,1.2675297132032666e-17,0.004508568621277176,0.0034071271466048145,
dbd69d729e,40000,361,1151590,11515.9,101.12547050893731,6.0187079228915545e-18,0.004508568621277176,0.0031832579811985977,
dbd69d729e,40000,362,1154780,11547.8,101.12547050893731,7.739132619065669e-19,0.004508568621277176,0.0032442883703295406,
dbd69d729e,40000,363,1157970,11579.7,101.12547050893731,2.2138648164006697e-18,0.004508568621277176,0.0035254924236412157,
dbd69d729e,40000,364,1161160,11611.6,101.12547050893731,1.1681810140193062e-18,0.004508568621277176,0.0035459664472204996,
dbd69d729e,40000,365,1164350,11643.5,101.12547050893731,1.3729915244021006e-18,0.004508568621277176,0.0034355530222282293,
dbd69d729e,40000,366,1167540,11675.4,101.12547050893731,2.605478777284936e-18,0.004508568621277176,0.0036697040715340146,
dbd69d729e,40000,367,1170730,11707.3,101.12547050893731,1.0999481190176113e-18,0.004508568621277176,0.0036305877036303877,
dbd69d729e,40000,368,1173920,11739.2,101.12547050893731,1.0429674609255882e-18,0.004508568621277176,0.003756317099522467,
dbd69d729e,40000,369,1177110,11771.1,101.12547050893731,1.6956525696260846e-18,0.004508568621277176,0.0031491923847160996,
dbd69d729e,40000,370,1180300,11803.0,101.12547050893731,1.6064692878046055e-18,0.004508568621277176,0.003587049684329048,
dbd69d729e,40000,371,1183490,11834.9,101.12547050893731,1.887400812928982e-18,0.004508568621277176,0.00346764440448925,
dbd69d729e,40000,372,1186680,11866.8,101.12547050893731,1.3855662348289902e-18,0.004508568621277176,0.00374121044873567,
dbd69d729e,40000,373,1189870,11898.7,101.12547050893731,1.9926589148749956e-18,0.004508568621277176,0.0032852284069735194,
dbd69d729e,40000,374,1193060,11930.6,101.12547050893731,1.3485838956149152e-18,0.004508568621277176,0.0034077032868722605,
dbd69d729e,40000,375,1196250,11962.5,101.12547050893731,4.591115820027135e-17,0.004508568621277176,0.003336554433043107,
dbd69d729e,40000,376,1199440,11994.4,101.12547050893424,3.713780402690805e-18,0.004509035652321758,0.003424695784692599,
dbd69d729e,40000,377,1202630,12026.3,101.12547050893424,2.5909949017620068e-18,0.004509035652321758,0.003599029231848701,
dbd69d729e,40000,378,1205820,12058.2,101.12547050893424,1.5600520180277788e-18,0.004509035652321758,0.0032734177457474038,
dbd69d729e,40000,379,1209010,12090.1,101.12547050893424,2.5781602200881313e-18,0.004509035652321758,0.003622869652171856,
dbd69d729e,40000,380,1212200,12122.0,101.12547050893424,2.5701615470456067e-18,0.004509035652321758,0.0037328938788099694,
dbd69d729e,40000,381,1215390,12153.9,101.12547050893424,4.328954618380363e-17,0.004509035652321758,0.003520549819214825,
dbd69d729e,40000,382,1218580,12185.8,101.12547050893424,1.915837172511787e-17,0.004509035652321758,0.0035556586472565853,
dbd69d729e,40000,383,1221770,12217.7,101.12547050893424,6.8404145850104515e-18,0.004509035652321758,0.003540835012340348,
dbd69d729e,40000,384,1224960,12249.6,101.12547050893424,1.2812659510124545e-18,0.004509035652321758,0.0028511236721282945,
dbd69d729e,40000,385,1228150,12281.5,101.12547050893424,1.1584751645517494e-18,0.004509035652321758,0.003445535206468469,
dbd69d729e,40000,386,1231340,12313.4,101.12547050893424,2.1548821028644136e-18,0.004509035652321758,0.003554599846811767,
dbd69d729e,40000,387,1234530,12345.3,101.12547050893424,1.0427067215421984e-18,0.004509035652321758,0.003253530543117973,
dbd69d729e,40000,388,1237720,12377.2,101.12547050893424,1.277353327208607e-18,0.004509035652321758,0.003475357945718648,
dbd69d729e,40000,389,1240910,12409.1,101.12547050893424,2.7215748488985532e-18,0.004509035652321758,0.0034223950736438375,
dbd69d729e,40000,390,1244100,12441.0,101.12547050893424,1.0134570485463102e-18,0.004509035652321758,0.003496394362313015,
dbd69d729e,40000,391,1247290,12472.9,101.12547050893424,8.529501601491188e-17,0.004509035652321758,0.003542477609721219,
dbd69d729e,40000,392,1250480,12504.8,101.1254705089225,3.381201481696148e-17,0.004427464629268816,0.003327271700116176,
dbd69d729e,40000,393,1253670,12536.7,101.1254705089225,2.377841475704201e-17,0.004427464629268816,0.003648719938764552,
dbd69d729e,40000,394,1256860,12568.6,101.1254705089225,4.453576872126294e-18,0.004427464629268816,0.003064575604722456,
dbd69d729e,40000,395,1260050,12600.5,101.1254705089225,2.2269867521078237e-18,0.004427464629268816,0.0033209978885141924,
dbd69d729e,40000,396,1263240,12632.4,101.1254705089225,2.731972935858236e-17,0.004427464629268816,0.0035353364609522473,
dbd69d729e,40000,397,1266430,12664.3,101.1254705089225,1.4144933765498527e-18,0.004427464629268816,0.003179055695231134,
dbd69d729e,40000,398,1269620,12696.2,101.1254705089225,3.0210615320385368e-18,0.004427464629268816,0.0033283653643602605,
dbd69d729e,40000,399,1272810,12728.1,101.1254705089225,6.37796954890859e-18,0.004427464629268816,0.003093396372852597,
dbd69d729e,40000,400,1276000,12760.0,101.1254705089225,1.7284926920888257e-18,0.004427464629268816,0.0036183829069172443,
dbd69d729e,40000,401,1279190,12791.9,101.1254705089225,4.14229520013047e-18,0.004427464629268816,0.003296477928935001,
dbd69d729e,40000,402,1282380,12823.8,101.1254705089225,7.096258591442204e-18,0.004427464629268816,0.0034397035835149617,
dbd69d729e,40000,403,1285570,12855.7,101.1254705089225,6.794453573762626e-18,0.004427464629268816,0.0034002485301358877,
dbd69d729e,40000,404,1288760,12887.6,101.1254705089225,2.582046427888025e-18,0.004427464629268816,0.003222714621502983,
dbd69d729e,40000,405,1291950,12919.5,101.1254705089225,2.231025995763588e-18,0.004427464629268816,0.00362970202456848,
dbd69d729e,40000,406,1295140,12951.4,101.1254705089225,1.2773282811568836e-18,0.004427464629268816,0.003295326924223404,
dbd69d729e,40000,407,1298330,12983.3,101.1254705089225,1.5077061265052404e-18,0.004427464629268816,0.003638166438591822,
dbd69d729e,40000,408,1301520,13015.2,101.1254705089225,9.02701589279709e-19,0.004427464629268816,0.0035105635253140175,
dbd69d729e,40000,409,1304710,13047.1,101.1254705089225,1.6905940957823022e-18,0.004427464629268816,0.0034589103978592177,
dbd69d729e,40000,410,1307900,13079.0,101.1254705089225,1.7069447506293027e-18,0.004427464629268816,0.0035887825989517116,
dbd69d729e,40000,411,1311090,13110.9,101.1254705089225,8.91578668020318e-19,0.004427464629268816,0.0037810811687244545,
dbd69d729e,40000,412,1314280,13142.8,101.1254705089225,6.365310047002452e-18,0.004427464629268816,0.003743568800745565,
dbd69d729e,40000,413,1317470,13174.7,101.1254705089225,1.5827166131253638e-17,0.004427464629268816,0.0033949991590327276,
dbd69d729e,40000,414,1320660,13206.6,101.1254705089225,1.735290836723261e-18,0.004427464629268816,0.0033581666141015588,
dbd69d729e,40000,415,1323850,13238.5,101.1254705089225,1.8080416399536795e-18,0.004427464629268816,0.0035828187084963044,
dbd69d729e,40000,416,1327040,13270.4,101.1254705089225,5.545633648157817e-17,0.004427464629268816,0.00260365917687006,
dbd69d729e,40000,417,1330230,13302.3,101.12547050891871,8.441178660634635e-18,0.004436903725169401,0.0036997908076480913,
dbd69d729e,40000,418,1333420,13334.2,101.12547050891871,2.6571992315679995e-17,0.004436903725169401,0.003409135193783075,
dbd69d729e,40000,419,1336610,13366.1,101.12547050891871,2.0677215868438697e-17,0.004436903725169401,0.0035307267870380047,
dbd69d729e,40000,420,1339800,13398.0,101.12547050891871,2.8828925596485958e-18,0.004436903725169401,0.003537806118003194,
dbd69d729e,40000,421,1342990,13429.9,101.12547050891871,1.9641050459367596e-18,0.004436903725169401,0.0034520103071035936,
dbd69d729e,40000,422,1346180,13461.8,101.12547050891871,8.066642758714554e-18,0.004436903725169401,0.0032783453423502196,
dbd69d729e,40000,423,1349370,13493.7,101.12547050891871,1.257714825894759e-17,0.004436903725169401,0.003282997070360725,
dbd69d729e,40000,424,1352560,13525.6,101.12547050891871,5.0232476566839317e-17,0.004436903725169401,0.0036661522615520996,
dbd69d729e,40000,425,1355750,13557.5,101.12547050891871,7.846551757331425e-18,0.004436903725169401,0.003299966718199845,
dbd69d729e,40000,426,1358940,13589.4,101.12547050891871,4.103022978010181e-17,0.004436903725169401,0.00303398988620468,
dbd69d729e,40000,427,1362130,13621.3,101.12547050891871,1.026514133502139e-17,0.004436903725169401,0.0032093904137131105,
dbd69d729e,40000,428,1365320,13653.2,101.12547050891871,1.1650516468860428e-17,0.004436903725169401,0.0035652347917682985,
dbd69d729e,40000,429,1368510,13685.1,101.12547050891871,8.676620445575353e-19,0.004436903725169401,0.003641384300837297,
dbd69d729e,40000,430,1371700,13717.0,101.12547050891871,1.0153583657408825e-17,0.004436903725169401,0.0035128689720601053,
dbd69d729e,40000,431,1374890,13748.9,101.12547050891871,4.593186463261192e-18,0.004436903725169401,0.003333983725999743,
dbd69d729e,40000,432,1378080,13780.8,101.12547050891871,5.0613589473022055e-18,0.004436903725169401,0.003579126209264246,
dbd69d729e,40000,433,1381270,13812.7,101.12547050891871,4.4710651145468846e-18,0.004436903725169401,0.00358263842620364,
dbd69d729e,40000,434,1384460,13844.6,101.12547050891871,2.3813727045674226e-17,0.004436903725169401,0.0035376714847148638,
dbd69d729e,40000,435,1387650,13876.5,101.12547050891871,7.618711805361592e-18,0.004436903725169401,0.003537021391742252,
dbd69d729e,40000,436,1390840,13908.4,101.12547050891871,1.2242781822812491e-18,0.004436903725169401,0.003534478297821088,
dbd69d729e,40000,437,1394030,13940.3,101.12547050891871,1.7115884768244492e-18,0.004436903725169401,0.0033408274385150374,
dbd69d729e,40000,438,1397220,13972.2,101.12547050891871,2.676347479533531e-18,0.004436903725169401,0.00322600419305278,
dbd69d729e,40000,439,1400410,14004.1,101.12547050891871,1.6352455185677357e-18,0.004436903725169401,0.00331427819640429,
dbd69d729e,40000,440,1403600,14036.0,101.12547050891871,1.3282589513310723e-18,0.004436903725169401,0.003366603988702677,
dbd69d729e,40000,441,1406790,14067.9,101.12547050891871,1.736563383442994e-18,0.004436903725169401,0.0032551323808858498,
dbd69d729e,40000,442,1409980,14099.8,101.12547050891871,1.2603999818745204e-18,0.004436903725169401,0.003635604879232504,
dbd69d729e,40000,443,1413170,14131.7,101.12547050891871,1.7182659738903131e-18,0.004436903725169401,0.0036651452481438972,
dbd69d729e,40000,444,1416360,14163.6,101.12547050891871,1.2058314419656504e-18,0.004436903725169401,0.003723837039177491,
dbd69d729e,40000,445,1419550,14195.5,101.12547050891871,1.4954916326677472e-18,0.004436903725169401,0.003465513602984199,
dbd69d729e,40000,446,1422740,14227.4,101.12547050891871,9.92864027486626e-19,0.004436903725169401,0.0032024845994826513,
dbd69d729e,40000,447,1425930,14259.3,101.12547050891871,1.2325387301210449e-18,0.004436903725169401,0.003401289402166959,
dbd69d729e,40000,448,1429120,14291.2,101.12547050891871,3.3778085670163315e-18,0.004436903725169401,0.003474967578201204,
dbd69d729e,40000,449,1432310,14323.1,101.12547050891871,1.8356229441963833e-18,0.004436903725169401,0.003483453658872652,
dbd69d729e,40000,450,1435500,14355.0,101.12547050891871,9.368224407496682e-19,0.004436903725169401,0.00310887965343066,
dbd69d729e,40000,451,1438690,14386.9,101.12547050891871,1.2586269030426816e-18,0.004436903725169401,0.0032111943649669114,
dbd69d729e,40000,452,1441880,14418.8,101.12547050891871,1.2386271285600872e-18,0.004436903725169401,0.0033224471584256316,
dbd69d729e,40000,453,1445070,14450.7,101.12547050891871,1.2576141691586655e-18,0.004436903725169401,0.0033956077582386105,
dbd69d729e,40000,454,1448260,14482.6,101.12547050891871,1.256959206072891e-18,0.004436903725169401,0.0031975909641337036,
dbd69d729e,40000,455,1451450,14514.5,101.12547050891871,1.0729996188492842e-18,0.004436903725169401,0.003669344718515528,
dbd69d729e,40000,456,1454640,14546.4,101.12547050891871,1.8516056819776178e-18,0.004436903725169401,0.0032983323676221807,
dbd69d729e,40000,457,1457830,14578.3,101.12547050891871,1.853819832637119e-18,0.004436903725169401,0.0035230219678750838,
dbd69d729e,40000,458,1461020,14610.2,101.12547050891871,1.458709879610809e-18,0.004436903725169401,0.0034054264272940418,
dbd69d729e,40000,459,1464210,14642.1,101.12547050891871,2.9145577778733513e-18,0.004436903725169401,0.00393852806909987,
dbd69d729e,40000,460,1467400,14674.0,101.12547050891871,1.3532678900300617e-18,0.004436903725169401,0.0030607567502929974,
dbd69d729e,40000,461,1470590,14705.9,101.12547050891871,1.9360180613195187e-18,0.004436903725169401,0.003536392415300598,
dbd69d729e,40000,462,1473780,14737.8,101.12547050891871,1.2554014223099774e-18,0.004436903725169401,0.0035283671928890326,
dbd69d729e,40000,463,1476970,14769.7,101.12547050891871,9.94106362476476e-19,0.004436903725169401,0.0037245757440252146,
dbd69d729e,40000,464,1480160,14801.6,101.12547050891871,1.6807835196139033e-18,0.004436903725169401,0.003500791769470056,
dbd69d729e,40000,465,1483350,14833.5,101.12547050891871,3.97948127065912e-17,0.004436903725169401,0.0030226241918421244,
dbd69d729e,40000,466,1486540,14865.4,101.12547050891871,1.7200574649196232e-17,0.004436903725169401,0.0037990288154802513,
dbd69d729e,40000,467,1489730,14897.3,101.12547050891871,1.897072980806968e-18,0.004436903725169401,0.0035895396756515305,
dbd69d729e,40000,468,1492920,14929.2,101.12547050891871,1.2733825639179802e-18,0.004436903725169401,0.003425391448708195,
dbd69d729e,40000,469,1496110,14961.1,101.12547050891871,1.2147154373010654e-18,0.004436903725169401,0.003365067165319466,
dbd69d729e,40000,470,1499300,14993.0,101.12547050891871,1.0032528213122235e-17,0.004436903725169401,0.003624241939910532,
dbd69d729e,40000,471,1502490,15024.9,101.12547050891871,2.8073825611261293e-18,0.004436903725169401,0.003727352858419264,
dbd69d729e,40000,472,1505680,15056.8,101.12547050891871,3.201774456012521e-17,0.004436903725169401,0.00340391362462795,
dbd69d729e,40000,473,1508870,15088.7,101.12547050891871,1.6375010909631333e-18,0.004436903725169401,0.0035756061248721563,
dbd69d729e,40000,474,1512060,15120.6,101.12547050891871,1.2215409245283212e-18,0.004436903725169401,0.0033859069417681202,
dbd69d729e,40000,475,1515250,15152.5,101.12547050891871,1.37095417817421e-18,0.004436903725169401,0.003675076426716545,
dbd69d729e,40000,476,1518440,15184.4,101.12547050891871,1.0798925605782397e-17,0.004436903725169401,0.0038002429854025045,
dbd69d729e,40000,477,1521630,15216.3,101.12547050891871,9.154060325451182e-18,0.004436903725169401,0.003408269286460999,
dbd69d729e,40000,478,1524820,15248.2,101.12547050891871,3.363147960621671e-18,0.004436903725169401,0.0036449026008462835,
dbd69d729e,40000,479,1528010,15280.1,101.12547050891871,1.9807164306766233e-18,0.004436903725169401,0.0034572145571298675,
dbd69d729e,40000,480,1531200,15312.0,101.12547050891871,1.1596963838370819e-18,0.004436903725169401,0.003361223728628155,
dbd69d729e,40000,481,1534390,15343.9,101.12547050891871,7.787857854544311e-18,0.004436903725169401,0.0031056359203246683,
dbd69d729e,40000,482,1537580,15375.8,101.12547050891871,2.0366809419832056e-18,0.004436903725169401,0.0035278537558495627,
dbd69d729e,40000,483,1540770,15407.7,101.12547050891871,2.031278135613493e-17,0.004436903725169401,0.003057419082674561,
dbd69d729e,40000,484,1543960,15439.6,101.12547050891871,2.909161192206033e-17,0.004436903725169401,0.0036607303506777625,
dbd69d729e,40000,485,1547150,15471.5,101.12547050891871,1.2654351708058883e-18,0.004436903725169401,0.003549837892129966,
dbd69d729e,40000,486,1550340,15503.4,101.12547050891871,1.2480693200552469e-17,0.004436903725169401,0.0035322388310768203,
dbd69d729e,40000,487,1553530,15535.3,101.12547050891871,6.277003852873911e-18,0.004436903725169401,0.0035422405702311924,
dbd69d729e,40000,488,1556720,15567.2,101.12547050891871,4.353139111871027e-18,0.004436903725169401,0.003207280897940006,
dbd69d729e,40000,489,1559910,15599.1,101.12547050891871,1.67942198230553e-18,0.004436903725169401,0.0034572188876851764,
dbd69d729e,40000,490,1563100,15631.0,101.12547050891871,1.3928288858379633e-18,0.004436903725169401,0.0034294791768191835,
dbd69d729e,40000,491,1566290,15662.9,101.12547050891871,1.4884730712902133e-18,0.004436903725169401,0.0038183547996097768,
dbd69d729e,40000,492,1569480,15694.8,101.12547050891871,1.6363073006725305e-18,0.004436903725169401,0.0036367038961338553,
dbd69d729e,40000,493,1572670,15726.7,101.12547050891871,3.1515716078496066e-18,0.004436903725169401,0.0035856952991863427,
dbd69d729e,40000,494,1575860,15758.6,101.12547050891871,1.6915386513611488e-18,0.004436903725169401,0.003582065792956617,
dbd69d729e,40000,495,1579050,15790.5,101.12547050891871,1.1796392077778145e-18,0.004436903725169401,0.0032204104153028125,
dbd69d729e,40000,496,1582240,15822.4,101.12547050891871,1.1973594428879825e-18,0.004436903725169401,0.0033406757222313975,
dbd69d729e,40000,497,1585430,15854.3,101.12547050891871,2.0533878235486246e-17,0.004436903725169401,0.0035284697555378335,
dbd69d729e,40000,498,1588620,15886.2,101.125470508913,2.1435439909755848e-17,0.004437771141617395,0.0035947859003225987,
dbd69d729e,40000,499,1591810,15918.1,101.12547050890936,4.028392649549973e-17,0.004429466061995102,0.0035095577937739658,
dbd69d729e,40000,500,1595000,15950.0,101.12547050890936,9.643384085371793e-18,0.004429466061995102,0.0036667034373432097,
dbd69d729e,40000,501,1598190,15981.9,101.12547050890936,1.1829176111446906e-17,0.004429466061995102,0.0033961808708846465,
dbd69d729e,40000,502,1601380,16013.8,101.12547050890936,3.4518757289427876e-18,0.004429466061995102,0.0032025617728534453,
dbd69d729e,40000,503,1604570,16045.7,101.12547050890936,9.56470227637521e-19,0.004429466061995102,0.0036357575459094373,
dbd69d729e,40000,504,1607760,16077.6,101.12547050890936,1.4505828407947628e-18,0.004429466061995102,0.0034835912462673007,
dbd69d729e,40000,505,1610950,16109.5,101.12547050890936,1.5231847459344992e-18,0.004429466061995102,0.0031852477072648933,
dbd69d729e,40000,506,1614140,16141.4,101.12547050890936,3.461928502601703e-17,0.004429466061995102,0.003380739628819093,
dbd69d729e,40000,507,1617330,16173.3,101.12547050890936,7.361070234180027e-18,0.004429466061995102,0.003344910567661814,
dbd69d729e,40000,508,1620520,16205.2,101.12547050890936,9.188765142034601e-19,0.004429466061995102,0.003423382627045764,
dbd69d729e,40000,509,1623710,16237.1,101.12547050890936,8.725735390240526e-19,0.004429466061995102,0.0031070485241242087,
dbd69d729e,40000,510,1626900,16269.0,101.12547050890936,1.2817597805732548e-18,0.004429466061995102,0.0032264682499136455,
dbd69d729e,40000,511,1630090,16300.9,101.12547050890936,2.371525757637579e-18,0.004429466061995102,0.0035733023698342717,
dbd69d729e,40000,512,1633280,16332.8,101.12547050890936,2.4953222540439324e-17,0.004429466061995102,0.0033344006051299665,
dbd69d729e,40000,513,1636470,16364.7,101.12547050890936,1.557789326646674e-17,0.004429466061995102,0.0032982096204716774,
dbd69d729e,40000,514,1639660,16396.6,101.12547050890936,6.534188508153349e-18,0.004429466061995102,0.0033970199916150265,
dbd69d729e,40000,515,1642850,16428.5,101.12547050890936,2.5970342064575974e-18,0.004429466061995102,0.0037816315599421987,
dbd69d729e,40000,516,1646040,16460.4,101.12547050890936,4.302343245390333e-18,0.004429466061995102,0.0034734732469686473,
dbd69d729e,40000,517,1649230,16492.3,101.12547050890936,8.049387123371119e-18,0.004429466061995102,0.0029185445280304847,
dbd69d729e,40000,518,1652420,16524.2,101.12547050890936,1.020831072046507e-18,0.004429466061995102,0.003755094930189638,
dbd69d729e,40000,519,1655610,16556.1,101.12547050890936,1.1909461722628171e-18,0.004429466061995102,0.0030525497310561335,
dbd69d729e,40000,520,1658800,16588.0,101.12547050890936,9.258130206265157e-19,0.004429466061995102,0.0033684308382485877,
dbd69d729e,40000,521,1661990,16619.9,101.12547050890936,1.6960600189797854e-18,0.004429466061995102,0.0034016129661707563,
dbd69d729e,40000,522,1665180,16651.8,101.12547050890936,2.4119080076052795e-17,0.004429466061995102,0.0036318122904473614,
dbd69d729e,40000,523,1668370,16683.7,101.12547050890936,1.0789042017681493e-17,0.004429466061995102,0.003607145140779233,
dbd69d729e,40000,524,1671560,16715.6,101.12547050890936,5.939622605813711e-17,0.004429466061995102,0.0035315507659100945,
dbd69d729e,40000,525,1674750,16747.5,101.12547050890802,2.893069566458652e-18,0.004429665970676728,0.003211040259439583,
dbd69d729e,40000,526,1677940,16779.4,101.12547050890802,1.690861961767853e-18,0.004429665970676728,0.0035669028976178987,
dbd69d729e,40000,527,1681130,16811.3,101.12547050890802,1.8375624561257308e-18,0.004429665970676728,0.0034043959128710988,
dbd69d729e,40000,528,1684320,16843.2,101.12547050890802,5.379437510294247e-18,0.004429665970676728,0.0035430590652666388,
dbd69d729e,40000,529,1687510,16875.1,101.12547050890802,1.7483131330625453e-18,0.004429665970676728,0.003453357530556472,
dbd69d729e,40000,530,1690700,16907.0,101.12547050890802,1.0176940603650383e-17,0.004429665970676728,0.003282005478392485,
dbd69d729e,40000,531,1693890,16938.9,101.12547050890802,8.624270397738252e-18,0.004429665970676728,0.003461947846040383,
dbd69d729e,40000,532,1697080,16970.8,101.12547050890802,1.1612720547423355e-17,0.004429665970676728,0.0039319300650064795,
dbd69d729e,40000,533,1700270,17002.7,101.12547050890802,3.955589299477233e-18,0.004429665970676728,0.00329837528296103,
dbd69d729e,40000,534,1703460,17034.6,101.12547050890802,5.0505356533886226e-18,0.004429665970676728,0.003684523867619737,
dbd69d729e,40000,535,1706650,17066.5,101.12547050890802,5.901615436835958e-18,0.004429665970676728,0.00323167772818244,
dbd69d729e,40000,536,1709840,17098.4,101.12547050890802,1.388155341454332e-18,0.004429665970676728,0.0035051200954599104,
dbd69d729e,40000,537,1713030,17130.3,101.12547050890802,6.5311613819555366e-18,0.004429665970676728,0.0036230637410585636,
dbd69d729e,40000,538,1716220,17162.2,101.12547050890802,9.845497943107163e-19,0.004429665970676728,0.0036536618169641668,
dbd69d729e,40000,539,1719410,17194.1,101.12547050890802,9.942606504853277e-19,0.004429665970676728,0.003482128061669805,
dbd69d729e,40000,540,1722600,17226.0,101.12547050890802,1.766444170602295e-18,0.004429665970676728,0.0031657690323903544,
dbd69d729e,40000,541,1725790,17257.9,101.12547050890802,1.0466613294749188e-18,0.004429665970676728,0.0033756229260406135,
dbd69d729e,40000,542,1728980,17289.8,101.12547050890802,1.3853302939350047e-17,0.004429665970676728,0.0036874046967616592,
dbd69d729e,40000,543,1732170,17321.7,101.12547050890802,1.825859802152499e-18,0.004429665970676728,0.003478958520265276,
dbd69d729e,40000,544,1735360,17353.6,101.12547050890802,1.5539967052953983e-18,0.004429665970676728,0.0034012995336243305,
dbd69d729e,40000,545,1738550,17385.5,101.12547050890802,3.765746812515611e-18,0.004429665970676728,0.0038524445047264937,
dbd69d729e,40000,546,1741740,17417.4,101.12547050890802,1.6154759048179047e-18,0.004429665970676728,0.003339861181804881,
dbd69d729e,40000,547,1744930,17449.3,101.12547050890802,1.2791607458370641e-18,0.004429665970676728,0.0031723902703947966,
dbd69d729e,40000,548,1748120,17481.2,101.12547050890802,1.041234951944084e-17,0.004429665970676728,0.003367081982164669,
dbd69d729e,40000,549,1751310,17513.1,101.12547050890802,9.230646742221795e-18,0.004429665970676728,0.003294665945221609,
dbd69d729e,40000,550,1754500,17545.0,101.12547050890802,1.0135908307286723e-17,0.004429665970676728,0.003458603991698937,
dbd69d729e,40000,551,1757690,17576.9,101.12547050890802,3.945968268845147e-18,0.004429665970676728,0.0034346349593556962,
dbd69d729e,40000,552,1760880,17608.8,101.12547050890802,1.3567670716038169e-18,0.004429665970676728,0.0035506564792377173,
dbd69d729e,40000,553,1764070,17640.7,101.12547050890802,5.043001220309269e-18,0.004429665970676728,0.0033768889057162787,
dbd69d729e,40000,554,1767260,17672.6,101.12547050890802,2.5167217222976487e-18,0.004429665970676728,0.0028652726967144096,
dbd69d729e,40000,555,1770450,17704.5,101.12547050890802,2.845608843291355e-17,0.004429665970676728,0.0035625642322360267,
dbd69d729e,40000,556,1773640,17736.4,101.12547050890802,3.366707772763904e-18,0.004429665970676728,0.0034461244110190596,
dbd69d729e,40000,557,1776830,17768.3,101.12547050890802,4.8525398241164e-18,0.004429665970676728,0.0029615872970067394,
dbd69d729e,40000,558,1780020,17800.2,101.12547050890802,1.9363057909026946e-18,0.004429665970676728,0.0031521743870118334,
dbd69d729e,40000,559,1783210,17832.1,101.12547050890802,5.476246313794737e-18,0.004429665970676728,0.003594161711653963,
dbd69d729e,40000,560,1786400,17864.0,101.12547050890802,1.3849182309114057e-18,0.004429665970676728,0.0032440439613231954,
dbd69d729e,40000,561,1789590,17895.9,101.12547050890802,1.751324603052613e-18,0.004429665970676728,0.003567466170344566,
dbd69d729e,40000,562,1792780,17927.8,101.12547050890802,1.6129166147585101e-18,0.004429665970676728,0.0034910741831227525,
dbd69d729e,40000,563,1795970,17959.7,101.12547050890802,5.124948890945953e-17,0.004429665970676728,0.0034336241831113236,
dbd69d729e,40000,564,1799160,17991.6,101.12547050890802,1.496341207565099e-17,0.004429665970676728,0.0035349590761814785,
dbd69d729e,40000,565,1802350,18023.5,101.12547050890802,3.3940740535326094e-17,0.004429665970676728,0.003324422977496625,
dbd69d729e,40000,566,1805540,18055.4,101.12547050890439,1.5619093101902393e-18,0.004421360891054387,0.003326077307742438,
dbd69d729e,40000,567,1808730,18087.3,101.12547050890439,1.212955749083039e-18,0.004421360891054387,0.0037782586950844818,
dbd69d729e,40000,568,1811920,18119.2,101.12547050890439,1.2412069251821915e-18,0.004421360891054387,0.0034335414760270065,
dbd69d729e,40000,569,1815110,18151.1,101.12547050890439,1.4161336577495752e-18,0.004421360891054387,0.003418465298689491,
dbd69d729e,40000,570,1818300,18183.0,101.12547050890439,5.606243516413407e-17,0.004421360891054387,0.0032444386945355446,
dbd69d729e,40000,571,1821490,18214.9,101.12547050890439,5.121434507388423e-18,0.004421360891054387,0.00375423261253563,
dbd69d729e,40000,572,1824680,18246.8,101.12547050890439,9.476792794313614e-19,0.004421360891054387,0.003909299266471889,
dbd69d729e,40000,573,1827870,18278.7,101.12547050890439,5.076869809700889e-18,0.004421360891054387,0.0031829530706225483,
dbd69d729e,40000,574,1831060,18310.6,101.12547050890439,3.186761842730392e-18,0.004421360891054387,0.0034326373220206576,
dbd69d729e,40000,575,1834250,18342.5,101.12547050890439,1.2924516442584164e-18,0.004421360891054387,0.0033318596472586143,
dbd69d729e,40000,576,1837440,18374.4,101.12547050890439,5.0513419331347774e-18,0.004421360891054387,0.003421479379259622,
dbd69d729e,40000,577,1840630,18406.3,101.12547050890439,4.585714601856797e-18,0.004421360891054387,0.003299519428973627,
dbd69d729e,40000,578,1843820,18438.2,101.12547050890439,1.6939135939800621e-18,0.004421360891054387,0.0034636472734130815,
dbd69d729e,40000,579,1847010,18470.1,101.12547050890439,1.6228675176987884e-18,0.004421360891054387,0.003597677006817587,
dbd69d729e,40000,580,1850200,18502.0,101.12547050890439,5.028634776694542e-18,0.004421360891054387,0.0032557506893234086,
dbd69d729e,40000,581,1853390,18533.9,101.12547050890439,5.0247828281131455e-18,0.004421360891054387,0.003330703324627974,
dbd69d729e,40000,582,1856580,18565.8,101.12547050890439,6.419054176617004e-18,0.004421360891054387,0.0035840236580855145,
dbd69d729e,40000,583,1859770,18597.7,101.12547050890439,1.5264340856649229e-18,0.004421360891054387,0.0035177431781806133,
dbd69d729e,40000,584,1862960,18629.6,101.12547050890439,1.4562391007168576e-18,0.004421360891054387,0.0035879780041407783,
dbd69d729e,40000,585,1866150,18661.5,101.12547050890439,5.011757912302979e-18,0.004421360891054387,0.0033686138187197217,
dbd69d729e,40000,586,1869340,18693.4,101.12547050890439,2.7982453649059626e-18,0.004421360891054387,0.0035929701322577412,
dbd69d729e,40000,587,1872530,18725.3,101.12547050890439,1.772935068855955e-18,0.004421360891054387,0.003584736883606904,
dbd69d729e,40000,588,1875720,18757.2,101.12547050890439,2.0847324350781643e-18,0.004421360891054387,0.0033009730246546403,
dbd69d729e,40000,589,1878910,18789.1,101.12547050890439,1.2516947475561585e-18,0.004421360891054387,0.0032148898983111996,
dbd69d729e,40000,590,1882100,18821.0,101.12547050890439,8.74067935889616e-19,0.004421360891054387,0.003328138077441032,
dbd69d729e,40000,591,1885290,18852.9,101.12547050890439,1.1899615031855426e-18,0.004421360891054387,0.0034828675827238333,
dbd69d729e,40000,592,1888480,18884.8,101.12547050890439,2.306212168094196e-18,0.004421360891054387,0.003537137024736859,
dbd69d729e,40000,593,1891670,18916.7,101.12547050890439,1.620599199033516e-18,0.004421360891054387,0.003336175915533576,
dbd69d729e,40000,594,1894860,18948.6,101.12547050890439,8.5415286979889805e-19,0.004421360891054387,0.003496115709074335,
dbd69d729e,40000,595,1898050,18980.5,101.12547050890439,5.075993398736648e-17,0.004421360891054387,0.003496953341309863,
dbd69d729e,40000,596,1901240,19012.4,101.12547050890439,4.5435256601093444e-18,0.004421360891054387,0.0033598813975579973,
dbd69d729e,40000,597,1904430,19044.3,101.12547050890439,1.4070686224780174e-18,0.004421360891054387,0.0033310125460235406,
dbd69d729e,40000,598,1907620,19076.2,101.12547050890439,1.2552012531116558e-17,0.004421360891054387,0.0033542721596858814,
dbd69d729e,40000,599,1910810,19108.1,101.12547050890439,9.686176033595442e-19,0.004421360891054387,0.0036474997985860153,
dbd69d729e,40000,600,1914000,19140.0,101.12547050890439,1.0173259257093642e-17,0.004421360891054387,0.003715454251540294,
dbd69d729e,40000,601,1917190,19171.9,101.12547050890439,3.580071339618041e-17,0.004421360891054387,0.0036114255423079166,
dbd69d729e,40000,602,1920380,19203.8,101.12547050890439,3.729105748479087e-17,0.004421360891054387,0.003589754573943705,
dbd69d729e,40000,603,1923570,19235.7,101.12547050887123,1.0183055083347096e-17,0.004461852504645103,0.003774365543298724,
dbd69d729e,40000,604,1926760,19267.6,101.12547050887123,6.058460975927429e-18,0.004461852504645103,0.0036289467376451044,
dbd69d729e,40000,605,1929950,19299.5,101.12547050887123,1.2853665790130396e-18,0.004461852504645103,0.003671710755569501,
dbd69d729e,40000,606,1933140,19331.4,101.12547050887123,2.533529788005801e-18,0.004461852504645103,0.0031536298813328286,
dbd69d729e,40000,607,1936330,19363.3,101.12547050887123,1.1705781035341785e-18,0.004461852504645103,0.0036280317601164076,
dbd69d729e,40000,608,1939520,19395.2,101.12547050887123,2.5310061868032303e-18,0.004461852504645103,0.003402025953912527,
dbd69d729e,40000,609,1942710,19427.1,101.12547050887123,1.4351710570280966e-18,0.004461852504645103,0.003287854958299297,
dbd69d729e,40000,610,1945900,19459.0,101.12547050887123,1.4842056017211314e-18,0.004461852504645103,0.0034437138407229177,
dbd69d729e,40000,611,1949090,19490.9,101.12547050887123,2.5281966150688048e-18,0.004461852504645103,0.0035232727885233634,
dbd69d729e,40000,612,1952280,19522.8,101.12547050887123,1.0606250553362857e-18,0.004461852504645103,0.003377750493801725,
dbd69d729e,40000,613,1955470,19554.7,101.12547050887123,3.8526813917945906e-17,0.004461852504645103,0.003539731152199365,
dbd69d729e,40000,614,1958660,19586.6,101.12547050887123,3.633534171388613e-18,0.004461852504645103,0.0034459013672867972,
dbd69d729e,40000,615,1961850,19618.5,101.12547050887123,1.0843948406427954e-17,0.004461852504645103,0.0034611894334140286,
dbd69d729e,40000,616,1965040,19650.4,101.12547050887123,5.135156504690576e-18,0.004461852504645103,0.003762135834179349,
dbd69d729e,40000,617,1968230,19682.3,101.12547050887123,8.630452130456149e-19,0.004461852504645103,0.00331942559243675,
dbd69d729e,40000,618,1971420,19714.2,101.12547050887123,1.1522084881153987e-18,0.004461852504645103,0.0034395755550016226,
dbd69d729e,40000,619,1974610,19746.1,101.12547050887123,9.327340430661347e-19,0.004461852504645103,0.003459201391552555,
dbd69d729e,40000,620,1977800,19778.0,101.12547050887123,1.4452335020298025e-18,0.004461852504645103,0.003643497871073555,
dbd69d729e,40000,621,1980990,19809.9,101.12547050887123,1.3870534302604355e-18,0.004461852504645103,0.0036427552099735153,
dbd69d729e,40000,622,1984180,19841.8,101.12547050887123,1.8990699446758895e-18,0.004461852504645103,0.0035426798074558443,
dbd69d729e,40000,623,1987370,19873.7,101.12547050887123,1.5880613194264221e-18,0.004461852504645103,0.0032348458294556496,
dbd69d729e,40000,624,1990560,19905.6,101.12547050887123,9.132215031041655e-19,0.004461852504645103,0.003336328785995972,
dbd69d729e,40000,625,1993750,19937.5,101.12547050887123,1.0191080121892737e-17,0.004461852504645103,0.0036063830903450256,
dbd69d729e,40000,626,1996940,19969.4,101.12547050887123,6.122575090722991e-18,0.004461852504645103,0.003246784766517612,
dbd69d729e,40000,627,2000130,20001.3,101.12547050887123,5.2595178544421415e-18,0.004461852504645103,0.003089998170824155,
dbd69d729e,40000,628,2003320,20033.2,101.12547050887123,9.992901420635858e-19,0.004461852504645103,0.0031303060891195145,
dbd69d729e,40000,629,2006510,20065.1,101.12547050887123,1.2259665647887506e-18,0.004461852504645103,0.003145985063733305,
dbd69d729e,40000,630,2009700,20097.0,101.12547050887123,1.2706505765775775e-18,0.004461852504645103,0.003277833014961607,
dbd69d729e,40000,631,2012890,20128.9,101.12547050887123,9.443907406428114e-19,0.004461852504645103,0.003743485147121529,
dbd69d729e,40000,632,2016080,20160.8,101.12547050887123,1.3801681481425546e-18,0.004461852504645103,0.0033111716664979093,
dbd69d729e,40000,633,2019270,20192.7,101.12547050887123,1.3804780918847073e-18,0.004461852504645103,0.003729888587144923,
dbd69d729e,40000,634,2022460,20224.6,101.12547050887123,1.4733208573790014e-18,0.004461852504645103,0.0036552912015755073,
dbd69d729e,40000,635,2025650,20256.5,101.12547050887123,1.8247713688317568e-18,0.004461852504645103,0.0034041677713588445,
dbd69d729e,40000,636,2028840,20288.4,101.12547050887123,1.2839118696734861e-18,0.004461852504645103,0.0033737348404699503,
dbd69d729e,40000,637,2032030,20320.3,101.12547050887123,1.4753972641576249e-18,0.004461852504645103,0.0033894706117007342,
dbd69d729e,40000,638,2035220,20352.2,101.12547050887123,2.3031074007813416e-18,0.004461852504645103,0.0034629961202561213,
dbd69d729e,40000,639,2038410,20384.1,101.12547050887123,1.6126789665430593e-18,0.004461852504645103,0.0036338432735482126,
dbd69d729e,40000,640,2041600,20416.0,101.12547050887123,3.805093920017543e-17,0.004461852504645103,0.0034814134240622467,
dbd69d729e,40000,641,2044790,20447.9,101.12547050887123,1.3143724993615775e-17,0.004461852504645103,0.0032155492133987,
dbd69d729e,40000,642,2047980,20479.8,101.12547050887123,1.5052538466044614e-18,0.004461852504645103,0.0034305869230049535,
dbd69d729e,40000,643,2051170,20511.7,101.12547050887123,4.116952065620133e-17,0.004461852504645103,0.003139806384567635,
dbd69d729e,40000,644,2054360,20543.6,101.12547050887123,1.2143548062810789e-17,0.004461852504645103,0.002968154366744952,
dbd69d729e,40000,645,2057550,20575.5,101.12547050887123,4.237334413207681e-18,0.004461852504645103,0.003479310001609439,
dbd69d729e,40000,646,2060740,20607.4,101.12547050887123,5.12072001958886e-18,0.004461852504645103,0.003417694215435502,
dbd69d729e,40000,647,2063930,20639.3,101.12547050887123,1.0762600552142719e-17,0.004461852504645103,0.0029750120349177024,
dbd69d729e,40000,648,2067120,20671.2,101.12547050887123,1.442612243264892e-18,0.004461852504645103,0.0034117953028152495,
dbd69d729e,40000,649,2070310,20703.1,101.12547050887123,1.251176850351578e-18,0.004461852504645103,0.0033793177959311363,
dbd69d729e,40000,650,2073500,20735.0,101.12547050887123,1.715800612363366e-18,0.004461852504645103,0.0032470223808570803,
dbd69d729e,40000,651,2076690,20766.9,101.12547050887123,1.8710441219934806e-18,0.004461852504645103,0.003366918400605142,
dbd69d729e,40000,652,2079880,20798.8,101.12547050887123,1.184400337613035e-18,0.004461852504645103,0.0030991288010725976,
dbd69d729e,40000,653,2083070,20830.7,101.12547050887123,1.1543262973284979e-18,0.004461852504645103,0.00324698468726653,
dbd69d729e,40000,654,2086260,20862.6,101.12547050887123,1.8440334742990097e-18,0.004461852504645103,0.0036528132851525777,
dbd69d729e,40000,655,2089450,20894.5,101.12547050887123,9.174102686634986e-19,0.004461852504645103,0.0033579098262450087,
dbd69d729e,40000,656,2092640,20926.4,101.12547050887123,1.0373276445749889e-18,0.004461852504645103,0.0034427723707576067,
dbd69d729e,40000,657,2095830,20958.3,101.12547050887123,3.995424484263649e-17,0.004461852504645103,0.003639704661520248,
dbd69d729e,40000,658,2099020,20990.2,101.12547050887123,3.988268252283457e-17,0.004461852504645103,0.0030981936715705955,
dbd69d729e,40000,659,2102210,21022.1,101.12547050887123,2.1964866209569467e-17,0.004461852504645103,0.003452968034652713,
dbd69d729e,40000,660,2105400,21054.0,101.12547050887123,7.40884980670569e-18,0.004461852504645103,0.0036457356478250594,
dbd69d729e,40000,661,2108590,21085.9,101.12547050887123,1.0279966985287417e-17,0.004461852504645103,0.003442903012014322,
dbd69d729e,40000,662,2111780,21117.8,101.12547050887123,1.2636325764680554e-17,0.004461852504645103,0.003267984130628824,
dbd69d729e,40000,663,2114970,21149.7,101.12547050887123,1.0229975280343862e-17,0.004461852504645103,0.0031451300071117026,
dbd69d729e,40000,664,2118160,21181.6,101.12547050887123,3.024131164129644e-17,0.004461852504645103,0.0033389556168152905,
dbd69d729e,40000,665,2121350,21213.5,101.1254705088676,6.4410015431664324e-18,0.004453547425022779,0.0032261525819817023,
dbd69d729e,40000,666,2124540,21245.4,101.1254705088676,9.525980699027639e-19,0.004453547425022779,0.0034042758915517665,
dbd69d729e,40000,667,2127730,21277.3,101.1254705088676,8.447344234748513e-19,0.004453547425022779,0.003534031421380953,
dbd69d729e,40000,668,2130920,21309.2,101.1254705088676,2.590338753273321e-18,0.004453547425022779,0.0037597124238393587,
dbd69d729e,40000,669,2134110,21341.1,101.1254705088676,1.736910151930464e-17,0.004453547425022779,0.0035606795025960314,
dbd69d729e,40000,670,2137300,21373.0,101.1254705088676,3.3782805500586914e-17,0.004453547425022779,0.003586472941369107,
dbd69d729e,40000,671,2140490,21404.9,101.1254705088676,9.363858495574379e-18,0.004453547425022779,0.0034124570982202664,
dbd69d729e,40000,672,2143680,21436.8,101.1254705088676,4.215792823684197e-18,0.004453547425022779,0.0031332195403445734,
dbd69d729e,40000,673,2146870,21468.7,101.1254705088676,1.545291583527957e-18,0.004453547425022779,0.003768111809905814,
dbd69d729e,40000,674,2150060,21500.6,101.1254705088676,8.56746885952053e-19,0.004453547425022779,0.0031731676266640203,
dbd69d729e,40000,675,2153250,21532.5,101.1254705088676,1.2362834009135457e-18,0.004453547425022779,0.0035016363519107057,
dbd69d729e,40000,676,2156440,21564.4,101.1254705088676,9.252667021018656e-19,0.004453547425022779,0.0036185630129794656,
dbd69d729e,40000,677,2159630,21596.3,101.1254705088676,4.0883258521070066e-17,0.004453547425022779,0.0034639681605452047,
dbd69d729e,40000,678,2162820,21628.2,101.1254705088676,1.168526565492003e-17,0.004453547425022779,0.0037160416251698658,
dbd69d729e,40000,679,2166010,21660.1,101.1254705088676,4.547614527799112e-18,0.004453547425022779,0.003805613085797842,
dbd69d729e,40000,680,2169200,21692.0,101.1254705088676,1.8199544735793748e-17,0.004453547425022779,0.0034811449003154843,
dbd69d729e,40000,681,2172390,21723.9,101.1254705088676,2.837880175942398e-17,0.004453547425022779,0.0032189101894239598,
dbd69d729e,40000,682,2175580,21755.8,101.1254705088676,1.3999361631944638e-18,0.004453547425022779,0.003256380867464494,
dbd69d729e,40000,683,2178770,21787.7,101.1254705088676,3.8245939388313174e-18,0.004453547425022779,0.003224967213863713,
dbd69d729e,40000,684,2181960,21819.6,101.1254705088676,2.3633618773349553e-17,0.004453547425022779,0.0035733978195220634,
dbd69d729e,40000,685,2185150,21851.5,101.1254705088676,1.5062989732779167e-18,0.004453547425022779,0.0032497281966256493,
dbd69d729e,40000,686,2188340,21883.4,101.1254705088676,6.2590092982493015e-18,0.004453547425022779,0.0034309446613239015,
dbd69d729e,40000,687,2191530,21915.3,101.1254705088676,9.876249972684476e-19,0.004453547425022779,0.0033575381288843847,
dbd69d729e,40000,688,2194720,21947.2,101.1254705088676,4.0571389201449325e-18,0.004453547425022779,0.0033936889734986994,
dbd69d729e,40000,689,2197910,21979.1,101.1254705088676,1.4448653597788717e-18,0.004453547425022779,0.0031117930383522986,
dbd69d729e,40000,690,2201100,22011.0,101.1254705088676,1.1071054134138365e-18,0.004453547425022779,0.003817348284566318,
dbd69d729e,40000,691,2204290,22042.9,101.1254705088676,1.0203631408211562e-17,0.004453547425022779,0.00372427944497299,
dbd69d729e,40000,692,2207480,22074.8,101.1254705088676,3.725973700608466e-18,0.004453547425022779,0.0036850773901412324,
dbd69d729e,40000,693,2210670,22106.7,101.1254705088676,2.6409270102961203e-18,0.004453547425022779,0.003222615703454966,
dbd69d729e,40000,694,2213860,22138.6,101.1254705088676,1.217113977074431e-18,0.004453547425022779,0.003514591751912692,
dbd69d729e,40000,695,2217050,22170.5,101.1254705088676,1.5105661524056384e-18,0.004453547425022779,0.003434160285962498,
dbd69d729e,40000,696,2220240,22202.4,101.1254705088676,2.840592681810537e-18,0.004453547425022779,0.0031941334957691536,
dbd69d729e,40000,697,2223430,22234.3,101.1254705088676,9.414166278611496e-19,0.004453547425022779,0.0036331152453708336,
dbd69d729e,40000,698,2226620,22266.2,101.1254705088676,1.2374127507912479e-18,0.004453547425022779,0.003423947537374138,
dbd69d729e,40000,699,2229810,22298.1,101.1254705088676,7.045778357489139e-19,0.004453547425022779,0.003070149921872381,
dbd69d729e,40000,700,2233000,22330.0,101.1254705088676,9.496325885331209e-19,0.004453547425022779,0.0034706752288593953,
dbd69d729e,40000,701,2236190,22361.9,101.1254705088676,1.0743730499425814e-18,0.004453547425022779,0.0035017102857420003,
dbd69d729e,40000,702,2239380,22393.8,101.1254705088676,1.7187195957845595e-18,0.004453547425022779,0.0032607770147804207,
dbd69d729e,40000,703,2242570,22425.7,101.1254705088676,1.618823850873517e-18,0.004453547425022779,0.0030693446700980373,
dbd69d729e,40000,704,2245760,22457.6,101.1254705088676,1.3279119484461612e-18,0.004453547425022779,0.0033357562906943493,
dbd69d729e,40000,705,2248950,22489.5,101.1254705088676,2.4334612255506867e-18,0.004453547425022779,0.003735262170770945,
dbd69d729e,40000,706,2252140,22521.4,101.1254705088676,1.4108470825143605e-18,0.004453547425022779,0.0034007877286661233,
dbd69d729e,40000,707,2255330,22553.3,101.1254705088676,1.1769672129661737e-18,0.004453547425022779,0.003323740402524363,
dbd69d729e,40000,708,2258520,22585.2,101.1254705088676,1.5186092103113847e-18,0.004453547425022779,0.003522814668224432,
dbd69d729e,40000,709,2261710,22617.1,101.1254705088676,7.948472199899991e-19,0.004453547425022779,0.0032989087550675147,
dbd69d729e,40000,710,2264900,22649.0,101.1254705088676,4.851428385062766e-17,0.004453547425022779,0.0036120811780212202,
dbd69d729e,40000,711,2268090,22680.9,101.12547050886745,8.438695087712181e-18,0.004444708548038022,0.003113864383665473,
dbd69d729e,40000,712,2271280,22712.8,101.12547050886745,1.7974101707544136e-18,0.004444708548038022,0.0036523024940133164,
dbd69d729e,40000,713,2274470,22744.7,101.12547050886745,8.50283248344272e-18,0.004444708548038022,0.0036263803589343933,
dbd69d729e,40000,714,2277660,22776.6,101.12547050886745,1.0285139151062473e-18,0.004444708548038022,0.0035256770294866593,
dbd69d729e,40000,715,2280850,22808.5,101.12547050886745,1.7491231702884575e-18,0.004444708548038022,0.003701548669243342,
dbd69d729e,40000,716,2284040,22840.4,101.12547050886745,8.808624541938991e-19,0.004444708548038022,0.00366153492184765,
dbd69d729e,40000,717,2287230,22872.3,101.12547050886745,4.070188742060904e-17,0.004444708548038022,0.002861674139284573,
dbd69d729e,40000,718,2290420,22904.2,101.12547050886745,3.583532910779058e-18,0.004444708548038022,0.0037362526564608174,
dbd69d729e,40000,719,2293610,22936.1,101.12547050886745,1.0129125206860228e-17,0.004444708548038022,0.003419522337344334,
dbd69d729e,40000,720,2296800,22968.0,101.12547050886745,2.5641688175560518e-17,0.004444708548038022,0.003084076367377338,
dbd69d729e,40000,721,2299990,22999.9,101.12547050886745,1.2283208189263797e-17,0.004444708548038022,0.003573761427658319,
dbd69d729e,40000,722,2303180,23031.8,101.12547050886745,1.0110483185120946e-17,0.004444708548038022,0.003459040237260088,
dbd69d729e,40000,723,2306370,23063.7,101.12547050886745,1.0097155691536636e-17,0.004444708548038022,0.0035972882958594634,
dbd69d729e,40000,724,2309560,23095.6,101.12547050886745,4.254879590969696e-18,0.004444708548038022,0.0032490807951289996,
dbd69d729e,40000,725,2312750,23127.5,101.12547050886745,4.484192463462819e-17,0.004444708548038022,0.003654276418967935,
dbd69d729e,40000,726,2315940,23159.4,101.12547050886745,1.9654414019418515e-17,0.004444708548038022,0.0033859778836551634,
dbd69d729e,40000,727,2319130,23191.3,101.12547050886745,7.153911108576325e-18,0.004444708548038022,0.0034622376608494936,
dbd69d729e,40000,728,2322320,23223.2,101.12547050886745,1.221573211034488e-18,0.004444708548038022,0.003336929728655375,
dbd69d729e,40000,729,2325510,23255.1,101.12547050886745,8.736932486053046e-19,0.004444708548038022,0.0035041987271296877,
dbd69d729e,40000,730,2328700,23287.0,101.12547050886745,1.1603964769688476e-18,0.004444708548038022,0.0037239646554981616,
dbd69d729e,40000,731,2331890,23318.9,101.12547050886745,1.219731905150939e-18,0.004444708548038022,0.003347775175325844,
dbd69d729e,40000,732,2335080,23350.8,101.12547050886745,2.7570897750423705e-17,0.004444708548038022,0.003176274200160771,
dbd69d729e,40000,733,2338270,23382.7,101.12547050886745,2.3154162964486392e-17,0.004444708548038022,0.0036679146594631286,
dbd69d729e,40000,734,2341460,23414.6,101.12547050886745,7.124131283284408e-18,0.004444708548038022,0.003625983422734303,
dbd69d729e,40000,735,2344650,23446.5,101.12547050886745,1.3365944167185109e-17,0.004444708548038022,0.0035407815837053213,
dbd69d729e,40000,736,2347840,23478.4,101.12547050886745,1.0172777615270753e-17,0.004444708548038022,0.0036343978345984764,
dbd69d729e,40000,737,2351030,23510.3,101.12547050886745,2.893604922706303e-18,0.004444708548038022,0.003445710937256305,
dbd69d729e,40000,738,2354220,23542.2,101.12547050886745,1.3544719227519518e-18,0.004444708548038022,0.0034328643683730884,
dbd69d729e,40000,739,2357410,23574.1,101.12547050886745,1.0885247169575187e-18,0.004444708548038022,0.0037070307213564295,
dbd69d729e,40000,740,2360600,23606.0,101.12547050886745,1.1845871571317287e-18,0.004444708548038022,0.003704070701314411,
dbd69d729e,40000,741,2363790,23637.9,101.12547050886745,1.6046302058108338e-18,0.004444708548038022,0.003337192047475337,
dbd69d729e,40000,742,2366980,23669.8,101.12547050886745,1.7832510478254585e-18,0.004444708548038022,0.0033122033842698834,
dbd69d729e,40000,743,2370170,23701.7,101.12547050886745,1.0096842851757326e-17,0.004444708548038022,0.003313032772367032,
dbd69d729e,40000,744,2373360,23733.6,101.12547050886745,3.1692052889691504e-18,0.004444708548038022,0.0035431743935690953,
dbd69d729e,40000,745,2376550,23765.5,101.12547050886745,3.693708435752983e-18,0.004444708548038022,0.003707968395666195,
dbd69d729e,40000,746,2379740,23797.4,101.12547050886745,1.0064188214935332e-18,0.004444708548038022,0.003606782025751472,
dbd69d729e,40000,747,2382930,23829.3,101.12547050886745,2.6331791596567737e-17,0.004444708548038022,0.0036941476265441252,
dbd69d729e,40000,748,2386120,23861.2,101.12547050886745,7.061082640439692e-18,0.004444708548038022,0.0034409503259681365,
dbd69d729e,40000,749,2389310,23893.1,101.12547050886745,1.648453724505394e-18,0.004444708548038022,0.0033038885682520735,
dbd69d729e,40000,750,2392500,23925.0,101.12547050886745,1.398607936708411e-18,0.004444708548038022,0.003320855129923907,
dbd69d729e,40000,751,2395690,23956.9,101.12547050886745,2.2881700959308738e-17,0.004444708548038022,0.0034857444005911356,
dbd69d729e,40000,752,2398880,23988.8,101.12547050886745,8.998867901957694e-19,0.004444708548038022,0.003176018633456655,
dbd69d729e,40000,753,2402070,24020.7,101.12547050886745,8.613663841157012e-19,0.004444708548038022,0.0035588306135373995,
dbd69d729e,40000,754,2405260,24052.6,101.12547050886745,8.551188384208758e-19,0.004444708548038022,0.0035163384261856978,
dbd69d729e,40000,755,2408450,24084.5,101.12547050886745,4.613333049620511e-18,0.004444708548038022,0.0036167407551665975,
dbd69d729e,40000,756,2411640,24116.4,101.12547050886745,9.35701859963091e-18,0.004444708548038022,0.0033930744892776473,
dbd69d729e,40000,757,2414830,24148.3,101.12547050886745,1.0141952688225031e-17,0.004444708548038022,0.0034258454625445607,
dbd69d729e,40000,758,2418020,24180.2,101.12547050886745,7.844449590427481e-18,0.004444708548038022,0.003553624113916968,
dbd69d729e,40000,759,2421210,24212.1,101.12547050886745,8.438194209110398e-19,0.004444708548038022,0.0037313453369685447,
dbd69d729e,40000,760,2424400,24244.0,101.12547050886745,2.525492254392835e-18,0.004444708548038022,0.003392835947465677,
dbd69d729e,40000,761,2427590,24275.9,101.12547050886745,1.658633910076079e-18,0.004444708548038022,0.003528858304872715,
dbd69d729e,40000,762,2430780,24307.8,101.12547050886745,1.0862716523364329e-18,0.004444708548038022,0.003644812995514389,
dbd69d729e,40000,763,2433970,24339.7,101.12547050886745,1.0101898349966341e-17,0.004444708548038022,0.003434138266874289,
dbd69d729e,40000,764,2437160,24371.6,101.12547050886745,6.126901719415644e-18,0.004444708548038022,0.003614550134744408,
dbd69d729e,40000,765,2440350,24403.5,101.12547050886745,1.4590550446212041e-18,0.004444708548038022,0.003416352694120972,
dbd69d729e,40000,766,2443540,24435.4,101.12547050886745,1.2758420735897345e-18,0.004444708548038022,0.0032988114239715562,
dbd69d729e,40000,767,2446730,24467.3,101.12547050886745,1.0426602205616656e-18,0.004444708548038022,0.0034995767992501738,
dbd69d729e,40000,768,2449920,24499.2,101.12547050886745,1.0083394917518869e-17,0.004444708548038022,0.0035197918086444487,
dbd69d729e,40000,769,2453110,24531.1,101.12547050886745,4.747019134590043e-18,0.004444708548038022,0.0037006491389459037,
dbd69d729e,40000,770,2456300,24563.0,101.12547050886745,5.315113994562703e-18,0.004444708548038022,0.0036357737224505977,
dbd69d729e,40000,771,2459490,24594.9,101.12547050886745,1.1473885723282507e-18,0.004444708548038022,0.003087453729549284,
dbd69d729e,40000,772,2462680,24626.8,101.12547050886745,2.7577399219498017e-18,0.004444708548038022,0.0029996410507389685,
dbd69d729e,40000,773,2465870,24658.7,101.12547050886745,9.162905359192636e-19,0.004444708548038022,0.0036814919836955355,
dbd69d729e,40000,774,2469060,24690.6,101.12547050886745,9.974838300543472e-19,0.004444708548038022,0.0035910643981716135,
dbd69d729e,40000,775,2472250,24722.5,101.12547050886745,1.035189593595947e-18,0.004444708548038022,0.0032577936693841875,
dbd69d729e,40000,776,2475440,24754.4,101.12547050886745,9.632315124496696e-19,0.004444708548038022,0.0036779992695085625,
dbd69d729e,40000,777,2478630,24786.3,101.12547050886745,4.323693125545772e-18,0.004444708548038022,0.003251554099406319,
dbd69d729e,40000,778,2481820,24818.2,101.12547050886745,1.0062594316810474e-17,0.004444708548038022,0.003253091173089137,
dbd69d729e,40000,779,2485010,24850.1,101.12547050886745,3.1390353762347598e-18,0.004444708548038022,0.003631627124776597,
dbd69d729e,40000,780,2488200,24882.0,101.12547050886745,1.1959299929814184e-18,0.004444708548038022,0.0033261450037462155,
dbd69d729e,40000,781,2491390,24913.9,101.12547050886745,1.1698710633229177e-18,0.004444708548038022,0.0036232684639319356,
dbd69d729e,40000,782,2494580,24945.8,101.12547050886745,8.584683335356512e-19,0.004444708548038022,0.0031894483667171403,
dbd69d729e,40000,783,2497770,24977.7,101.12547050886745,2.2835401996816872e-17,0.004444708548038022,0.0035864447806001104,
dbd69d729e,40000,784,2500960,25009.6,101.12547050886745,8.429433845534894e-19,0.004444708548038022,0.0032799199290458932,
dbd69d729e,40000,785,2504150,25041.5,101.12547050886745,8.648293402942987e-19,0.004444708548038022,0.003561697008452082,
dbd69d729e,40000,786,2507340,25073.4,101.12547050886745,2.8450773218574118e-18,0.004444708548038022,0.0031808057043738736,
dbd69d729e,40000,787,2510530,25105.3,101.12547050886745,2.0104621403081595e-17,0.004444708548038022,0.00312147678114442,
dbd69d729e,40000,788,2513720,25137.2,101.12547050886745,1.7053943857929822e-17,0.004444708548038022,0.0034509221860132932,
dbd69d729e,40000,789,2516910,25169.1,101.12547050886745,5.2476745394102154e-18,0.004444708548038022,0.003622325031002521,
dbd69d729e,40000,790,2520100,25201.0,101.12547050886745,4.1884071940397416e-17,0.004444708548038022,0.0035378786332819706,
dbd69d729e,40000,791,2523290,25232.9,101.12547050886745,1.595842666134818e-17,0.004444708548038022,0.0035326712037042833,
dbd69d729e,40000,792,2526480,25264.8,101.12547050886745,2.9798160311563577e-18,0.004444708548038022,0.003119382618184428,
dbd69d729e,40000,793,2529670,25296.7,101.12547050886745,7.31776701228975e-18,0.004444708548038022,0.0034418877265334795,
dbd69d729e,40000,794,2532860,25328.6,101.12547050886745,5.328255947991478e-18,0.004444708548038022,0.0036459619171010653,
dbd69d729e,40000,795,2536050,25360.5,101.12547050886745,1.0552279342053599e-18,0.004444708548038022,0.003524081425372079,
dbd69d729e,40000,796,2539240,25392.4,101.12547050886745,1.3105550279014648e-18,0.004444708548038022,0.003185587160669605,
dbd69d729e,40000,797,2542430,25424.3,101.12547050886745,3.1059381003467526e-17,0.004444708548038022,0.0033817358414273556,
dbd69d729e,40000,798,2545620,25456.2,101.12547050886745,4.18455158685948e-18,0.004444708548038022,0.003424615087307695,
dbd69d729e,40000,799,2548810,25488.1,101.12547050886745,3.978977435233127e-17,0.004444708548038022,0.0033614657358848055,
dbd69d729e,40000,800,2552000,25520.0,101.12547050886745,4.574407233723155e-17,0.004444708548038022,0.003555384763446333,
dbd69d729e,40000,801,2555190,25551.9,101.12547050885203,1.0773728652622505e-17,0.00444262403448228,0.0033810205207329795,
dbd69d729e,40000,802,2558380,25583.8,101.12547050885203,8.655505288002028e-18,0.00444262403448228,0.003497379648054825,
dbd69d729e,40000,803,2561570,25615.7,101.12547050885203,8.506227743677626e-19,0.00444262403448228,0.0032099658479907995,
dbd69d729e,40000,804,2564760,25647.6,101.12547050885203,1.572725470306345e-18,0.00444262403448228,0.003253593030696382,
dbd69d729e,40000,805,2567950,25679.5,101.12547050885203,1.3759241517718432e-18,0.00444262403448228,0.003207672961795447,
dbd69d729e,40000,806,2571140,25711.4,101.12547050885203,1.2178330877519662e-18,0.00444262403448228,0.003416597581236503,
dbd69d729e,40000,807,2574330,25743.3,101.12547050885203,8.170410391767029e-19,0.00444262403448228,0.0036196825215249503,
dbd69d729e,40000,808,2577520,25775.2,101.12547050885203,1.5373679295526254e-18,0.00444262403448228,0.0036534489317979982,
dbd69d729e,40000,809,2580710,25807.1,101.12547050885203,7.867593335026056e-18,0.00444262403448228,0.0036992056797485826,
dbd69d729e,40000,810,2583900,25839.0,101.12547050885203,1.8520001405690636e-18,0.00444262403448228,0.0034240402411523205,
dbd69d729e,40000,811,2587090,25870.9,101.12547050885203,1.6627421285973084e-17,0.00444262403448228,0.003708716994147351,
dbd69d729e,40000,812,2590280,25902.8,101.12547050885203,1.4679980166625972e-18,0.00444262403448228,0.0032727434620248015,
dbd69d729e,40000,813,2593470,25934.7,101.12547050885203,5.951368633563483e-18,0.00444262403448228,0.0032450244444667876,
dbd69d729e,40000,814,2596660,25966.6,101.12547050885203,8.381443238274634e-19,0.00444262403448228,0.00360501962222202,
dbd69d729e,40000,815,2599850,25998.5,101.12547050885203,1.4953261901783928e-18,0.00444262403448228,0.0030530772330474463,
dbd69d729e,40000,816,2603040,26030.4,101.12547050885203,1.3718854577793427e-17,0.00444262403448228,0.0032521018094664486,
dbd69d729e,40000,817,2606230,26062.3,101.12547050885203,1.4148798050317017e-18,0.00444262403448228,0.003456686410550226,
dbd69d729e,40000,818,2609420,26094.2,101.12547050885203,1.1940874864368354e-18,0.00444262403448228,0.003537108100711429,
dbd69d729e,40000,819,2612610,26126.1,101.12547050885203,7.48300213869387e-19,0.00444262403448228,0.0034518109234814532,
dbd69d729e,40000,820,2615800,26158.0,101.12547050885203,2.04550258132532e-17,0.00444262403448228,0.0034137713218606617,
dbd69d729e,40000,821,2618990,26189.9,101.12547050885203,5.935006874728025e-18,0.00444262403448228,0.0033157384052103812,
dbd69d729e,40000,822,2622180,26221.8,101.12547050885203,3.3068901258493125e-18,0.00444262403448228,0.002940639645222155,
dbd69d729e,40000,823,2625370,26253.7,101.12547050885203,1.4649791400983953e-18,0.00444262403448228,0.0035248834962758307,
dbd69d729e,40000,824,2628560,26285.6,101.12547050885203,9.732233884952106e-19,0.00444262403448228,0.003593784991074001,
dbd69d729e,40000,825,2631750,26317.5,101.12547050885203,8.774958421561813e-19,0.00444262403448228,0.0036037705683829107,
dbd69d729e,40000,826,2634940,26349.4,101.12547050885203,1.0130292086504908e-17,0.00444262403448228,0.0034177081813206037,
dbd69d729e,40000,827,2638130,26381.3,101.12547050885203,3.303312420746377e-18,0.00444262403448228,0.0034535571845797867,
dbd69d729e,40000,828,2641320,26413.2,101.12547050885203,9.476743755847387e-19,0.00444262403448228,0.003106461783855327,
dbd69d729e,40000,829,2644510,26445.1,101.12547050885203,8.77881234817685e-19,0.00444262403448228,0.003583762598171392,
dbd69d729e,40000,830,2647700,26477.0,101.12547050885203,3.1597872069270902e-18,0.00444262403448228,0.003494122748957536,
dbd69d729e,40000,831,2650890,26508.9,101.12547050885203,7.923138420216037e-19,0.00444262403448228,0.0035208071023106473,
dbd69d729e,40000,832,2654080,26540.8,101.12547050885203,1.369495004492532e-18,0.00444262403448228,0.0033797893024504746,
dbd69d729e,40000,833,2657270,26572.7,101.12547050885203,1.4878566877694105e-18,0.00444262403448228,0.0035915562846198677,
dbd69d729e,40000,834,2660460,26604.6,101.12547050885203,1.3951442495898352e-18,0.00444262403448228,0.0032747711473059687,
dbd69d729e,40000,835,2663650,26636.5,101.12547050885203,1.6957286144172184e-18,0.00444262403448228,0.0034888620585593207,
dbd69d729e,40000,836,2666840,26668.4,101.12547050885203,6.6428070510306834e-18,0.00444262403448228,0.0037148732277475743,
dbd69d729e,40000,837,2670030,26700.3,101.12547050885203,1.621430372889026e-18,0.00444262403448228,0.003236297339695117,
dbd69d729e,40000,838,2673220,26732.2,101.12547050885203,2.7075191070688663e-17,0.00444262403448228,0.003217959301059769,
dbd69d729e,40000,839,2676410,26764.1,101.12547050885203,1.3606412395522243e-17,0.00444262403448228,0.003261248524525008,
dbd69d729e,40000,840,2679600,26796.0,101.12547050885203,2.061912328929355e-17,0.00444262403448228,0.0032527128624544517,
dbd69d729e,40000,841,2682790,26827.9,101.12547050885203,1.2245729090028996e-18,0.00444262403448228,0.00366178033775728,
dbd69d729e,40000,842,2685980,26859.8,101.12547050885203,4.0205086246898114e-17,0.00444262403448228,0.0034145247344410544,
dbd69d729e,40000,843,2689170,26891.7,101.12547050885203,1.7202240595902648e-18,0.00444262403448228,0.0036434200591787904,
dbd69d729e,40000,844,2692360,26923.6,101.12547050885203,8.734926733423567e-19,0.00444262403448228,0.003424827627177143,
dbd69d729e,40000,845,2695550,26955.5,101.12547050885203,1.0520219164167226e-18,0.00444262403448228,0.0033622928246219938,
dbd69d729e,40000,846,2698740,26987.4,101.12547050885203,9.323314338202672e-19,0.00444262403448228,0.0036434922659308406,
dbd69d729e,40000,847,2701930,27019.3,101.12547050885203,8.304358674823738e-19,0.00444262403448228,0.003611590761475432,
dbd69d729e,40000,848,2705120,27051.2,101.12547050885203,8.6084348173905355e-19,0.00444262403448228,0.0037683396299681496,
dbd69d729e,40000,849,2708310,27083.1,101.12547050885203,1.1595790509731073e-18,0.00444262403448228,0.0034915382060851183,
dbd69d729e,40000,850,2711500,27115.0,101.12547050885203,1.5470283955986854e-18,0.00444262403448228,0.0033559148253372146,
dbd69d729e,40000,851,2714690,27146.9,101.12547050885203,1.2076429796385008e-17,0.00444262403448228,0.003025855974665762,
dbd69d729e,40000,852,2717880,27178.8,101.12547050885203,1.2001639474215789e-18,0.00444262403448228,0.0033655231001955125,
dbd69d729e,40000,853,2721070,27210.7,101.12547050885203,8.786489897781058e-18,0.00444262403448228,0.0034873276862093785,
dbd69d729e,40000,854,2724260,27242.6,101.12547050885203,8.812444554001622e-19,0.00444262403448228,0.0033433036982335974,
dbd69d729e,40000,855,2727450,27274.5,101.12547050885203,1.571803076096233e-18,0.00444262403448228,0.0035605170987390213,
dbd69d729e,40000,856,2730640,27306.4,101.12547050885203,1.0505765016795722e-18,0.00444262403448228,0.003819929241340546,
dbd69d729e,40000,857,2733830,27338.3,101.12547050885203,2.571451562815006e-18,0.00444262403448228,0.0031355617416106117,
dbd69d729e,40000,858,2737020,27370.2,101.12547050885203,1.1257579323340161e-18,0.00444262403448228,0.0035075508081947758,
dbd69d729e,40000,859,2740210,27402.1,101.12547050885203,1.7057575683973223e-18,0.00444262403448228,0.003805782508696968,
dbd69d729e,40000,860,2743400,27434.0,101.12547050885203,1.205207182319654e-18,0.00444262403448228,0.0036709413216238873,
dbd69d729e,40000,861,2746590,27465.9,101.12547050885203,1.5760929509911482e-18,0.00444262403448228,0.003581488974768531,
dbd69d729e,40000,862,2749780,27497.8,101.12547050885203,1.3120039181170955e-18,0.00444262403448228,0.00381741244113478,
dbd69d729e,40000,863,2752970,27529.7,101.12547050885203,2.524996917714164e-18,0.00444262403448228,0.003446042789483754,
dbd69d729e,40000,864,2756160,27561.6,101.12547050885203,2.0730318298716597e-18,0.00444262403448228,0.0035528443290946455,
dbd69d729e,40000,865,2759350,27593.5,101.12547050885203,8.83764122339864e-19,0.00444262403448228,0.0030800245583674744,
dbd69d729e,40000,866,2762540,27625.4,101.12547050885203,1.1145193056190882e-18,0.00444262403448228,0.003562022005212297,
dbd69d729e,40000,867,2765730,27657.3,101.12547050885203,1.8134869644207406e-17,0.00444262403448228,0.0033196274104539355,
dbd69d729e,40000,868,2768920,27689.2,101.12547050885203,2.0470450585699065e-17,0.00444262403448228,0.0032620156706043542,
dbd69d729e,40000,869,2772110,27721.1,101.12547050885203,1.0190066829663554e-17,0.00444262403448228,0.0034393002599143597,
dbd69d729e,40000,870,2775300,27753.0,101.12547050885203,1.8264066688618048e-18,0.00444262403448228,0.003064519164970541,
dbd69d729e,40000,871,2778490,27784.9,101.12547050885203,1.372013163423111e-17,0.00444262403448228,0.0035533167642203657,
dbd69d729e,40000,872,2781680,27816.8,101.12547050885203,4.5353351063318894e-18,0.00444262403448228,0.003405129532532358,
dbd69d729e,40000,873,2784870,27848.7,101.12547050885203,3.0410683322319886e-18,0.00444262403448228,0.0033151029787580537,
dbd69d729e,40000,874,2788060,27880.6,101.12547050885203,1.8086995606547717e-18,0.00444262403448228,0.0038560732774533452,
dbd69d729e,40000,875,2791250,27912.5,101.12547050885203,2.3940831846106168e-17,0.00444262403448228,0.0037938540958375754,
dbd69d729e,40000,876,2794440,27944.4,101.12547050885203,2.2573763561934315e-17,0.00444262403448228,0.003413828170946899,
dbd69d729e,40000,877,2797630,27976.3,101.12547050885203,1.3423113915332496e-18,0.00444262403448228,0.003527437294893385,
dbd69d729e,40000,878,2800820,28008.2,101.12547050885203,1.3018597361975488e-18,0.00444262403448228,0.0037229298061864625,
dbd69d729e,40000,879,2804010,28040.1,101.12547050885203,1.6284391627880705e-18,0.00444262403448228,0.003387340279444189,
dbd69d729e,40000,880,2807200,28072.0,101.12547050885203,8.965610131929888e-19,0.00444262403448228,0.0032229192913184965,
dbd69d729e,40000,881,2810390,28103.9,101.12547050885203,4.455497802027993e-17,0.00444262403448228,0.003144389606892446,
dbd69d729e,40000,882,2813580,28135.8,101.12547050885189,3.057255272299707e-18,0.004433785157497543,0.0033245792420562156,
dbd69d729e,40000,883,2816770,28167.7,101.12547050885189,1.748497757644066e-18,0.004433785157497543,0.0035789408313283053,
dbd69d729e,40000,884,2819960,28199.6,101.12547050885189,8.861176186989989e-19,0.004433785157497543,0.003400265142913182,
dbd69d729e,40000,885,2823150,28231.5,101.12547050885189,1.4633625533125951e-18,0.004433785157497543,0.0035533268262179407,
dbd69d729e,40000,886,2826340,28263.4,101.12547050885189,1.4471142132736538e-18,0.004433785157497543,0.003228996995645317,
dbd69d729e,40000,887,2829530,28295.3,101.12547050885189,4.5713295345481436e-17,0.004433785157497543,0.0036886891129802183,
dbd69d729e,40000,888,2832720,28327.2,101.12547050885189,1.1154506866992762e-17,0.004433785157497543,0.003496073115986809,
dbd69d729e,40000,889,2835910,28359.1,101.12547050885189,7.448970193100355e-18,0.004433785157497543,0.003645256112552671,
dbd69d729e,40000,890,2839100,28391.0,101.12547050885189,1.5835614162764308e-18,0.004433785157497543,0.0030557576248850804,
dbd69d729e,40000,891,2842290,28422.9,101.12547050885189,2.733565181438494e-18,0.004433785157497543,0.0036727228830673547,
dbd69d729e,40000,892,2845480,28454.8,101.12547050885189,1.2708959504863292e-18,0.004433785157497543,0.003387898108807161,
dbd69d729e,40000,893,2848670,28486.7,101.12547050885189,1.5090674090479193e-18,0.004433785157497543,0.0031819193195817552,
dbd69d729e,40000,894,2851860,28518.6,101.12547050885189,4.085313795411857e-17,0.004433785157497543,0.003429435994456951,
dbd69d729e,40000,895,2855050,28550.5,101.12547050885189,1.5592104302494276e-17,0.004433785157497543,0.003324838055676581,
dbd69d729e,40000,896,2858240,28582.4,101.12547050885189,8.506893176437905e-18,0.004433785157497543,0.003007904373178923,
dbd69d729e,40000,897,2861430,28614.3,101.12547050885189,2.4134866546328844e-18,0.004433785157497543,0.003609343341787344,
dbd69d729e,40000,898,2864620,28646.2,101.12547050885189,9.386954656445218e-18,0.004433785157497543,0.0034262332476083807,
dbd69d729e,40000,899,2867810,28678.1,101.12547050885189,5.967911510809565e-18,0.004433785157497543,0.0035768147972167407,
dbd69d729e,40000,900,2871000,28710.0,101.12547050885189,1.594088857713745e-18,0.004433785157497543,0.003325901412322598,
dbd69d729e,40000,901,2874190,28741.9,101.12547050885189,2.1841906515767517e-18,0.004433785157497543,0.003804423347169585,
dbd69d729e,40000,902,2877380,28773.8,101.12547050885189,1.2817643528137503e-18,0.004433785157497543,0.003617230216547609,
dbd69d729e,40000,903,2880570,28805.7,101.12547050885189,1.7196940617718062e-17,0.004433785157497543,0.003442955579120227,
dbd69d729e,40000,904,2883760,28837.6,101.12547050885189,1.4692996019416902e-18,0.004433785157497543,0.003757844953066653,
dbd69d729e,40000,905,2886950,28869.5,101.12547050885189,1.8606975630093993e-17,0.004433785157497543,0.0033916010180086447,
dbd69d729e,40000,906,2890140,28901.4,101.12547050885189,1.4889733020963737e-18,0.004433785157497543,0.0035373072782261257,
dbd69d729e,40000,907,2893330,28933.3,101.12547050885189,1.4348119493312085e-18,0.004433785157497543,0.0034284579289828483,
dbd69d729e,40000,908,2896520,28965.2,101.12547050885189,9.66876197461943e-19,0.004433785157497543,0.0035102136826718104,
dbd69d729e,40000,909,2899710,28997.1,101.12547050885189,9.369718682769485e-19,0.004433785157497543,0.0034615238579600383,
dbd69d729e,40000,910,2902900,29029.0,101.12547050885189,8.016120539124942e-18,0.004433785157497543,0.0031931005445747806,
dbd69d729e,40000,911,2906090,29060.9,101.12547050885189,7.91782798006026e-18,0.004433785157497543,0.0034989894855204733,
dbd69d729e,40000,912,2909280,29092.8,101.12547050885189,1.4626090327850849e-18,0.004433785157497543,0.0036312094667145154,
dbd69d729e,40000,913,2912470,29124.7,101.12547050885189,1.714164073498422e-18,0.004433785157497543,0.003532265236314134,
dbd69d729e,40000,914,2915660,29156.6,101.12547050885189,1.3515750363191898e-18,0.004433785157497543,0.0032142777774686057,
dbd69d729e,40000,915,2918850,29188.5,101.12547050885189,2.4689683324055532e-18,0.004433785157497543,0.0034938905535726625,
dbd69d729e,40000,916,2922040,29220.4,101.12547050885189,1.5925454104455955e-18,0.004433785157497543,0.0034689216141858105,
dbd69d729e,40000,917,2925230,29252.3,101.12547050885189,1.302454717343127e-18,0.004433785157497543,0.0033139342557458634,
dbd69d729e,40000,918,2928420,29284.2,101.12547050885189,3.3720361162779927e-18,0.004433785157497543,0.0037191661013352873,
dbd69d729e,40000,919,2931610,29316.1,101.12547050885189,9.520744200629286e-19,0.004433785157497543,0.0034740145656262105,
dbd69d729e,40000,920,2934800,29348.0,101.12547050885189,1.6855147678040313e-17,0.004433785157497543,0.003277641647850987,
dbd69d729e,40000,921,2937990,29379.9,101.12547050885189,2.8844404201083164e-17,0.004433785157497543,0.003498797294515709,
dbd69d729e,40000,922,2941180,29411.8,101.12547050885189,3.355587117620236e-18,0.004433785157497543,0.0033307259785202597,
dbd69d729e,40000,923,2944370,29443.7,101.12547050885189,1.330115718507071e-18,0.004433785157497543,0.0034224426543345574,
dbd69d729e,40000,924,2947560,29475.6,101.12547050885189,3.0727374846811964e-18,0.004433785157497543,0.0035007678855930235,
dbd69d729e,40000,925,2950750,29507.5,101.12547050885189,8.18839474109963e-19,0.004433785157497543,0.003276827574461582,
dbd69d729e,40000,926,2953940,29539.4,101.12547050885189,1.59779314850638e-18,0.004433785157497543,0.0034256760100100795,
dbd69d729e,40000,927,2957130,29571.3,101.12547050885189,3.1442819358593436e-18,0.004433785157497543,0.0034876637648115793,
dbd69d729e,40000,928,2960320,29603.2,101.12547050885189,2.422080834927911e-18,0.004433785157497543,0.0032018780591601495,
dbd69d729e,40000,929,2963510,29635.1,101.12547050885189,4.34344323816841e-17,0.004433785157497543,0.0035099207768744213,
dbd69d729e,40000,930,2966700,29667.0,101.12547050885189,1.2810979134410313e-17,0.004433785157497543,0.00341374856216422,
dbd69d729e,40000,931,2969890,29698.9,101.12547050885189,5.0594796946906356e-18,0.004433785157497543,0.0036464236343640823,
dbd69d729e,40000,932,2973080,29730.8,101.12547050885189,1.906179902338941e-18,0.004433785157497543,0.0035047087355339853,
dbd69d729e,40000,933,2976270,29762.7,101.12547050885189,9.025458423509977e-19,0.004433785157497543,0.003746087960362,
dbd69d729e,40000,934,2979460,29794.6,101.12547050885189,1.182879987128941e-18,0.004433785157497543,0.0033020254814347593,
dbd69d729e,40000,935,2982650,29826.5,101.12547050885189,2.0935448604352233e-17,0.004433785157497543,0.003196608319244351,
dbd69d729e,40000,936,2985840,29858.4,101.12547050885189,3.4625871090066832e-18,0.004433785157497543,0.0028867607116116354,
dbd69d729e,40000,937,2989030,29890.3,101.12547050885189,4.580769268103413e-18,0.004433785157497543,0.0032979326504264596,
dbd69d729e,40000,938,2992220,29922.2,101.12547050885189,3.025361624322371e-17,0.004433785157497543,0.0033528168294627183,
dbd69d729e,40000,939,2995410,29954.1,101.12547050885189,3.80708842698246e-18,0.004433785157497543,0.0030924245536199193,
dbd69d729e,40000,940,2998600,29986.0,101.12547050885189,9.772804664385629e-19,0.004433785157497543,0.0035273443230307614,
dbd69d729e,40000,941,3001790,30017.9,101.12547050885189,1.03342825917021e-17,0.004433785157497543,0.003393581369461397,
dbd69d729e,40000,942,3004980,30049.8,101.12547050885189,1.1492222163253448e-18,0.004433785157497543,0.003443642903935985,
dbd69d729e,40000,943,3008170,30081.7,101.12547050885189,1.1691877259771032e-18,0.004433785157497543,0.003570115916466914,
dbd69d729e,40000,944,3011360,30113.6,101.12547050885189,9.704836888570566e-19,0.004433785157497543,0.0034335866394114224,
dbd69d729e,40000,945,3014550,30145.5,101.12547050885189,9.217587103327621e-19,0.004433785157497543,0.003372672711643656,
dbd69d729e,40000,946,3017740,30177.4,101.12547050885189,2.691154009052299e-18,0.004433785157497543,0.003197988282090577,
dbd69d729e,40000,947,3020930,30209.3,101.12547050885189,1.167948964731773e-17,0.004433785157497543,0.0034196502038702703,
dbd69d729e,40000,948,3024120,30241.2,101.12547050885189,5.129997689201099e-18,0.004433785157497543,0.003460206562080102,
dbd69d729e,40000,949,3027310,30273.1,101.12547050885189,6.664585313132949e-18,0.004433785157497543,0.0033833079388071443,
dbd69d729e,40000,950,3030500,30305.0,101.12547050885189,3.0778790254977246e-18,0.004433785157497543,0.0031909935553443834,
dbd69d729e,40000,951,3033690,30336.9,101.12547050885189,9.374000856623716e-18,0.004433785157497543,0.0034171879403577183,
dbd69d729e,40000,952,3036880,30368.8,101.12547050885189,3.0393082684299793e-18,0.004433785157497543,0.0038222188722647206,
dbd69d729e,40000,953,3040070,30400.7,101.12547050885189,2.6253714837276083e-18,0.004433785157497543,0.0032842257525638663,
dbd69d729e,40000,954,3043260,30432.6,101.12547050885189,3.2584478146067807e-18,0.004433785157497543,0.003607263042383564,
dbd69d729e,40000,955,3046450,30464.5,101.12547050885189,9.940598607325135e-19,0.004433785157497543,0.0037652062107139997,
dbd69d729e,40000,956,3049640,30496.4,101.12547050885189,1.4769897782111958e-18,0.004433785157497543,0.003072300881717211,
dbd69d729e,40000,957,3052830,30528.3,101.12547050885189,1.6396406278451633e-17,0.004433785157497543,0.003561830818620015,
dbd69d729e,40000,958,3056020,30560.2,101.12547050885189,3.694599731653158e-18,0.004433785157497543,0.0033478698864851894,
dbd69d729e,40000,959,3059210,30592.1,101.12547050885189,8.3496898396167385e-19,0.004433785157497543,0.003357320677925902,
dbd69d729e,40000,960,3062400,30624.0,101.12547050885189,9.803174266791443e-19,0.004433785157497543,0.003629618192851138,
dbd69d729e,40000,961,3065590,30655.9,101.12547050885189,2.9732268562796165e-18,0.004433785157497543,0.003405309300234558,
dbd69d729e,40000,962,3068780,30687.8,101.12547050885189,1.2611870161614406e-18,0.004433785157497543,0.00377503257170023,
dbd69d729e,40000,963,3071970,30719.7,101.12547050885189,1.414702215396349e-18,0.004433785157497543,0.0034469087567965133,
dbd69d729e,40000,964,3075160,30751.6,101.12547050885189,1.0148588774623394e-17,0.004433785157497543,0.0031261456091462225,
dbd69d729e,40000,965,3078350,30783.5,101.12547050885189,4.4722374696691866e-18,0.004433785157497543,0.0038795173700779577,
dbd69d729e,40000,966,3081540,30815.4,101.12547050885189,3.239932591543253e-17,0.004433785157497543,0.003613884004855898,
dbd69d729e,40000,967,3084730,30847.3,101.12547050885189,1.4340776826057037e-17,0.004433785157497543,0.0033860955904659955,
dbd69d729e,40000,968,3087920,30879.2,101.12547050885189,4.123825258180825e-18,0.004433785157497543,0.0036484557520864904,
dbd69d729e,40000,969,3091110,30911.1,101.12547050885189,1.0084765718467225e-17,0.004433785157497543,0.0028818886957930924,
dbd69d729e,40000,970,3094300,30943.0,101.12547050885189,4.2438738846716986e-18,0.004433785157497543,0.0031135560560377478,
dbd69d729e,40000,971,3097490,30974.9,101.12547050885189,1.2169029163465874e-18,0.004433785157497543,0.0034864489896094886,
dbd69d729e,40000,972,3100680,31006.8,101.12547050885189,8.411791442692013e-19,0.004433785157497543,0.0034824876962047872,
dbd69d729e,40000,973,3103870,31038.7,101.12547050885189,3.659145599724351e-18,0.004433785157497543,0.0032250969472273523,
dbd69d729e,40000,974,3107060,31070.6,101.12547050885189,1.471678953146546e-18,0.004433785157497543,0.0032080965623329316,
dbd69d729e,40000,975,3110250,31102.5,101.12547050885189,1.6625442872468432e-17,0.004433785157497543,0.003797836813592931,
dbd69d729e,40000,976,3113440,31134.4,101.12547050885189,8.86015606243822e-19,0.004433785157497543,0.0034111249306024325,
dbd69d729e,40000,977,3116630,31166.3,101.12547050885189,1.0057497274486168e-17,0.004433785157497543,0.0032066100779387058,
dbd69d729e,40000,978,3119820,31198.2,101.12547050885189,4.088142074461111e-18,0.004433785157497543,0.003618763143077612,
dbd69d729e,40000,979,3123010,31230.1,101.12547050885189,4.326205553768167e-18,0.004433785157497543,0.0036875101182822665,
dbd69d729e,40000,980,3126200,31262.0,101.12547050885189,1.3952948407061755e-18,0.004433785157497543,0.0035255452547609963,
dbd69d729e,40000,981,3129390,31293.9,101.12547050885189,1.3211603432387082e-18,0.004433785157497543,0.0033139230189399614,
dbd69d729e,40000,982,3132580,31325.8,101.12547050885189,1.3788225495778405e-18,0.004433785157497543,0.0037572490521151835,
dbd69d729e,40000,983,3135770,31357.7,101.12547050885189,1.0040280341289771e-17,0.004433785157497543,0.0031561073184413232,
dbd69d729e,40000,984,3138960,31389.6,101.12547050885189,9.110784132743197e-18,0.004433785157497543,0.0034625468538355877,
dbd69d729e,40000,985,3142150,31421.5,101.12547050885189,1.2623105951818095e-18,0.004433785157497543,0.0034956778471037747,
dbd69d729e,40000,986,3145340,31453.4,101.12547050885189,1.4687353556176228e-18,0.004433785157497543,0.003564175620303014,
dbd69d729e,40000,987,3148530,31485.3,101.12547050885189,1.0277701050049344e-18,0.004433785157497543,0.0033619086286321145,
dbd69d729e,40000,988,3151720,31517.2,101.12547050885189,1.0034490733899815e-17,0.004433785157497543,0.0037523946691819547,
dbd69d729e,40000,989,3154910,31549.1,101.12547050885189,1.2039649115045516e-17,0.004433785157497543,0.0030864116254099706,
dbd69d729e,40000,990,3158100,31581.0,101.12547050885189,9.797339087483738e-18,0.004433785157497543,0.0033862848889467654,
dbd69d729e,40000,991,3161290,31612.9,101.12547050885189,1.5758938569571766e-18,0.004433785157497543,0.002961303983519484,
dbd69d729e,40000,992,3164480,31644.8,101.12547050885189,1.4853705847644266e-18,0.004433785157497543,0.0033181588966374057,
dbd69d729e,40000,993,3167670,31676.7,101.12547050885189,3.2335473637670313e-18,0.004433785157497543,0.003113956112290564,
dbd69d729e,40000,994,3170860,31708.6,101.12547050885189,4.236343105628545e-18,0.004433785157497543,0.0036521430364203898,
dbd69d729e,40000,995,3174050,31740.5,101.12547050885189,1.68380361291568e-17,0.004433785157497543,0.0037116388446156554,
dbd69d729e,40000,996,3177240,31772.4,101.12547050885189,9.38994903139026e-19,0.004433785157497543,0.0032208512087077298,
dbd69d729e,40000,997,3180430,31804.3,101.12547050885189,1.4726794158877944e-18,0.004433785157497543,0.0036919940694755656,
dbd69d729e,40000,998,3183620,31836.2,101.12547050885189,3.536388133687594e-18,0.004433785157497543,0.003404433423489799,
dbd69d729e,40000,999,3186810,31868.1,101.12547050885189,1.102214247888607e-18,0.004433785157497543,0.00348751141191579,
dbd69d729e,40000,1000,3190000,31900.0,101.12547050885189,9.442243159808494e-19,0.004433785157497543,0.003133639692751629,
dbd69d729e,40000,1001,3193190,31931.9,101.12547050885189,8.914271727319219e-19,0.004433785157497543,0.00353431167877706,
dbd69d729e,40000,1002,3196380,31963.8,101.12547050885189,1.7446249924327286e-18,0.004433785157497543,0.003152524707287774,
dbd69d729e,40000,1003,3199570,31995.7,101.12547050885189,1.304413859265619e-18,0.004433785157497543,0.003669221602893185,
dbd69d729e,40000,1004,3202760,32027.6,101.12547050885189,9.34162923049462e-19,0.004433785157497543,0.0035738816260655667,
dbd69d729e,40000,1005,3205950,32059.5,101.12547050885189,1.319362126335525e-18,0.004433785157497543,0.003462091198603888,
dbd69d729e,40000,1006,3209140,32091.4,101.12547050885189,1.449046658659561e-18,0.004433785157497543,0.0032204402925875538,
dbd69d729e,40000,1007,3212330,32123.3,101.12547050885189,8.349759204297464e-19,0.004433785157497543,0.0034343114552384977,
dbd69d729e,40000,1008,3215520,32155.2,101.12547050885189,1.2052197433777353e-18,0.004433785157497543,0.003705957769913277,
dbd69d729e,40000,1009,3218710,32187.1,101.12547050885189,1.3420149312051182e-18,0.004433785157497543,0.0034602869157552723,
dbd69d729e,40000,1010,3221900,32219.0,101.12547050885189,9.306763639890606e-18,0.004433785157497543,0.003257039096357777,
dbd69d729e,40000,1011,3225090,32250.9,101.12547050885189,9.39280941224863e-19,0.004433785157497543,0.0034334930021695884,
dbd69d729e,40000,1012,3228280,32282.8,101.12547050885189,1.6297119914711714e-18,0.004433785157497543,0.0032499599463834444,
dbd69d729e,40000,1013,3231470,32314.7,101.12547050885189,7.577231482138051e-18,0.004433785157497543,0.0034536015127575952,
dbd69d729e,40000,1014,3234660,32346.6,101.12547050885189,3.170158944053574e-18,0.004433785157497543,0.003414686148051557,
dbd69d729e,40000,1015,3237850,32378.5,101.12547050885189,1.2100687533841325e-18,0.004433785157497543,0.0033342445754085954,
dbd69d729e,40000,1016,3241040,32410.4,101.12547050885189,1.5124919120270718e-18,0.004433785157497543,0.003113876500015929,
dbd69d729e,40000,1017,3244230,32442.3,101.12547050885189,1.1212994743720687e-18,0.004433785157497543,0.0034596786432331784,
dbd69d729e,40000,1018,3247420,32474.2,101.12547050885189,8.453419748128443e-19,0.004433785157497543,0.003472016902075509,
dbd69d729e,40000,1019,3250610,32506.1,101.12547050885189,1.4284134460177731e-18,0.004433785157497543,0.0035766480231913486,
dbd69d729e,40000,1020,3253800,32538.0,101.12547050885189,8.844263763067459e-19,0.004433785157497543,0.0035646430502762187,
dbd69d729e,40000,1021,3256990,32569.9,101.12547050885189,9.828707560749246e-19,0.004433785157497543,0.00351568886804947,
dbd69d729e,40000,1022,3260180,32601.8,101.12547050885189,9.261638514301177e-19,0.004433785157497543,0.0034018450732609157,
dbd69d729e,40000,1023,3263370,32633.7,101.12547050885189,1.0861961425073634e-18,0.004433785157497543,0.0035668754500580878,
dbd69d729e,40000,1024,3266560,32665.6,101.12547050885189,1.1994176098263938e-18,0.004433785157497543,0.0034066743570298993,
dbd69d729e,40000,1025,3269750,32697.5,101.12547050885189,9.582934470089669e-19,0.004433785157497543,0.00367533779977048,
dbd69d729e,40000,1026,3272940,32729.4,101.12547050885189,2.4411781021005505e-17,0.004433785157497543,0.0034594316406297296,
dbd69d729e,40000,1027,3276130,32761.3,101.12547050885189,1.459956317066004e-17,0.004433785157497543,0.003537592828839917,
dbd69d729e,40000,1028,3279320,32793.2,101.12547050885189,1.3614509263887619e-17,0.004433785157497543,0.0034680093603509862,
dbd69d729e,40000,1029,3282510,32825.1,101.12547050885189,5.083873560304251e-18,0.004433785157497543,0.003258515893408689,
dbd69d729e,40000,1030,3285700,32857.0,101.12547050885189,3.113556018376885e-17,0.004433785157497543,0.003470538776688809,
dbd69d729e,40000,1031,3288890,32888.9,101.12547050885189,2.020572806023423e-17,0.004433785157497543,0.003927163213180399,
dbd69d729e,40000,1032,3292080,32920.8,101.12547050885189,1.7319573657212313e-17,0.004433785157497543,0.0034016602357045665,
dbd69d729e,40000,1033,3295270,32952.7,101.12547050885189,5.144769931994853e-18,0.004433785157497543,0.0034931054322414686,
dbd69d729e,40000,1034,3298460,32984.6,101.12547050885189,1.2183107954366262e-18,0.004433785157497543,0.0035969814742862834,
dbd69d729e,40000,1035,3301650,33016.5,101.12547050885189,1.2769320758941226e-18,0.004433785157497543,0.0029426269412075674,
dbd69d729e,40000,1036,3304840,33048.4,101.12547050885189,1.7317410024131523e-18,0.004433785157497543,0.0032576859938922343,
dbd69d729e,40000,1037,3308030,33080.3,101.12547050885189,1.594970323289314e-18,0.004433785157497543,0.003110352848403574,
dbd69d729e,40000,1038,3311220,33112.2,101.12547050885189,5.9418240648265e-18,0.004433785157497543,0.003718204490520575,
dbd69d729e,40000,1039,3314410,33144.1,101.12547050885189,1.1238747230871742e-18,0.004433785157497543,0.003377376864764098,
dbd69d729e,40000,1040,3317600,33176.0,101.12547050885189,1.6332874910492881e-18,0.004433785157497543,0.0037109655355408206,
dbd69d729e,40000,1041,3320790,33207.9,101.12547050885189,3.1136515970453374e-17,0.004433785157497543,0.0035077122503634735,
dbd69d729e,40000,1042,3323980,33239.8,101.1254705088516,3.043512146996731e-18,0.004442690700032643,0.003257190435531036,
dbd69d729e,40000,1043,3327170,33271.7,101.1254705088516,8.877833288375535e-19,0.004442690700032643,0.003571560062142341,
dbd69d729e,40000,1044,3330360,33303.6,101.1254705088516,5.562683525735955e-17,0.004442690700032643,0.0035221304453529664,
dbd69d729e,40000,1045,3333550,33335.5,101.1254705088516,1.8163615016522456e-17,0.004442690700032643,0.0031448853380327247,
dbd69d729e,40000,1046,3336740,33367.4,101.1254705088516,3.978343520649847e-18,0.004442690700032643,0.0036969788919854495,
dbd69d729e,40000,1047,3339930,33399.3,101.1254705088516,2.0370939620790066e-17,0.004442690700032643,0.003365550152938886,
dbd69d729e,40000,1048,3343120,33431.2,101.1254705088516,1.0155921153860683e-17,0.004442690700032643,0.0028812370685196427,
dbd69d729e,40000,1049,3346310,33463.1,101.1254705088516,1.4712599156727278e-17,0.004442690700032643,0.003560894026101035,
dbd69d729e,40000,1050,3349500,33495.0,101.1254705088516,3.5899115562900175e-18,0.004442690700032643,0.0034182765684008425,
dbd69d729e,40000,1051,3352690,33526.9,101.1254705088516,1.0431349563215574e-18,0.004442690700032643,0.0033410477696447153,
dbd69d729e,40000,1052,3355880,33558.8,101.1254705088516,1.1011822458877364e-18,0.004442690700032643,0.003021545835347242,
dbd69d729e,40000,1053,3359070,33590.7,101.1254705088516,1.5254204880859013e-18,0.004442690700032643,0.003535375749219421,
dbd69d729e,40000,1054,3362260,33622.6,101.1254705088516,1.0388872721803776e-18,0.004442690700032643,0.0035674285028360745,
dbd69d729e,40000,1055,3365450,33654.5,101.1254705088516,1.3328014396153588e-18,0.004442690700032643,0.0033522166405832213,
dbd69d729e,40000,1056,3368640,33686.4,101.1254705088516,1.2591501067395792e-18,0.004442690700032643,0.003448268895122778,
dbd69d729e,40000,1057,3371830,33718.3,101.1254705088516,5.093413589529638e-18,0.004442690700032643,0.0034723507126875734,
dbd69d729e,40000,1058,3375020,33750.2,101.1254705088516,1.5241378129266951e-18,0.004442690700032643,0.003387486594450027,
dbd69d729e,40000,1059,3378210,33782.1,101.1254705088516,1.499895086505592e-17,0.004442690700032643,0.0034315492539459965,
dbd69d729e,40000,1060,3381400,33814.0,101.1254705088516,1.2333695866722807e-18,0.004442690700032643,0.00288570497274801,
dbd69d729e,40000,1061,3384590,33845.9,101.1254705088516,3.087403416352494e-18,0.004442690700032643,0.003601454732204914,
dbd69d729e,40000,1062,3387780,33877.8,101.1254705088516,9.563158391698416e-19,0.004442690700032643,0.0030630915075834523,
dbd69d729e,40000,1063,3390970,33909.7,101.1254705088516,2.5260155790586954e-17,0.004442690700032643,0.0031491931007230976,
dbd69d729e,40000,1064,3394160,33941.6,101.1254705088516,2.7745748494282676e-18,0.004442690700032643,0.003441174305841578,
dbd69d729e,40000,1065,3397350,33973.5,101.1254705088516,4.627075147730845e-18,0.004442690700032643,0.0032044538720525854,
dbd69d729e,40000,1066,3400540,34005.4,101.1254705088516,1.0497735666293314e-18,0.004442690700032643,0.0036599697954960994,
dbd69d729e,40000,1067,3403730,34037.3,101.1254705088516,3.229801786859038e-18,0.004442690700032643,0.0032868354043690015,
dbd69d729e,40000,1068,3406920,34069.2,101.1254705088516,1.5837922115020584e-18,0.004442690700032643,0.003513016692818475,
dbd69d729e,40000,1069,3410110,34101.1,101.1254705088516,1.4015256043521877e-18,0.004442690700032643,0.003277425659409282,
dbd69d729e,40000,1070,3413300,34133.0,101.1254705088516,8.714388523994936e-19,0.004442690700032643,0.0035029927050914144,
dbd69d729e,40000,1071,3416490,34164.9,101.1254705088516,1.8078899176017892e-17,0.004442690700032643,0.00356531636582984,
dbd69d729e,40000,1072,3419680,34196.8,101.1254705088516,9.65186690463877e-18,0.004442690700032643,0.003335936094180704,
dbd69d729e,40000,1073,3422870,34228.7,101.1254705088516,4.593366049454753e-18,0.004442690700032643,0.003351361675980829,
dbd69d729e,40000,1074,3426060,34260.6,101.1254705088516,9.575689827293765e-19,0.004442690700032643,0.0035740380642089054,
dbd69d729e,40000,1075,3429250,34292.5,101.1254705088516,1.2271496784942712e-18,0.004442690700032643,0.003800460417590316,
dbd69d729e,40000,1076,3432440,34324.4,101.1254705088516,9.41944032804695e-19,0.004442690700032643,0.0037790635358544654,
dbd69d729e,40000,1077,3435630,34356.3,101.1254705088516,7.886874803435031e-18,0.004442690700032643,0.003300972298518757,
dbd69d729e,40000,1078,3438820,34388.2,101.1254705088516,1.0624150082483027e-18,0.004442690700032643,0.0030721617425140857,
dbd69d729e,40000,1079,3442010,34420.1,101.1254705088516,1.472327337196238e-18,0.004442690700032643,0.0034064336764422095,
dbd69d729e,40000,1080,3445200,34452.0,101.1254705088516,1.1170410819433686e-18,0.004442690700032643,0.0033704276632045916,
dbd69d729e,40000,1081,3448390,34483.9,101.1254705088516,9.194707988991599e-19,0.004442690700032643,0.0033755407513808796,
dbd69d729e,40000,1082,3451580,34515.8,101.1254705088516,2.117610794129335e-17,0.004442690700032643,0.0032789400356812793,
dbd69d729e,40000,1083,3454770,34547.7,101.1254705088516,2.0211761099456453e-17,0.004442690700032643,0.0034859735192729656,
dbd69d729e,40000,1084,3457960,34579.6,101.1254705088516,4.6150995078883645e-18,0.004442690700032643,0.003399117403073757,
dbd69d729e,40000,1085,3461150,34611.5,101.1254705088516,1.0227722230300626e-17,0.004442690700032643,0.0031553351797871695,
dbd69d729e,40000,1086,3464340,34643.4,101.1254705088516,1.588155596652422e-17,0.004442690700032643,0.0033960466673369607,
dbd69d729e,40000,1087,3467530,34675.3,101.1254705088516,8.102570589772772e-19,0.004442690700032643,0.0031282067928592315,
dbd69d729e,40000,1088,3470720,34707.2,101.1254705088516,1.377803342071203e-18,0.004442690700032643,0.0034551088964032846,
dbd69d729e,40000,1089,3473910,34739.1,101.1254705088516,1.2539245631597192e-18,0.004442690700032643,0.003608084781330275,
dbd69d729e,40000,1090,3477100,34771.0,101.1254705088516,1.6085123777379984e-18,0.004442690700032643,0.003563599647521967,
dbd69d729e,40000,1091,3480290,34802.9,101.1254705088516,5.073908200431904e-18,0.004442690700032643,0.003415828212055775,
dbd69d729e,40000,1092,3483480,34834.8,101.1254705088516,2.6888306287887762e-18,0.004442690700032643,0.0035533860522449245,
dbd69d729e,40000,1093,3486670,34866.7,101.1254705088516,1.2691729127529124e-18,0.004442690700032643,0.003686962483638649,
dbd69d729e,40000,1094,3489860,34898.6,101.1254705088516,9.165194323604194e-19,0.004442690700032643,0.003616499743632808,
dbd69d729e,40000,1095,3493050,34930.5,101.1254705088516,3.450760033864932e-18,0.004442690700032643,0.003131642853141975,
dbd69d729e,40000,1096,3496240,34962.4,101.1254705088516,1.396859103671001e-18,0.004442690700032643,0.0034027096688804127,
dbd69d729e,40000,1097,3499430,34994.3,101.1254705088516,1.4308402521205798e-18,0.004442690700032643,0.0033620102135746986,
dbd69d729e,40000,1098,3502620,35026.2,101.1254705088516,1.3804110263385619e-18,0.004442690700032643,0.00332534161642164,
dbd69d729e,40000,1099,3505810,35058.1,101.1254705088516,9.406664917565057e-19,0.004442690700032643,0.003624748847622442,
dbd69d729e,40000,1100,3509000,35090.0,101.1254705088516,1.104525935229776e-18,0.004442690700032643,0.0035693175148276504,
dbd69d729e,40000,1101,3512190,35121.9,101.1254705088516,1.5796206588638252e-18,0.004442690700032643,0.0033399296528416646,
dbd69d729e,40000,1102,3515380,35153.8,101.1254705088516,2.8125290348059105e-18,0.004442690700032643,0.0035082590677163253,
dbd69d729e,40000,1103,3518570,35185.7,101.1254705088516,1.0221343800060277e-17,0.004442690700032643,0.003761031998149448,
dbd69d729e,40000,1104,3521760,35217.6,101.1254705088516,2.4177435697231015e-18,0.004442690700032643,0.0032601707698949184,
dbd69d729e,40000,1105,3524950,35249.5,101.1254705088516,1.8514906951675928e-18,0.004442690700032643,0.0035387655544562046,
dbd69d729e,40000,1106,3528140,35281.4,101.1254705088516,1.2928944790587328e-18,0.004442690700032643,0.003519573824631057,
dbd69d729e,40000,1107,3531330,35313.3,101.1254705088516,7.705555839001838e-19,0.004442690700032643,0.0038655323338080607,
dbd69d729e,40000,1108,3534520,35345.2,101.1254705088516,1.2961238874145285e-18,0.004442690700032643,0.0033924830314265063,
dbd69d729e,40000,1109,3537710,35377.1,101.1254705088516,1.170779835405672e-18,0.004442690700032643,0.0031660786496788573,
dbd69d729e,40000,1110,3540900,35409.0,101.1254705088516,1.315747507421903e-18,0.004442690700032643,0.0035683597890850275,
dbd69d729e,40000,1111,3544090,35440.9,101.1254705088516,8.440027541300866e-19,0.004442690700032643,0.003462035523918122,
dbd69d729e,40000,1112,3547280,35472.8,101.1254705088516,4.959743564069418e-18,0.004442690700032643,0.0034865310460123595,
dbd69d729e,40000,1113,3550470,35504.7,101.1254705088516,8.67634998031784e-19,0.004442690700032643,0.0034128347034415767,
dbd69d729e,40000,1114,3553660,35536.6,101.1254705088516,1.5170892944955417e-18,0.004442690700032643,0.0036277770770689393,
dbd69d729e,40000,1115,3556850,35568.5,101.1254705088516,1.4585714532759141e-18,0.004442690700032643,0.00331425115206429,
dbd69d729e,40000,1116,3560040,35600.4,101.1254705088516,3.921386021579394e-18,0.004442690700032643,0.0038129096300187114,
dbd69d729e,40000,1117,3563230,35632.3,101.1254705088516,1.611909699942189e-17,0.004442690700032643,0.0032649306360902817,
dbd69d729e,40000,1118,3566420,35664.2,101.1254705088516,1.2806383865755609e-18,0.004442690700032643,0.003097777363018288,
dbd69d729e,40000,1119,3569610,35696.1,101.1254705088516,5.081035012945258e-18,0.004442690700032643,0.0034703013723035134,
dbd69d729e,40000,1120,3572800,35728.0,101.1254705088516,7.129703145639453e-18,0.004442690700032643,0.003515736428644392,
dbd69d729e,40000,1121,3575990,35759.9,101.1254705088516,4.2759331637325095e-18,0.004442690700032643,0.003220639860943588,
dbd69d729e,40000,1122,3579180,35791.8,101.1254705088516,9.103853037811932e-19,0.004442690700032643,0.0031407760356538506,
dbd69d729e,40000,1123,3582370,35823.7,101.1254705088516,2.5307050023097872e-18,0.004442690700032643,0.003956045221064987,
dbd69d729e,40000,1124,3585560,35855.6,101.1254705088516,8.57051282111196e-19,0.004442690700032643,0.003131924739025859,
dbd69d729e,40000,1125,3588750,35887.5,101.1254705088516,2.5260273293391687e-18,0.004442690700032643,0.00322962582705084,
dbd69d729e,40000,1126,3591940,35919.4,101.1254705088516,1.4122501688573307e-18,0.004442690700032643,0.003538308120373524,
dbd69d729e,40000,1127,3595130,35951.3,101.1254705088516,1.174986874928184e-18,0.004442690700032643,0.0032468770715972806,
dbd69d729e,40000,1128,3598320,35983.2,101.1254705088516,1.4016246702687617e-18,0.004442690700032643,0.003307829153633142,
dbd69d729e,40000,1129,3601510,36015.1,101.1254705088516,1.4282482598968134e-18,0.004442690700032643,0.0032274015723527108,
dbd69d729e,40000,1130,3604700,36047.0,101.1254705088516,9.6954574546926e-19,0.004442690700032643,0.0035968055435841666,
dbd69d729e,40000,1131,3607890,36078.9,101.1254705088516,2.3843838380372723e-18,0.004442690700032643,0.0036192551800621336,
dbd69d729e,40000,1132,3611080,36110.8,101.1254705088516,1.0740070748588459e-18,0.004442690700032643,0.003213903364588273,
dbd69d729e,40000,1133,3614270,36142.7,101.1254705088516,7.76237620415072e-19,0.004442690700032643,0.003379627161749156,
dbd69d729e,40000,1134,3617460,36174.6,101.1254705088516,9.999106766580308e-19,0.004442690700032643,0.0035399124448188043,
dbd69d729e,40000,1135,3620650,36206.5,101.1254705088516,6.129206881446733e-19,0.004442690700032643,0.0036632833462546853,
dbd69d729e,40000,1136,3623840,36238.4,101.1254705088516,1.232283711697461e-18,0.004442690700032643,0.0038377841724998776,
dbd69d729e,40000,1137,3627030,36270.3,101.1254705088516,1.7149538276747697e-18,0.004442690700032643,0.0035528535309550355,
dbd69d729e,40000,1138,3630220,36302.2,101.1254705088516,9.40831716300391e-19,0.004442690700032643,0.0031456706895933943,
dbd69d729e,40000,1139,3633410,36334.1,101.1254705088516,7.812900524719838e-18,0.004442690700032643,0.0032657934919367,
dbd69d729e,40000,1140,3636600,36366.0,101.1254705088516,2.118005267602254e-18,0.004442690700032643,0.0035265360151540055,
dbd69d729e,40000,1141,3639790,36397.9,101.1254705088516,8.766161912598585e-19,0.004442690700032643,0.003406365495028306,
dbd69d729e,40000,1142,3642980,36429.8,101.1254705088516,2.5449465410672728e-18,0.004442690700032643,0.0035252975723946826,
dbd69d729e,40000,1143,3646170,36461.7,101.1254705088516,7.866808293422477e-19,0.004442690700032643,0.003550055763507155,
dbd69d729e,40000,1144,3649360,36493.6,101.1254705088516,8.787553200668536e-19,0.004442690700032643,0.003750380941319005,
dbd69d729e,40000,1145,3652550,36525.5,101.1254705088516,2.533143466353595e-18,0.004442690700032643,0.0036511184397090514,
dbd69d729e,40000,1146,3655740,36557.4,101.1254705088516,1.3076744117147596e-18,0.004442690700032643,0.002950666283737315,
dbd69d729e,40000,1147,3658930,36589.3,101.1254705088516,2.3211018658365027e-18,0.004442690700032643,0.003561471155718218,
dbd69d729e,40000,1148,3662120,36621.2,101.1254705088516,2.2723836403748205e-18,0.004442690700032643,0.0033640814588755358,
dbd69d729e,40000,1149,3665310,36653.1,101.1254705088516,1.0649794855083691e-18,0.004442690700032643,0.0037395480529097505,
dbd69d729e,40000,1150,3668500,36685.0,101.1254705088516,8.4015932005864515e-19,0.004442690700032643,0.0036306860106682984,
dbd69d729e,40000,1151,3671690,36716.9,101.1254705088516,8.255657210357009e-19,0.004442690700032643,0.003521509048627555,
dbd69d729e,40000,1152,3674880,36748.8,101.1254705088516,1.1376407469705582e-18,0.004442690700032643,0.00354608602506385,
dbd69d729e,40000,1153,3678070,36780.7,101.1254705088516,7.988539321489395e-19,0.004442690700032643,0.003512013671256959,
dbd69d729e,40000,1154,3681260,36812.6,101.1254705088516,1.456678843467096e-18,0.004442690700032643,0.0037015460929843503,
dbd69d729e,40000,1155,3684450,36844.5,101.1254705088516,1.0323499546299057e-18,0.004442690700032643,0.0034235094067552423,
dbd69d729e,40000,1156,3687640,36876.4,101.1254705088516,1.0851120427947165e-18,0.004442690700032643,0.0032129516179052312,
dbd69d729e,40000,1157,3690830,36908.3,101.1254705088516,7.04505009531906e-18,0.004442690700032643,0.003393435057194032,
dbd69d729e,40000,1158,3694020,36940.2,101.1254705088516,1.1098764086367782e-18,0.004442690700032643,0.003570648999030821,
dbd69d729e,40000,1159,3697210,36972.1,101.1254705088516,8.115584548469771e-19,0.004442690700032643,0.003487354857699983,
dbd69d729e,40000,1160,3700400,37004.0,101.1254705088516,1.5253642008828743e-18,0.004442690700032643,0.003373575282871998,
dbd69d729e,40000,1161,3703590,37035.9,101.1254705088516,1.4933311470471483e-18,0.004442690700032643,0.003529373302117597,
dbd69d729e,40000,1162,3706780,37067.8,101.1254705088516,1.298223811786988e-18,0.004442690700032643,0.0036710935875757813,
dbd69d729e,40000,1163,3709970,37099.7,101.1254705088516,1.0161523082061683e-17,0.004442690700032643,0.003701966551478516,
dbd69d729e,40000,1164,3713160,37131.6,101.1254705088516,2.5371650786461374e-18,0.004442690700032643,0.0032139088656526686,
dbd69d729e,40000,1165,3716350,37163.5,101.1254705088516,2.988473513822904e-18,0.004442690700032643,0.003493886138231794,
dbd69d729e,40000,1166,3719540,37195.4,101.1254705088516,1.8130323036008952e-18,0.004442690700032643,0.003236665287470395,
dbd69d729e,40000,1167,3722730,37227.3,101.1254705088516,1.0596541921247066e-18,0.004442690700032643,0.003237698786521227,
dbd69d729e,40000,1168,3725920,37259.2,101.1254705088516,2.399699907667744e-18,0.004442690700032643,0.0037056171911777833,
dbd69d729e,40000,1169,3729110,37291.1,101.1254705088516,1.6127518996151408e-17,0.004442690700032643,0.003468085353941059,
dbd69d729e,40000,1170,3732300,37323.0,101.1254705088516,6.240122261978267e-18,0.004442690700032643,0.0036191524410378547,
dbd69d729e,40000,1171,3735490,37354.9,101.1254705088516,1.0100231930087416e-17,0.004442690700032643,0.0032635267397826888,
dbd69d729e,40000,1172,3738680,37386.8,101.1254705088516,6.514931945428762e-18,0.004442690700032643,0.003501524889630144,
dbd69d729e,40000,1173,3741870,37418.7,101.1254705088516,9.59693132578485e-19,0.004442690700032643,0.003517379671964634,
dbd69d729e,40000,1174,3745060,37450.6,101.1254705088516,8.015116895332956e-19,0.004442690700032643,0.003639251673528352,
dbd69d729e,40000,1175,3748250,37482.5,101.1254705088516,1.0083070863642618e-17,0.004442690700032643,0.0032847220960225787,
dbd69d729e,40000,1176,3751440,37514.4,101.1254705088516,7.349724267512451e-18,0.004442690700032643,0.0035039495594178503,
dbd69d729e,40000,1177,3754630,37546.3,101.1254705088516,6.308115771262654e-18,0.004442690700032643,0.0033506436685490338,
dbd69d729e,40000,1178,3757820,37578.2,101.1254705088516,4.2382316195970343e-17,0.004442690700032643,0.0031288798049971794,
dbd69d729e,40000,1179,3761010,37610.1,101.1254705088516,7.835994047337725e-18,0.004442690700032643,0.0033098605138238324,
dbd69d729e,40000,1180,3764200,37642.0,101.1254705088516,1.57661567448987e-18,0.004442690700032643,0.0033979194251638175,
dbd69d729e,40000,1181,3767390,37673.9,101.1254705088516,1.193186891292726e-18,0.004442690700032643,0.0036083693700991654,
dbd69d729e,40000,1182,3770580,37705.8,101.1254705088516,1.5147115207574236e-18,0.004442690700032643,0.0033170081928376536,
dbd69d729e,40000,1183,3773770,37737.7,101.1254705088516,1.2160307302643768e-18,0.004442690700032643,0.0034257437436787945,
dbd69d729e,40000,1184,3776960,37769.6,101.1254705088516,1.3022858996417792e-18,0.004442690700032643,0.003543299764647887,
dbd69d729e,40000,1185,3780150,37801.5,101.1254705088516,1.1539673833292261e-18,0.004442690700032643,0.0036767192195076553,
dbd69d729e,40000,1186,3783340,37833.4,101.1254705088516,9.117515045653908e-19,0.004442690700032643,0.003358583363886369,
dbd69d729e,40000,1187,3786530,37865.3,101.1254705088516,5.143156796143219e-18,0.004442690700032643,0.003181597064903335,
dbd69d729e,40000,1188,3789720,37897.2,101.1254705088516,1.2013003553600304e-18,0.004442690700032643,0.0038184718669146403,
dbd69d729e,40000,1189,3792910,37929.1,101.1254705088516,1.1652180172382303e-18,0.004442690700032643,0.0032063412612382946,
dbd69d729e,40000,1190,3796100,37961.0,101.1254705088516,1.459665755073031e-18,0.004442690700032643,0.0036455694005219992,
dbd69d729e,40000,1191,3799290,37992.9,101.1254705088516,7.827021568339117e-18,0.004442690700032643,0.0033523227287040416,
dbd69d729e,40000,1192,3802480,38024.8,101.1254705088516,9.447747266248272e-19,0.004442690700032643,0.0032438718846379043,
dbd69d729e,40000,1193,3805670,38056.7,101.1254705088516,1.6094003292589241e-18,0.004442690700032643,0.0034528631179947837,
dbd69d729e,40000,1194,3808860,38088.6,101.1254705088516,9.907159709764853e-19,0.004442690700032643,0.003336329837705735,
dbd69d729e,40000,1195,3812050,38120.5,101.1254705088516,9.11923802317589e-19,0.004442690700032643,0.003704358405571457,
dbd69d729e,40000,1196,3815240,38152.4,101.1254705088516,8.97212438824828e-19,0.004442690700032643,0.0034567472145434377,
dbd69d729e,40000,1197,3818430,38184.3,101.1254705088516,1.644435442804076e-17,0.004442690700032643,0.0035463995730608193,
dbd69d729e,40000,1198,3821620,38216.2,101.1254705088516,4.838666324553962e-18,0.004442690700032643,0.0032754428091972985,
dbd69d729e,40000,1199,3824810,38248.1,101.1254705088516,1.456558045725784e-16,0.004442690700032643,0.003370927857329559,
dbd69d729e,40000,1200,3828000,38280.0,101.12547050883171,1.3974125805237875e-17,0.004551228087676205,0.0033836487938974096,
dbd69d729e,40000,1201,3831190,38311.9,101.12547050883171,1.459331162980967e-17,0.004551228087676205,0.0036736334279623673,
dbd69d729e,40000,1202,3834380,38343.8,101.12547050883171,3.2978328712109838e-18,0.004551228087676205,0.0031759009946531547,
dbd69d729e,40000,1203,3837570,38375.7,101.12547050883171,2.1134662749697036e-17,0.004551228087676205,0.003289423318433471,
dbd69d729e,40000,1204,3840760,38407.6,101.12547050883171,7.846825205866906e-18,0.004551228087676205,0.0032486498890880967,
dbd69d729e,40000,1205,3843950,38439.5,101.12547050883171,7.024771031920195e-18,0.004551228087676205,0.0034767278166341867,
dbd69d729e,40000,1206,3847140,38471.4,101.12547050883171,3.046255090557239e-18,0.004551228087676205,0.0031857967294862954,
dbd69d729e,40000,1207,3850330,38503.3,101.12547050883171,9.204940694486349e-18,0.004551228087676205,0.0037664041616849815,
dbd69d729e,40000,1208,3853520,38535.2,101.12547050883171,2.1661053254900356e-18,0.004551228087676205,0.0037827160312820414,
dbd69d729e,40000,1209,3856710,38567.1,101.12547050883171,4.5361647630794375e-18,0.004551228087676205,0.002929755941314839,
dbd69d729e,40000,1210,3859900,38599.0,101.12547050883171,8.67555425110023e-18,0.004551228087676205,0.003394090746795905,
dbd69d729e,40000,1211,3863090,38630.9,101.12547050883171,2.226475088760466e-18,0.004551228087676205,0.003662174992105915,
dbd69d729e,40000,1212,3866280,38662.8,101.12547050883171,4.119895163887479e-18,0.004551228087676205,0.0034419917198161417,
dbd69d729e,40000,1213,3869470,38694.7,101.12547050883171,3.207983387609616e-17,0.004551228087676205,0.003636364583779773,
dbd69d729e,40000,1214,3872660,38726.6,101.12547050883171,1.1460759854408553e-17,0.004551228087676205,0.003335521636656929,
dbd69d729e,40000,1215,3875850,38758.5,101.12547050883171,3.601058460169058e-18,0.004551228087676205,0.003787459205765688,
dbd69d729e,40000,1216,3879040,38790.4,101.12547050883171,2.285472711571381e-18,0.004551228087676205,0.0034445876704947568,
dbd69d729e,40000,1217,3882230,38822.3,101.12547050883171,4.752668585282442e-18,0.004551228087676205,0.003384170733501574,
dbd69d729e,40000,1218,3885420,38854.2,101.12547050883171,7.72905083892693e-18,0.004551228087676205,0.0035835447010587732,
dbd69d729e,40000,1219,3888610,38886.1,101.12547050883171,9.169130195791884e-19,0.004551228087676205,0.0037178379092562526,
dbd69d729e,40000,1220,3891800,38918.0,101.12547050883171,3.033778821939833e-18,0.004551228087676205,0.003695103239902288,
dbd69d729e,40000,1221,3894990,38949.9,101.12547050883171,8.961290405915009e-19,0.004551228087676205,0.003677134023712813,
dbd69d729e,40000,1222,3898180,38981.8,101.12547050883171,3.518695406495035e-18,0.004551228087676205,0.0034486861855404323,
dbd69d729e,40000,1223,3901370,39013.7,101.12547050883171,1.424916400572829e-18,0.004551228087676205,0.0034974031182406174,
dbd69d729e,40000,1224,3904560,39045.6,101.12547050883171,3.1230425912544376e-18,0.004551228087676205,0.003397225095044661,
dbd69d729e,40000,1225,3907750,39077.5,101.12547050883171,2.469564329250175e-17,0.004551228087676205,0.003326902098333178,
dbd69d729e,40000,1226,3910940,39109.4,101.12547050883171,1.525547131716786e-17,0.004551228087676205,0.003391611800350389,
dbd69d729e,40000,1227,3914130,39141.3,101.12547050883171,9.958528252953194e-18,0.004551228087676205,0.0035991684416992686,
dbd69d729e,40000,1228,3917320,39173.2,101.12547050883171,7.683627778767862e-18,0.004551228087676205,0.0034858897288170417,
dbd69d729e,40000,1229,3920510,39205.1,101.12547050883171,2.382341712226028e-18,0.004551228087676205,0.0037652875883724063,
dbd69d729e,40000,1230,3923700,39237.0,101.12547050883171,2.987296784290786e-18,0.004551228087676205,0.0033403881090530597,
dbd69d729e,40000,1231,3926890,39268.9,101.12547050883171,3.051418737788931e-18,0.004551228087676205,0.0035200707178165485,
dbd69d729e,40000,1232,3930080,39300.8,101.12547050883171,2.264652259899845e-18,0.004551228087676205,0.0035789758443224885,
dbd69d729e,40000,1233,3933270,39332.7,101.12547050883171,2.9592012443908864e-18,0.004551228087676205,0.003319438138902796,
dbd69d729e,40000,1234,3936460,39364.6,101.12547050883171,7.099956122798289e-18,0.004551228087676205,0.0038908266380023072,
dbd69d729e,40000,1235,3939650,39396.5,101.12547050883171,1.7303946960130692e-18,0.004551228087676205,0.00340613536773423,
dbd69d729e,40000,1236,3942840,39428.4,101.12547050883171,2.0386761057859346e-18,0.004551228087676205,0.0035638637702198393,
dbd69d729e,40000,1237,3946030,39460.3,101.12547050883171,1.2327017724503465e-18,0.004551228087676205,0.0031160513608900695,
dbd69d729e,40000,1238,3949220,39492.2,101.12547050883171,4.194584618890221e-18,0.004551228087676205,0.0036828776175131597,
dbd69d729e,40000,1239,3952410,39524.1,101.12547050883171,4.8373428895473625e-18,0.004551228087676205,0.003833093533220096,
dbd69d729e,40000,1240,3955600,39556.0,101.12547050883171,2.027074986682848e-18,0.004551228087676205,0.0036959085660628493,
dbd69d729e,40000,1241,3958790,39587.9,101.12547050883171,2.1050316966158707e-18,0.004551228087676205,0.0034540851106831935,
dbd69d729e,40000,1242,3961980,39619.8,101.12547050883171,2.453357944867086e-18,0.004551228087676205,0.0035893822140045588,
dbd69d729e,40000,1243,3965170,39651.7,101.12547050883171,2.621930074377355e-18,0.004551228087676205,0.0037680676404784393,
dbd69d729e,40000,1244,3968360,39683.6,101.12547050883171,2.4848905984863005e-18,0.004551228087676205,0.0037387449372818316,
dbd69d729e,40000,1245,3971550,39715.5,101.12547050883171,2.8706762322524917e-18,0.004551228087676205,0.003408142580951537,
dbd69d729e,40000,1246,3974740,39747.4,101.12547050883171,5.05320711419898e-18,0.004551228087676205,0.003916977084460267,
dbd69d729e,40000,1247,3977930,39779.3,101.12547050883171,2.1086555588949508e-18,0.004551228087676205,0.0033117726746133545,
dbd69d729e,40000,1248,3981120,39811.2,101.12547050883171,2.886656243686321e-18,0.004551228087676205,0.003486437787298154,
dbd69d729e,40000,1249,3984310,39843.1,101.12547050883171,1.766690808624993e-18,0.004551228087676205,0.00354167233759387,
dbd69d729e,40000,1250,3987500,39875.0,101.12547050883171,2.3971115201604146e-18,0.004551228087676205,0.003351454075379068,
dbd69d729e,40000,1251,3990690,39906.9,101.12547050883171,1.862812017981685e-18,0.004551228087676205,0.0033690452065958188,
dbd69d729e,40000,1252,3993880,39938.8,101.12547050883171,1.6082806188622712e-18,0.004551228087676205,0.00359029300637924,
dbd69d729e,40000,1253,3997070,39970.7,101.12547050883171,,0.004551228087676205,0.003942499138572088,
72148bad82,40000,0,0,0.0,516651013610901.0,5.565650334136812,119640441474639.08,81904847105982.23,"ProjectedCommonDirectionsConfig(subspace_frac_grads=0.1, subspace_frac_updates=0.1, subspace_frac_random=0.1, direction_str=newton, use_hess=True, random_proj=True, random_proj_dim_frac=0.6, ensemble=haar, inner_use_full_grad=True, reg_lambda=0, orth_P_k=True, beta=0.001, tau=0.5, c_const=inf, N_try=200, alpha_max=1, p_const=1)"
72148bad82,40000,1,3190,31.9,129162753402801.1,11.137808125598594,59820220737319.52,50146701192928.375,
72148bad82,40000,2,6380,63.8,101.12547051441881,2.4292039937306042e-08,0.08152920045053647,0.05705582755404425,
72148bad82,40000,3,9570,95.7,101.12547051413534,2.5365948365885765e-08,0.0604013166390784,0.04845075466056216,
72148bad82,40000,4,12760,127.6,101.12547051410355,1.2228178711210336e-11,0.05246391504289391,0.04054971187151493,
72148bad82,40000,5,15950,159.5,101.12547051373261,8.512490026906462e-07,0.05218885471291152,0.03663278439274159,
72148bad82,40000,6,19140,191.4,101.12547051347306,1.3725250252462374e-15,0.0259488575401467,0.020288671209477138,
72148bad82,40000,7,22330,223.3,101.12547051341284,4.76002976225228e-16,0.025689386508985855,0.019829089979878516,
72148bad82,40000,8,25520,255.2,101.12547051339362,9.360476019450297e-14,0.02521831940190528,0.017558892881533852,
72148bad82,40000,9,28710,287.1,101.12547051323689,1.7380487215784908e-16,0.02536793111252582,0.02021337500281625,
72148bad82,40000,10,31900,319.0,101.1254705131406,2.3772758122497498e-17,0.025512766804073453,0.019501852823564095,
72148bad82,40000,11,35090,350.9,101.1254705131406,8.257941451835141e-17,0.025512766804073453,0.01954214302107292,
72148bad82,40000,12,38280,382.8,101.12547051313966,9.026374749873558e-17,0.02559348741573452,0.019787693482647285,
72148bad82,40000,13,41470,414.7,101.12547051313133,5.768443121436384e-17,0.025682512117085714,0.019269610533009816,
72148bad82,40000,14,44660,446.6,101.12547051313133,4.289350018174703e-17,0.025682512117085714,0.019728770151290712,
72148bad82,40000,15,47850,478.5,101.12547051313133,3.539299090234721e-17,0.025682512117085714,0.017844848925060674,
72148bad82,40000,16,51040,510.4,101.12547051313133,2.913155523554639e-17,0.025682512117085714,0.020979221960208884,
72148bad82,40000,17,54230,542.3,101.12547051313133,5.423156789169091e-17,0.025682512117085714,0.020881782260038787,
72148bad82,40000,18,57420,574.2,101.12547051313133,4.1559562479494666e-17,0.025682512117085714,0.019708123232701113,
72148bad82,40000,19,60610,606.1,101.12547051313133,3.2717120458992415e-16,0.025682512117085714,0.02035195036636669,
72148bad82,40000,20,63800,638.0,101.12547051305512,2.1792915310176038e-17,0.025434213122476283,0.019792202704648702,
72148bad82,40000,21,66990,669.9,101.12547051305512,2.7484639034856316e-17,0.025434213122476283,0.02080560934841259,
72148bad82,40000,22,70180,701.8,101.12547051305512,1.7770356024292534e-16,0.025434213122476283,0.019722313687087635,
72148bad82,40000,23,73370,733.7,101.12547051302975,5.3913450891006195e-17,0.025648218766750715,0.019752139728883577,
72148bad82,40000,24,76560,765.6,101.1254705130036,2.9611189330087484e-17,0.02563537747462226,0.021174672739798273,
72148bad82,40000,25,79750,797.5,101.1254705130036,1.1765634862059258e-16,0.02563537747462226,0.021624896350007583,
72148bad82,40000,26,82940,829.4,101.12547051296875,1.1638691598148715e-16,0.02547200737121681,0.018823808107766724,
72148bad82,40000,27,86130,861.3,101.12547051296579,4.153025060341052e-17,0.0252341349813726,0.02070643397670464,
72148bad82,40000,28,89320,893.2,101.12547051296579,2.0986215741346953e-16,0.0252341349813726,0.019383903165223308,
72148bad82,40000,29,92510,925.1,101.12547051295782,2.35209964246141e-16,0.025404108418485307,0.020343401452798397,
72148bad82,40000,30,95700,957.0,101.12547051295391,1.1885615557819954e-16,0.025387697368633267,0.017854126277917458,
72148bad82,40000,31,98890,988.9,101.1254705129474,3.272890965941333e-17,0.025498614513812773,0.021099854259127623,
72148bad82,40000,32,102080,1020.8,101.1254705129474,2.910285417153649e-17,0.025498614513812773,0.018887666476541658,
72148bad82,40000,33,105270,1052.7,101.1254705129474,5.792694035797177e-17,0.025498614513812773,0.019096069532640748,
72148bad82,40000,34,108460,1084.6,101.12547051293768,2.193791777253663e-17,0.025481629177647343,0.019987327393216864,
72148bad82,40000,35,111650,1116.5,101.12547051293768,3.280914262495968e-17,0.025481629177647343,0.019373958534770915,
72148bad82,40000,36,114840,1148.4,101.12547051293768,3.157158550179276e-17,0.025481629177647343,0.020388196782099535,
72148bad82,40000,37,118030,1180.3,101.12547051293768,2.3702404412840065e-17,0.025481629177647343,0.020926618076802662,
72148bad82,40000,38,121220,1212.2,101.12547051293768,3.187101341075844e-17,0.025481629177647343,0.021147983731781887,
72148bad82,40000,39,124410,1244.1,101.12547051293768,4.0610935938550306e-17,0.025481629177647343,0.020002243728687065,
72148bad82,40000,40,127600,1276.0,101.12547051293768,5.777572331536532e-17,0.025481629177647343,0.018121644665301192,
72148bad82,40000,41,130790,1307.9,101.12547051292702,1.2065593223792493e-17,0.025448992215788026,0.021650012612685864,
72148bad82,40000,42,133980,1339.8,101.12547051292702,1.4135195685627884e-16,0.025448992215788026,0.017865908409616563,
72148bad82,40000,43,137170,1371.7,101.12547051291688,3.5089345457127375e-17,0.025605104503027012,0.019596505813265743,
72148bad82,40000,44,140360,1403.6,101.12547051291688,2.4062537176067836e-17,0.025605104503027012,0.019668751350726862,
72148bad82,40000,45,143550,1435.5,101.12547051291688,3.809878684176334e-17,0.025605104503027012,0.020945124600457877,
72148bad82,40000,46,146740,1467.4,101.12547051291688,4.613563723047424e-17,0.025605104503027012,0.020806024195466528,
72148bad82,40000,47,149930,1499.3,101.12547051291688,2.5765272719252738e-17,0.025605104503027012,0.018293779369276574,
72148bad82,40000,48,153120,1531.2,101.12547051291688,3.635351151800489e-17,0.025605104503027012,0.01983738405671346,
72148bad82,40000,49,156310,1563.1,101.12547051291688,6.502060190681654e-17,0.025605104503027012,0.020288575857098524,
72148bad82,40000,50,159500,1595.0,101.12547051291688,4.3090618699417987e-17,0.025605104503027012,0.020361598985404614,
72148bad82,40000,51,162690,1626.9,101.12547051291688,2.461725763340353e-17,0.025605104503027012,0.021718119945157103,
72148bad82,40000,52,165880,1658.8,101.12547051291688,6.462633655745468e-17,0.025605104503027012,0.020501056488463124,
72148bad82,40000,53,169070,1690.7,101.12547051290542,3.369657239965909e-17,0.02564434121498874,0.017172523530215908,
72148bad82,40000,54,172260,1722.6,101.12547051290542,3.27207877916822e-17,0.02564434121498874,0.020372507013563714,
72148bad82,40000,55,175450,1754.5,101.12547051290542,5.929091808093499e-17,0.02564434121498874,0.020969885439542223,
72148bad82,40000,56,178640,1786.4,101.12547051288061,3.465220684712739e-17,0.025591825760736785,0.01853560396773777,
72148bad82,40000,57,181830,1818.3,101.12547051288061,3.7020553744167804e-17,0.025591825760736785,0.020107545962605444,
72148bad82,40000,58,185020,1850.2,101.12547051288061,4.637873001351442e-17,0.025591825760736785,0.020832072733479805,
72148bad82,40000,59,188210,1882.1,101.12547051288061,4.8316859597060974e-17,0.025591825760736785,0.02137311309699894,
72148bad82,40000,60,191400,1914.0,101.12547051288061,1.969860508682775e-17,0.025591825760736785,0.01936851386573117,
72148bad82,40000,61,194590,1945.9,101.12547051288061,2.2746960629293467e-17,0.025591825760736785,0.018798409388019268,
72148bad82,40000,62,197780,1977.8,101.12547051288061,3.4068702201623474e-17,0.025591825760736785,0.020320847044699483,
72148bad82,40000,63,200970,2009.7,101.12547051288061,3.689434916876624e-17,0.025591825760736785,0.020453530593937026,
72148bad82,40000,64,204160,2041.6,101.12547051288061,2.641108723608789e-17,0.025591825760736785,0.019751316956247995,
72148bad82,40000,65,207350,2073.5,101.12547051288061,2.6092732862620188e-17,0.025591825760736785,0.01953257423825547,
72148bad82,40000,66,210540,2105.4,101.12547051288061,4.449388716570124e-17,0.025591825760736785,0.018524674408079558,
72148bad82,40000,67,213730,2137.3,101.12547051288061,2.9295233589823887e-17,0.025591825760736785,0.019365699755575182,
72148bad82,40000,68,216920,2169.2,101.12547051288061,3.491352386022515e-17,0.025591825760736785,0.019231055600112682,
72148bad82,40000,69,220110,2201.1,101.12547051288061,2.9908759736203376e-17,0.025591825760736785,0.02004736853804822,
72148bad82,40000,70,223300,2233.0,101.12547051288061,3.566794038136297e-17,0.025591825760736785,0.018492258726355185,
72148bad82,40000,71,226490,2264.9,101.12547051288061,3.6042751899996204e-17,0.025591825760736785,0.021082460766236148,
72148bad82,40000,72,229680,2296.8,101.12547051288061,4.2010610605325444e-17,0.025591825760736785,0.020848824557623415,
72148bad82,40000,73,232870,2328.7,101.12547051288061,2.5357477563307935e-17,0.025591825760736785,0.017417870959092575,
72148bad82,40000,74,236060,2360.6,101.12547051288061,2.9211685612602604e-17,0.025591825760736785,0.020717341876784538,
72148bad82,40000,75,239250,2392.5,101.12547051288061,4.726329332007024e-17,0.025591825760736785,0.022248027813743396,
72148bad82,40000,76,242440,2424.4,101.12547051288061,2.570911091179023e-17,0.025591825760736785,0.019823503591542672,
72148bad82,40000,77,245630,2456.3,101.12547051288061,1.3757162060042697e-16,0.025591825760736785,0.017526000970712493,
72148bad82,40000,78,248820,2488.2,101.12547051287477,4.1977563038524415e-17,0.02561403582421832,0.020069064053074397,
72148bad82,40000,79,252010,2520.1,101.12547051287477,3.9659894381936023e-17,0.02561403582421832,0.020184925231314266,
72148bad82,40000,80,255200,2552.0,101.12547051287477,4.0917730617308233e-17,0.02561403582421832,0.02002539783623979,
72148bad82,40000,81,258390,2583.9,101.12547051287477,4.4735568083300736e-17,0.02561403582421832,0.019790614180007108,
72148bad82,40000,82,261580,2615.8,101.12547051287477,4.2503999549179916e-17,0.02561403582421832,0.01942802817201615,
72148bad82,40000,83,264770,2647.7,101.12547051287477,2.1145034762563082e-17,0.02561403582421832,0.01942826350846186,
72148bad82,40000,84,267960,2679.6,101.12547051287477,2.950434094898057e-17,0.02561403582421832,0.021075749227455035,
72148bad82,40000,85,271150,2711.5,101.12547051287477,3.816036245870806e-16,0.02561403582421832,0.020202185476664598,
72148bad82,40000,86,274340,2743.4,101.1254705127839,3.464375251310677e-17,0.02398809894210205,0.01874978072659467,
72148bad82,40000,87,277530,2775.3,101.1254705127839,1.00587097957063e-16,0.02398809894210205,0.018120224361426105,
72148bad82,40000,88,280720,2807.2,101.12547051277566,4.6157022605097166e-17,0.024056067780042687,0.01706390203923077,
72148bad82,40000,89,283910,2839.1,101.12547051277566,1.6706232266088063e-17,0.024056067780042687,0.017644582473794,
72148bad82,40000,90,287100,2871.0,101.12547051277566,1.3879928349354822e-17,0.024056067780042687,0.019391641056025047,
72148bad82,40000,91,290290,2902.9,101.12547051277566,1.0998658880975928e-16,0.024056067780042687,0.019418379539459664,
72148bad82,40000,92,293480,2934.8,101.12547051275132,7.423900083802394e-17,0.02362174003404615,0.018435814847142767,
72148bad82,40000,93,296670,2966.7,101.12547051273731,8.902594440274642e-17,0.023676050249082703,0.01670734735813312,
72148bad82,40000,94,299860,2998.6,101.12547051269623,2.082983312620953e-17,0.023715764285667778,0.018196486375577265,
72148bad82,40000,95,303050,3030.5,101.12547051269623,1.949404532902726e-17,0.023715764285667778,0.017783459315146265,
72148bad82,40000,96,306240,3062.4,101.12547051269623,1.2865327373210072e-17,0.023715764285667778,0.01915214603917503,
72148bad82,40000,97,309430,3094.3,101.12547051269623,2.0155902014286627e-17,0.023715764285667778,0.018684102713183895,
72148bad82,40000,98,312620,3126.2,101.12547051269623,1.9270760223182227e-17,0.023715764285667778,0.01879380221902991,
72148bad82,40000,99,315810,3158.1,101.12547051269623,3.3677740331013567e-17,0.023715764285667778,0.018410693773229302,
72148bad82,40000,100,319000,3190.0,101.12547051269623,2.4228915139956182e-17,0.023715764285667778,0.017633309556840785,
72148bad82,40000,101,322190,3221.9,101.12547051269623,2.218113028773522e-17,0.023715764285667778,0.019147954180079522,
72148bad82,40000,102,325380,3253.8,101.12547051269623,2.8788391300813663e-17,0.023715764285667778,0.016760786409316712,
72148bad82,40000,103,328570,3285.7,101.12547051269623,2.908277048029862e-17,0.023715764285667778,0.020440487683372956,
72148bad82,40000,104,331760,3317.6,101.12547051269623,6.779362581048017e-17,0.023715764285667778,0.019316774469882274,
72148bad82,40000,105,334950,3349.5,101.12547051269162,3.512883494711988e-17,0.02372835559681377,0.018661282126690493,
72148bad82,40000,106,338140,3381.4,101.12547051269162,2.433879004646821e-17,0.02372835559681377,0.019086085853022187,
72148bad82,40000,107,341330,3413.3,101.12547051269162,3.4042834961062425e-17,0.02372835559681377,0.017373086298251756,
72148bad82,40000,108,344520,3445.2,101.12547051269162,5.145627351401942e-17,0.02372835559681377,0.018114763131901142,
72148bad82,40000,109,347710,3477.1,101.12547051269162,5.4646163460134655e-17,0.02372835559681377,0.016190349512133054,
72148bad82,40000,110,350900,3509.0,101.12547051269162,2.1585367087722687e-17,0.02372835559681377,0.01780862658789794,
72148bad82,40000,111,354090,3540.9,101.12547051269162,1.9055744124927938e-17,0.02372835559681377,0.01780618474423727,
72148bad82,40000,112,357280,3572.8,101.12547051269162,3.472099620356014e-17,0.02372835559681377,0.01988654270803498,
72148bad82,40000,113,360470,3604.7,101.12547051269162,2.2064972263260685e-17,0.02372835559681377,0.01823554222141899,
72148bad82,40000,114,363660,3636.6,101.12547051269162,3.134231230396201e-17,0.02372835559681377,0.018894741195680437,
72148bad82,40000,115,366850,3668.5,101.12547051269162,2.157629629991331e-17,0.02372835559681377,0.01709250963744536,
72148bad82,40000,116,370040,3700.4,101.12547051269162,2.8635493651246996e-16,0.02372835559681377,0.01920742717332251,
72148bad82,40000,117,373230,3732.3,101.12547051267704,1.5646060517801314e-16,0.024171559585766098,0.019153365632785947,
72148bad82,40000,118,376420,3764.2,101.12547051267109,2.913510966219217e-17,0.02394705039900631,0.020153348984940474,
72148bad82,40000,119,379610,3796.1,101.12547051267109,2.4347589438907144e-17,0.02394705039900631,0.01748119746194269,
72148bad82,40000,120,382800,3828.0,101.12547051267109,1.637568873589236e-17,0.02394705039900631,0.016001465298523195,
72148bad82,40000,121,385990,3859.9,101.12547051267109,2.7625313533834453e-17,0.02394705039900631,0.018011705138636737,
72148bad82,40000,122,389180,3891.8,101.12547051267109,2.0293812301354036e-17,0.02394705039900631,0.019190762805863588,
72148bad82,40000,123,392370,3923.7,101.12547051267109,3.2018972666242335e-17,0.02394705039900631,0.018962058475627125,
72148bad82,40000,124,395560,3955.6,101.12547051265393,4.017148145284298e-17,0.023942221835338586,0.017248771270524287,
72148bad82,40000,125,398750,3987.5,101.12547051265393,2.73048209287816e-17,0.023942221835338586,0.018648831815806757,
72148bad82,40000,126,401940,4019.4,101.12547051265393,1.7501853265578782e-17,0.023942221835338586,0.018040750477586003,
72148bad82,40000,127,405130,4051.3,101.12547051265393,4.127337485835532e-17,0.023942221835338586,0.0190355811308946,
72148bad82,40000,128,408320,4083.2,101.12547051265393,3.3411869975238864e-17,0.023942221835338586,0.019560709373701045,
72148bad82,40000,129,411510,4115.1,101.12547051265393,4.024017387818772e-17,0.023942221835338586,0.017790986504738652,
72148bad82,40000,130,414700,4147.0,101.12547051265393,6.17301471276525e-17,0.023942221835338586,0.0188043103125923,
72148bad82,40000,131,417890,4178.9,101.12547051265393,2.6206993303019572e-17,0.023942221835338586,0.018622021039554133,
72148bad82,40000,132,421080,4210.8,101.12547051265393,1.4808429297361262e-17,0.023942221835338586,0.018976625988619572,
72148bad82,40000,133,424270,4242.7,101.12547051265393,3.28629290155574e-17,0.023942221835338586,0.018322855393042646,
72148bad82,40000,134,427460,4274.6,101.12547051265393,1.357821767445666e-17,0.023942221835338586,0.02001057840065189,
72148bad82,40000,135,430650,4306.5,101.12547051265393,3.011029560036914e-17,0.023942221835338586,0.0188489676890278,
72148bad82,40000,136,433840,4338.4,101.12547051265393,2.455184449572343e-17,0.023942221835338586,0.018819899195110706,
72148bad82,40000,137,437030,4370.3,101.12547051265393,5.074404120689052e-17,0.023942221835338586,0.015078897924730267,
72148bad82,40000,138,440220,4402.2,101.12547051265393,2.1566453315082197e-17,0.023942221835338586,0.0181288465137036,
72148bad82,40000,139,443410,4434.1,101.12547051265393,3.102535163720613e-17,0.023942221835338586,0.016977252666464732,
72148bad82,40000,140,446600,4466.0,101.12547051265393,1.6166095458743108e-17,0.023942221835338586,0.01791033379305061,
72148bad82,40000,141,449790,4497.9,101.12547051265393,1.671262874943739e-17,0.023942221835338586,0.016730626913623044,
72148bad82,40000,142,452980,4529.8,101.12547051265393,2.9749424038816296e-17,0.023942221835338586,0.01834960735970593,
72148bad82,40000,143,456170,4561.7,101.12547051265393,3.750421944384765e-17,0.023942221835338586,0.019283762186741795,
72148bad82,40000,144,459360,4593.6,101.12547051265393,2.7648655413916505e-17,0.023942221835338586,0.01805605654785528,
72148bad82,40000,145,462550,4625.5,101.12547051265393,2.4859420108298678e-17,0.023942221835338586,0.017771160593446654,
72148bad82,40000,146,465740,4657.4,101.12547051265393,3.4729466689343475e-17,0.023942221835338586,0.018616442257026335,
72148bad82,40000,147,468930,4689.3,101.12547051265393,2.0183091962347502e-17,0.023942221835338586,0.016687746551604956,
72148bad82,40000,148,472120,4721.2,101.12547051265393,1.6345150752642956e-17,0.023942221835338586,0.018060650101952676,
72148bad82,40000,149,475310,4753.1,101.12547051265393,2.7326138007331357e-17,0.023942221835338586,0.017708700447635773,
72148bad82,40000,150,478500,4785.0,101.12547051265393,3.6936596542325e-17,0.023942221835338586,0.018206632391886343,
72148bad82,40000,151,481690,4816.9,101.12547051265393,2.7114713169554473e-17,0.023942221835338586,0.019090293923998657,
72148bad82,40000,152,484880,4848.8,101.12547051265393,4.122277514985342e-17,0.023942221835338586,0.019217257240468962,
72148bad82,40000,153,488070,4880.7,101.12547051264633,2.6490198373940917e-17,0.02394992641243119,0.018783842720889635,
72148bad82,40000,154,491260,4912.6,101.12547051264633,3.35124152399968e-17,0.02394992641243119,0.019324793173442774,
72148bad82,40000,155,494450,4944.5,101.12547051264633,3.345682364813807e-17,0.02394992641243119,0.017785927354486305,
72148bad82,40000,156,497640,4976.4,101.12547051264633,2.4250898232231115e-17,0.02394992641243119,0.01933213998374737,
72148bad82,40000,157,500830,5008.3,101.12547051264633,1.770825195105632e-17,0.02394992641243119,0.01733780596721693,
72148bad82,40000,158,504020,5040.2,101.12547051264633,2.22082073624088e-17,0.02394992641243119,0.01759334998589215,
72148bad82,40000,159,507210,5072.1,101.12547051264633,3.773759475347434e-17,0.02394992641243119,0.017684617114812323,
72148bad82,40000,160,510400,5104.0,101.12547051264633,2.759007853124381e-17,0.02394992641243119,0.017515097754856893,
72148bad82,40000,161,513590,5135.9,101.12547051264633,4.113938300027129e-17,0.02394992641243119,0.02137646296938856,
72148bad82,40000,162,516780,5167.8,101.12547051264633,1.587506284242089e-17,0.02394992641243119,0.01827459863604775,
72148bad82,40000,163,519970,5199.7,101.12547051264633,1.5737317740077978e-17,0.02394992641243119,0.018503108148430165,
72148bad82,40000,164,523160,5231.6,101.12547051264633,4.9016031306635066e-17,0.02394992641243119,0.018327684109616195,
72148bad82,40000,165,526350,5263.5,101.12547051264373,4.459349968076852e-17,0.023884331571348148,0.01840786168309634,
72148bad82,40000,166,529540,5295.4,101.12547051264373,8.094196327180292e-17,0.023884331571348148,0.017735735402929446,
72148bad82,40000,167,532730,5327.3,101.12547051264373,5.410162474360077e-17,0.023884331571348148,0.018503153316293222,
72148bad82,40000,168,535920,5359.2,101.12547051264373,3.873784129669633e-17,0.023884331571348148,0.019757795161494337,
72148bad82,40000,169,539110,5391.1,101.12547051264373,3.513920315357214e-17,0.023884331571348148,0.018023061446642556,
72148bad82,40000,170,542300,5423.0,101.12547051264373,2.717807822474017e-17,0.023884331571348148,0.0205351724177367,
72148bad82,40000,171,545490,5454.9,101.12547051264373,1.8329520530722195e-17,0.023884331571348148,0.019337599743464936,
72148bad82,40000,172,548680,5486.8,101.12547051264373,2.740222900485808e-17,0.023884331571348148,0.016214064583969064,
72148bad82,40000,173,551870,5518.7,101.12547051264373,2.7523412177348122e-17,0.023884331571348148,0.019024958156470026,
72148bad82,40000,174,555060,5550.6,101.12547051264373,3.717869039958638e-17,0.023884331571348148,0.020225895322395066,
72148bad82,40000,175,558250,5582.5,101.12547051264373,4.1121285519130657e-17,0.023884331571348148,0.018413784523535797,
72148bad82,40000,176,561440,5614.4,101.12547051264373,3.469377704567867e-17,0.023884331571348148,0.019492615600255746,
72148bad82,40000,177,564630,5646.3,101.12547051264373,2.705535897791089e-17,0.023884331571348148,0.01899591450531812,
72148bad82,40000,178,567820,5678.2,101.12547051264373,2.7035013180202726e-17,0.023884331571348148,0.01820529193405871,
72148bad82,40000,179,571010,5710.1,101.12547051264373,4.069258912693365e-17,0.023884331571348148,0.018657265246987718,
72148bad82,40000,180,574200,5742.0,101.12547051264373,2.759096703122699e-17,0.023884331571348148,0.018590731960373162,
72148bad82,40000,181,577390,5773.9,101.12547051264373,2.131487431323196e-17,0.023884331571348148,0.018750321667718017,
72148bad82,40000,182,580580,5805.8,101.12547051264373,2.7018272365899774e-17,0.023884331571348148,0.017587446916653867,
72148bad82,40000,183,583770,5837.7,101.12547051264373,4.7221603824915705e-17,0.023884331571348148,0.019118644413478714,
72148bad82,40000,184,586960,5869.6,101.12547051264373,3.364067824515776e-17,0.023884331571348148,0.0169966564556088,
72148bad82,40000,185,590150,5901.5,101.12547051264373,3.641838332997456e-17,0.023884331571348148,0.018140024899160143,
72148bad82,40000,186,593340,5933.4,101.12547051264373,6.087055590801265e-17,0.023884331571348148,0.017904917202567122,
72148bad82,40000,187,596530,5965.3,101.12547051264373,3.299519874987345e-17,0.023884331571348148,0.01910899639668159,
72148bad82,40000,188,599720,5997.2,101.12547051264373,4.0545382719390556e-17,0.023884331571348148,0.019500847407961864,
72148bad82,40000,189,602910,6029.1,101.12547051264373,4.089223167472122e-17,0.023884331571348148,0.019717211595656755,
72148bad82,40000,190,606100,6061.0,101.12547051264373,2.992771620142546e-17,0.023884331571348148,0.016208296580057034,
72148bad82,40000,191,609290,6092.9,101.12547051264373,1.3513653967973845e-17,0.023884331571348148,0.01787502828478031,
72148bad82,40000,192,612480,6124.8,101.12547051264373,2.248747366097747e-17,0.023884331571348148,0.02095314733900799,
72148bad82,40000,193,615670,6156.7,101.12547051264373,4.963237746092514e-17,0.023884331571348148,0.016889007693637038,
72148bad82,40000,194,618860,6188.6,101.12547051264373,5.811013005901733e-17,0.023884331571348148,0.018459216475597912,
72148bad82,40000,195,622050,6220.5,101.12547051264373,3.225296624621996e-17,0.023884331571348148,0.017878903501205516,
72148bad82,40000,196,625240,6252.4,101.12547051264373,4.630450831741221e-17,0.023884331571348148,0.02116967854387455,
72148bad82,40000,197,628430,6284.3,101.12547051264373,3.5324276396490133e-17,0.023884331571348148,0.017222299343485376,
72148bad82,40000,198,631620,6316.2,101.12547051264373,4.4394080578193737e-17,0.023884331571348148,0.019190086601996434,
72148bad82,40000,199,634810,6348.1,101.12547051264373,4.110834823066429e-17,0.023884331571348148,0.019274626851064073,
72148bad82,40000,200,638000,6380.0,101.12547051264373,4.927567976689698e-17,0.023884331571348148,0.018291655552886747,
72148bad82,40000,201,641190,6411.9,101.12547051264373,4.0325010888272083e-17,0.023884331571348148,0.018542467948133336,
72148bad82,40000,202,644380,6443.8,101.12547051264373,3.244047022378652e-17,0.023884331571348148,0.01853303607411369,
72148bad82,40000,203,647570,6475.7,101.12547051264373,3.1209573205771014e-17,0.023884331571348148,0.017105667672434106,
72148bad82,40000,204,650760,6507.6,101.12547051264373,2.898427882489109e-17,0.023884331571348148,0.019499277086702856,
72148bad82,40000,205,653950,6539.5,101.12547051264373,3.1025047885406704e-17,0.023884331571348148,0.016150114749225734,
72148bad82,40000,206,657140,6571.4,101.12547051264373,3.230931529127794e-17,0.023884331571348148,0.0171996921756402,
72148bad82,40000,207,660330,6603.3,101.12547051264373,3.601047711083484e-17,0.023884331571348148,0.01808133895314444,
72148bad82,40000,208,663520,6635.2,101.12547051264373,2.2290709732001014e-17,0.023884331571348148,0.02030805298067705,
72148bad82,40000,209,666710,6667.1,101.12547051264373,4.059338174650163e-17,0.023884331571348148,0.01899408480559537,
72148bad82,40000,210,669900,6699.0,101.12547051264373,3.9055573017390217e-17,0.023884331571348148,0.01678279504600463,
72148bad82,40000,211,673090,6730.9,101.12547051264373,2.7456858723346034e-17,0.023884331571348148,0.0186876547349501,
72148bad82,40000,212,676280,6762.8,101.12547051264373,2.2108024010929348e-17,0.023884331571348148,0.016835327686921753,
72148bad82,40000,213,679470,6794.7,101.12547051264373,3.3143644627093504e-17,0.023884331571348148,0.019135099452543693,
72148bad82,40000,214,682660,6826.6,101.12547051264373,3.013871450875878e-17,0.023884331571348148,0.01811812232730145,
72148bad82,40000,215,685850,6858.5,101.12547051264373,3.5903771461747666e-17,0.023884331571348148,0.020065755378998684,
72148bad82,40000,216,689040,6890.4,101.12547051264373,2.724642985390033e-17,0.023884331571348148,0.020282400925826862,
72148bad82,40000,217,692230,6922.3,101.12547051264373,4.879044718271423e-17,0.023884331571348148,0.018789051918224553,
72148bad82,40000,218,695420,6954.2,101.12547051264373,4.3895760102687024e-17,0.023884331571348148,0.017502755454346746,
72148bad82,40000,219,698610,6986.1,101.12547051264373,6.01959811615456e-17,0.023884331571348148,0.018891565108867144,
72148bad82,40000,220,701800,7018.0,101.12547051264373,5.1347101542504585e-17,0.023884331571348148,0.019025736807756318,
72148bad82,40000,221,704990,7049.9,101.12547051264373,3.51843964357801e-17,0.023884331571348148,0.017066222872294583,
72148bad82,40000,222,708180,7081.8,101.12547051264373,3.638999714048799e-17,0.023884331571348148,0.019318739921004337,
72148bad82,40000,223,711370,7113.7,101.12547051264373,4.959377031377266e-17,0.023884331571348148,0.01776471830464199,
72148bad82,40000,224,714560,7145.6,101.12547051264373,2.711998287646366e-17,0.023884331571348148,0.01796986563119768,
72148bad82,40000,225,717750,7177.5,101.12547051264373,4.9794953241441194e-17,0.023884331571348148,0.018101432685329728,
72148bad82,40000,226,720940,7209.4,101.12547051264373,3.015753618960791e-17,0.023884331571348148,0.016912086716790904,
72148bad82,40000,227,724130,7241.3,101.12547051264373,4.347156667955114e-17,0.023884331571348148,0.018143236065175664,
72148bad82,40000,228,727320,7273.2,101.12547051264373,3.7786503277184273e-17,0.023884331571348148,0.018252016484827972,
72148bad82,40000,229,730510,7305.1,101.12547051264373,5.142345721197379e-17,0.023884331571348148,0.01869579383831184,
72148bad82,40000,230,733700,7337.0,101.12547051264373,3.1005777970865577e-17,0.023884331571348148,0.017264683068685165,
72148bad82,40000,231,736890,7368.9,101.12547051264373,5.4007949507958685e-17,0.023884331571348148,0.018963759506527775,
72148bad82,40000,232,740080,7400.8,101.12547051264373,3.576600890553348e-17,0.023884331571348148,0.019763101200305472,
72148bad82,40000,233,743270,7432.7,101.12547051264373,2.3090014866502144e-17,0.023884331571348148,0.01788160962408584,
72148bad82,40000,234,746460,7464.6,101.12547051264373,3.428828550859647e-17,0.023884331571348148,0.01766736756004558,
72148bad82,40000,235,749650,7496.5,101.12547051264373,3.589502333233847e-17,0.023884331571348148,0.017922227143109173,
72148bad82,40000,236,752840,7528.4,101.12547051264373,2.7484369601303274e-17,0.023884331571348148,0.01849963175591518,
72148bad82,40000,237,756030,7560.3,101.12547051264373,5.4803909330940784e-17,0.023884331571348148,0.019768212665458054,
72148bad82,40000,238,759220,7592.2,101.12547051264373,4.4680152353306393e-17,0.023884331571348148,0.01934949461357838,
72148bad82,40000,239,762410,7624.1,101.12547051264373,4.081851973437324e-17,0.023884331571348148,0.01761437900954489,
72148bad82,40000,240,765600,7656.0,101.12547051264373,2.8696586356386307e-17,0.023884331571348148,0.01575056765298866,
72148bad82,40000,241,768790,7687.9,101.12547051264373,3.710138022005106e-17,0.023884331571348148,0.019223331795558737,
72148bad82,40000,242,771980,7719.8,101.12547051264373,3.352375159285946e-17,0.023884331571348148,0.018040272467094793,
72148bad82,40000,243,775170,7751.7,101.12547051264373,2.4413175612270432e-17,0.023884331571348148,0.018328803491542173,
72148bad82,40000,244,778360,7783.6,101.12547051264373,4.688341575633803e-17,0.023884331571348148,0.01953822418317463,
72148bad82,40000,245,781550,7815.5,101.12547051264373,3.0465281876794706e-17,0.023884331571348148,0.017201475037138363,
72148bad82,40000,246,784740,7847.4,101.12547051264373,2.7268581359404753e-17,0.023884331571348148,0.01885845743737509,
72148bad82,40000,247,787930,7879.3,101.12547051264373,3.3006555579767994e-17,0.023884331571348148,0.019439188106384352,
72148bad82,40000,248,791120,7911.2,101.12547051264373,5.050550995731101e-17,0.023884331571348148,0.016513955786028333,
72148bad82,40000,249,794310,7943.1,101.12547051264373,3.054474089299207e-17,0.023884331571348148,0.019813776836969284,
72148bad82,40000,250,797500,7975.0,101.12547051264373,4.3172573993468815e-17,0.023884331571348148,0.01814882602013613,
72148bad82,40000,251,800690,8006.9,101.12547051264373,2.6542130530927087e-17,0.023884331571348148,0.019860312475644397,
72148bad82,40000,252,803880,8038.8,101.12547051264373,5.56481362558654e-17,0.023884331571348148,0.019348797525698073,
72148bad82,40000,253,807070,8070.7,101.12547051264373,3.35866331689007e-17,0.023884331571348148,0.020129378704614946,
72148bad82,40000,254,810260,8102.6,101.12547051264373,2.7714980745201945e-17,0.023884331571348148,0.017626456203581355,
72148bad82,40000,255,813450,8134.5,101.12547051264373,3.5007836005268195e-17,0.023884331571348148,0.0194477132719412,
72148bad82,40000,256,816640,8166.4,101.12547051264373,2.7141951224817183e-17,0.023884331571348148,0.019350491568181544,
72148bad82,40000,257,819830,8198.3,101.12547051264373,2.957036187420351e-17,0.023884331571348148,0.01753698066768559,
72148bad82,40000,258,823020,8230.2,101.12547051264373,2.8091438639160233e-17,0.023884331571348148,0.01692700415253649,
72148bad82,40000,259,826210,8262.1,101.12547051264373,3.046199221697815e-17,0.023884331571348148,0.020385052997965086,
72148bad82,40000,260,829400,8294.0,101.12547051264373,5.04694423782812e-17,0.023884331571348148,0.018887802986737073,
72148bad82,40000,261,832590,8325.9,101.12547051264373,4.110057448744679e-17,0.023884331571348148,0.01887090269271611,
72148bad82,40000,262,835780,8357.8,101.12547051264373,2.7076309114499566e-17,0.023884331571348148,0.018931141568198917,
72148bad82,40000,263,838970,8389.7,101.12547051264373,5.1693048158586334e-17,0.023884331571348148,0.018294795267427562,
72148bad82,40000,264,842160,8421.6,101.12547051264373,4.296546882752874e-17,0.023884331571348148,0.018165166102487605,
72148bad82,40000,265,845350,8453.5,101.12547051264373,2.7034653928470695e-17,0.023884331571348148,0.02174771205450072,
72148bad82,40000,266,848540,8485.4,101.12547051264373,4.847309871820738e-17,0.023884331571348148,0.019563695844644315,
72148bad82,40000,267,851730,8517.3,101.12547051264373,1.9698674797300705e-17,0.023884331571348148,0.01717414993294157,
72148bad82,40000,268,854920,8549.2,101.12547051264373,2.702299194162333e-17,0.023884331571348148,0.020144412825679733,
72148bad82,40000,269,858110,8581.1,101.12547051264373,1.6175590087362294e-17,0.023884331571348148,0.01842409317454542,
72148bad82,40000,270,861300,8613.0,101.12547051264373,5.8657732542731e-17,0.023884331571348148,0.0193401049018404,
72148bad82,40000,271,864490,8644.9,101.12547051264373,3.9469843874075674e-17,0.023884331571348148,0.018238362325041006,
72148bad82,40000,272,867680,8676.8,101.12547051264373,3.6506432089677644e-17,0.023884331571348148,0.01699073851409889,
72148bad82,40000,273,870870,8708.7,101.12547051264373,2.5428148046574535e-17,0.023884331571348148,0.018184989372242485,
72148bad82,40000,274,874060,8740.6,101.12547051264373,1.1971581961278268e-17,0.023884331571348148,0.016858446694642096,
72148bad82,40000,275,877250,8772.5,101.12547051264373,5.115657467938476e-17,0.023884331571348148,0.019100892035563616,
72148bad82,40000,276,880440,8804.4,101.12547051264373,3.434594662244599e-17,0.023884331571348148,0.01742569439164735,
72148bad82,40000,277,883630,8836.3,101.12547051264373,2.634884342098351e-17,0.023884331571348148,0.019344784171794305,
72148bad82,40000,278,886820,8868.2,101.12547051264373,3.0611809575022345e-17,0.023884331571348148,0.01674570573171547,
72148bad82,40000,279,890010,8900.1,101.12547051264373,2.737152632222464e-17,0.023884331571348148,0.019770815206789562,
72148bad82,40000,280,893200,8932.0,101.12547051264373,4.8375534471136703e-17,0.023884331571348148,0.0184991663973736,
72148bad82,40000,281,896390,8963.9,101.12547051264373,4.20920394532261e-17,0.023884331571348148,0.01862951562309963,
72148bad82,40000,282,899580,8995.8,101.12547051264373,3.111373114234969e-17,0.023884331571348148,0.017325704399102693,
72148bad82,40000,283,902770,9027.7,101.12547051264373,2.275909967333899e-17,0.023884331571348148,0.018492225280301193,
72148bad82,40000,284,905960,9059.6,101.12547051264373,2.9312307092198176e-17,0.023884331571348148,0.018897000444401967,
72148bad82,40000,285,909150,9091.5,101.12547051264373,5.185146105786297e-17,0.023884331571348148,0.019443917455805433,
72148bad82,40000,286,912340,9123.4,101.12547051264373,7.697843273244831e-17,0.023884331571348148,0.018272940821349195,
72148bad82,40000,287,915530,9155.3,101.12547051264315,4.9188571895452146e-17,0.023919620174310638,0.019284701130169474,
72148bad82,40000,288,918720,9187.2,101.12547051264315,5.747867737393638e-17,0.023919620174310638,0.01698644221017991,
72148bad82,40000,289,921910,9219.1,101.12547051264315,3.5981909682921743e-17,0.023919620174310638,0.019957211635785434,
72148bad82,40000,290,925100,9251.0,101.12547051264315,4.0402689528606204e-17,0.023919620174310638,0.01813484987028265,
72148bad82,40000,291,928290,9282.9,101.12547051264315,5.838062480534773e-17,0.023919620174310638,0.017901039673432116,
72148bad82,40000,292,931480,9314.8,101.12547051264315,3.4953147028505775e-17,0.023919620174310638,0.019516484248690333,
72148bad82,40000,293,934670,9346.7,101.12547051264315,5.703058744555069e-17,0.023919620174310638,0.017868428243237436,
72148bad82,40000,294,937860,9378.6,101.12547051264315,5.684162544118871e-17,0.023919620174310638,0.01823915166427288,
72148bad82,40000,295,941050,9410.5,101.12547051264315,5.660981200884409e-17,0.023919620174310638,0.01976858814428436,
72148bad82,40000,296,944240,9442.4,101.12547051264315,4.328214364130462e-17,0.023919620174310638,0.017035826358372978,
72148bad82,40000,297,947430,9474.3,101.12547051264315,4.9203050943552495e-17,0.023919620174310638,0.018400448869971126,
72148bad82,40000,298,950620,9506.2,101.12547051264315,3.312941885595125e-17,0.023919620174310638,0.018684695102690663,
72148bad82,40000,299,953810,9538.1,101.12547051264315,3.959798176826129e-17,0.023919620174310638,0.018675253303331186,
72148bad82,40000,300,957000,9570.0,101.12547051264315,2.940392137509079e-17,0.023919620174310638,0.018531860015744743,
72148bad82,40000,301,960190,9601.9,101.12547051264315,3.1061768061741985e-17,0.023919620174310638,0.01807748867877125,
72148bad82,40000,302,963380,9633.8,101.12547051264315,5.236525104985717e-17,0.023919620174310638,0.01821185307257745,
72148bad82,40000,303,966570,9665.7,101.12547051264315,4.535231867171211e-17,0.023919620174310638,0.018875839272669823,
72148bad82,40000,304,969760,9697.6,101.12547051264315,2.748477066319496e-17,0.023919620174310638,0.01863523513503996,
72148bad82,40000,305,972950,9729.5,101.12547051264315,3.350185091075146e-17,0.023919620174310638,0.020028192632930087,
72148bad82,40000,306,976140,9761.4,101.12547051264315,5.14158160910183e-17,0.023919620174310638,0.018444013445718773,
72148bad82,40000,307,979330,9793.3,101.12547051264315,4.301959201329769e-17,0.023919620174310638,0.017251222862521162,
72148bad82,40000,308,982520,9825.2,101.12547051264315,5.77096891684942e-17,0.023919620174310638,0.019116311494600614,
72148bad82,40000,309,985710,9857.1,101.12547051264315,4.4407168899731866e-17,0.023919620174310638,0.016849530111342045,
72148bad82,40000,310,988900,9889.0,101.12547051264315,3.20911609879079e-17,0.023919620174310638,0.018995322810370474,
72148bad82,40000,311,992090,9920.9,101.12547051264315,3.393964713779537e-17,0.023919620174310638,0.01733432133860885,
72148bad82,40000,312,995280,9952.8,101.12547051264315,4.9167094731347637e-17,0.023919620174310638,0.019887819732076702,
72148bad82,40000,313,998470,9984.7,101.12547051264315,4.315652330668189e-17,0.023919620174310638,0.017280978805733056,
72148bad82,40000,314,1001660,10016.6,101.12547051264315,1.685163848767632e-17,0.023919620174310638,0.019627839878902598,
72148bad82,40000,315,1004850,10048.5,101.12547051264315,1.647912758937773e-17,0.023919620174310638,0.018956002277373155,
72148bad82,40000,316,1008040,10080.4,101.12547051264315,1.9464259695090022e-17,0.023919620174310638,0.017905031739393652,
72148bad82,40000,317,1011230,10112.3,101.12547051264315,4.103369197205692e-17,0.023919620174310638,0.01652985599679511,
72148bad82,40000,318,1014420,10144.2,101.12547051264315,4.3932532325928664e-17,0.023919620174310638,0.015224285467623232,
72148bad82,40000,319,1017610,10176.1,101.12547051264315,3.0992393550168066e-17,0.023919620174310638,0.020668232880571805,
72148bad82,40000,320,1020800,10208.0,101.12547051264315,4.259657011805944e-17,0.023919620174310638,0.018774776216570675,
72148bad82,40000,321,1023990,10239.9,101.12547051264315,2.7532999001290042e-17,0.023919620174310638,0.018456833170125003,
72148bad82,40000,322,1027180,10271.8,101.12547051264315,4.4325504793138366e-17,0.023919620174310638,0.01969817207507895,
72148bad82,40000,323,1030370,10303.7,101.12547051264315,3.4116143161366055e-17,0.023919620174310638,0.019123978816452405,
72148bad82,40000,324,1033560,10335.6,101.12547051264315,8.23981031503654e-17,0.023919620174310638,0.017656546265746222,
72148bad82,40000,325,1036750,10367.5,101.12547051263415,2.838168233204128e-17,0.023931544404736507,0.01839804889366814,
72148bad82,40000,326,1039940,10399.4,101.12547051263415,3.255317088237582e-17,0.023931544404736507,0.018203240025250023,
72148bad82,40000,327,1043130,10431.3,101.12547051263415,4.2391026353796694e-17,0.023931544404736507,0.016960014545613276,
72148bad82,40000,328,1046320,10463.2,101.12547051263415,2.7344509588345773e-17,0.023931544404736507,0.018438435992166873,
72148bad82,40000,329,1049510,10495.1,101.12547051263415,4.878374330603946e-17,0.023931544404736507,0.019528718061886267,
72148bad82,40000,330,1052700,10527.0,101.12547051263415,2.726781668830421e-17,0.023931544404736507,0.019586495248070337,
72148bad82,40000,331,1055890,10558.9,101.12547051263415,6.177113893056668e-17,0.023931544404736507,0.017233076223391073,
72148bad82,40000,332,1059080,10590.8,101.12547051263415,4.7407558854485975e-17,0.023931544404736507,0.020311617996958048,
72148bad82,40000,333,1062270,10622.7,101.12547051263415,5.727172771770812e-17,0.023931544404736507,0.018773672025541026,
72148bad82,40000,334,1065460,10654.6,101.12547051263415,4.8924409989758875e-17,0.023931544404736507,0.02092140483798462,
72148bad82,40000,335,1068650,10686.5,101.12547051263415,4.9221120021183205e-17,0.023931544404736507,0.01836650598588379,
72148bad82,40000,336,1071840,10718.4,101.12547051263415,3.689156229722813e-17,0.023931544404736507,0.016901482591309847,
72148bad82,40000,337,1075030,10750.3,101.12547051263415,3.338829086574417e-17,0.023931544404736507,0.018259600898259756,
72148bad82,40000,338,1078220,10782.2,101.12547051263415,5.258734515549152e-17,0.023931544404736507,0.017155247827721435,
72148bad82,40000,339,1081410,10814.1,101.12547051263415,4.4079978094153595e-17,0.023931544404736507,0.017842007085801397,
72148bad82,40000,340,1084600,10846.0,101.12547051263415,4.007180782859717e-17,0.023931544404736507,0.018240410135203142,
72148bad82,40000,341,1087790,10877.9,101.12547051263415,3.294431952893751e-17,0.023931544404736507,0.016574389698219356,
72148bad82,40000,342,1090980,10909.8,101.12547051263415,3.682637458914542e-17,0.023931544404736507,0.018935844400352397,
72148bad82,40000,343,1094170,10941.7,101.12547051263415,2.737602607943943e-17,0.023931544404736507,0.017357985609369457,
72148bad82,40000,344,1097360,10973.6,101.12547051263415,5.502822132769411e-17,0.023931544404736507,0.017361413445216998,
72148bad82,40000,345,1100550,11005.5,101.12547051263415,5.840292379601421e-17,0.023931544404736507,0.017741739308169222,
72148bad82,40000,346,1103740,11037.4,101.12547051263415,6.201854072263562e-17,0.023931544404736507,0.018836614727877423,
72148bad82,40000,347,1106930,11069.3,101.12547051263415,1.2836310346913944e-17,0.023931544404736507,0.01870725208424225,
72148bad82,40000,348,1110120,11101.2,101.12547051263415,5.756050407389014e-17,0.023931544404736507,0.018377287870433856,
72148bad82,40000,349,1113310,11133.1,101.12547051263415,4.1043418546758824e-17,0.023931544404736507,0.018750985666176095,
72148bad82,40000,350,1116500,11165.0,101.12547051263415,3.591284943519397e-17,0.023931544404736507,0.01776573329619348,
72148bad82,40000,351,1119690,11196.9,101.12547051263415,3.730422240206788e-17,0.023931544404736507,0.017842985366776958,
72148bad82,40000,352,1122880,11228.8,101.12547051263415,2.0047783968033073e-17,0.023931544404736507,0.019954884466581592,
72148bad82,40000,353,1126070,11260.7,101.12547051263415,5.925842596700897e-17,0.023931544404736507,0.017978179328569606,
72148bad82,40000,354,1129260,11292.6,101.12547051263415,2.246902311133221e-17,0.023931544404736507,0.019483564508876578,
72148bad82,40000,355,1132450,11324.5,101.12547051263415,5.0232208988047266e-17,0.023931544404736507,0.01750623070333834,
72148bad82,40000,356,1135640,11356.4,101.12547051263415,2.166488335126176e-17,0.023931544404736507,0.017841381001413983,
72148bad82,40000,357,1138830,11388.3,101.12547051263415,3.3841379498279654e-17,0.023931544404736507,0.018222491119244854,
72148bad82,40000,358,1142020,11420.2,101.12547051263415,3.356297405074447e-17,0.023931544404736507,0.018804451702389185,
72148bad82,40000,359,1145210,11452.1,101.12547051263415,3.105085140188431e-17,0.023931544404736507,0.01921396951808304,
72148bad82,40000,360,1148400,11484.0,101.12547051263415,2.7645994452862618e-17,0.023931544404736507,0.01790477219394624,
72148bad82,40000,361,1151590,11515.9,101.12547051263415,2.7543791093481394e-17,0.023931544404736507,0.019368079513090813,
72148bad82,40000,362,1154780,11547.8,101.12547051263415,3.05212218906983e-17,0.023931544404736507,0.01881578077627738,
72148bad82,40000,363,1157970,11579.7,101.12547051263415,4.951131769401362e-17,0.023931544404736507,0.020082303571646424,
72148bad82,40000,364,1161160,11611.6,101.12547051263415,4.0785452946296453e-17,0.023931544404736507,0.02002003607559106,
72148bad82,40000,365,1164350,11643.5,101.12547051263415,4.7753227854017975e-17,0.023931544404736507,0.01833847636335445,
72148bad82,40000,366,1167540,11675.4,101.12547051263415,3.173311206613322e-17,0.023931544404736507,0.019275692817580785,
72148bad82,40000,367,1170730,11707.3,101.12547051263415,6.148000858029812e-17,0.023931544404736507,0.01973078352899679,
72148bad82,40000,368,1173920,11739.2,101.12547051263415,4.5898123130579406e-17,0.023931544404736507,0.01635748863469398,
72148bad82,40000,369,1177110,11771.1,101.12547051263415,3.943810348024655e-17,0.023931544404736507,0.01810475249337595,
72148bad82,40000,370,1180300,11803.0,101.12547051263415,3.132546088026016e-17,0.023931544404736507,0.018614435039065617,
72148bad82,40000,371,1183490,11834.9,101.12547051263415,3.3637722790208775e-17,0.023931544404736507,0.019255988935594517,
72148bad82,40000,372,1186680,11866.8,101.12547051263415,2.41895010448672e-17,0.023931544404736507,0.018438100732408615,
72148bad82,40000,373,1189870,11898.7,101.12547051263415,2.7442809545508135e-17,0.023931544404736507,0.019014989360743778,
72148bad82,40000,374,1193060,11930.6,101.12547051263415,2.783187366825836e-17,0.023931544404736507,0.018238454081515542,
72148bad82,40000,375,1196250,11962.5,101.12547051263415,4.2977251350797515e-17,0.023931544404736507,0.01715822683914035,
72148bad82,40000,376,1199440,11994.4,101.12547051263415,2.732028706291107e-17,0.023931544404736507,0.019149969413214077,
72148bad82,40000,377,1202630,12026.3,101.12547051263415,5.60071627270508e-17,0.023931544404736507,0.018526732935287303,
72148bad82,40000,378,1205820,12058.2,101.12547051263415,2.4454781975925974e-17,0.023931544404736507,0.01796538381151916,
72148bad82,40000,379,1209010,12090.1,101.12547051263415,2.72217025447183e-17,0.023931544404736507,0.01849932518332744,
72148bad82,40000,380,1212200,12122.0,101.12547051263415,3.4112064468516803e-17,0.023931544404736507,0.017848584608518146,
72148bad82,40000,381,1215390,12153.9,101.12547051263415,2.5138223156758467e-17,0.023931544404736507,0.01983338225365928,
72148bad82,40000,382,1218580,12185.8,101.12547051263415,2.3325516609990365e-17,0.023931544404736507,0.018370330299276007,
72148bad82,40000,383,1221770,12217.7,101.12547051263415,3.60365123369161e-17,0.023931544404736507,0.019221996262301883,
72148bad82,40000,384,1224960,12249.6,101.12547051263415,4.0656267988423536e-17,0.023931544404736507,0.015770994498807357,
72148bad82,40000,385,1228150,12281.5,101.12547051263415,2.3167032701949776e-17,0.023931544404736507,0.019426980478595902,
72148bad82,40000,386,1231340,12313.4,101.12547051263415,4.402702242088638e-17,0.023931544404736507,0.014303521061803416,
72148bad82,40000,387,1234530,12345.3,101.12547051263415,1.6032400115438526e-17,0.023931544404736507,0.01964612447575273,
72148bad82,40000,388,1237720,12377.2,101.12547051263415,1.7320474442250245e-17,0.023931544404736507,0.019575872493198712,
72148bad82,40000,389,1240910,12409.1,101.12547051263415,4.3537019859646165e-17,0.023931544404736507,0.019091741564669293,
72148bad82,40000,390,1244100,12441.0,101.12547051263415,4.7457589219874436e-17,0.023931544404736507,0.018494634939937558,
72148bad82,40000,391,1247290,12472.9,101.12547051263415,2.7400619872784967e-17,0.023931544404736507,0.018782843373142274,
72148bad82,40000,392,1250480,12504.8,101.12547051263415,2.7337799329300172e-17,0.023931544404736507,0.01701860235968901,
72148bad82,40000,393,1253670,12536.7,101.12547051263415,3.486869984391287e-17,0.023931544404736507,0.017731091028515278,
72148bad82,40000,394,1256860,12568.6,101.12547051263415,3.517170517347608e-17,0.023931544404736507,0.017505370251564956,
72148bad82,40000,395,1260050,12600.5,101.12547051263415,5.468608110224684e-17,0.023931544404736507,0.01989607486807839,
72148bad82,40000,396,1263240,12632.4,101.12547051263415,3.999289603352678e-17,0.023931544404736507,0.020201497593630904,
72148bad82,40000,397,1266430,12664.3,101.12547051263415,3.627964417148749e-17,0.023931544404736507,0.01904241112936356,
72148bad82,40000,398,1269620,12696.2,101.12547051263415,2.4354341647249822e-17,0.023931544404736507,0.016750133389506084,
72148bad82,40000,399,1272810,12728.1,101.12547051263415,2.4121116312697688e-17,0.023931544404736507,0.018567284138026895,
72148bad82,40000,400,1276000,12760.0,101.12547051263415,1.3373482002928002e-17,0.023931544404736507,0.020107997498861305,
72148bad82,40000,401,1279190,12791.9,101.12547051263415,1.6559065698947223e-17,0.023931544404736507,0.01945193520439355,
72148bad82,40000,402,1282380,12823.8,101.12547051263415,3.4579780870822384e-17,0.023931544404736507,0.019713181156571787,
72148bad82,40000,403,1285570,12855.7,101.12547051263415,1.3645364084094288e-17,0.023931544404736507,0.017488390326722763,
72148bad82,40000,404,1288760,12887.6,101.12547051263415,1.9334733030608022e-17,0.023931544404736507,0.018180177918709427,
72148bad82,40000,405,1291950,12919.5,101.12547051263415,3.680614785714618e-17,0.023931544404736507,0.018227799845604388,
72148bad82,40000,406,1295140,12951.4,101.12547051263415,9.597157245881553e-15,0.023931544404736507,0.017870052292753548,
72148bad82,40000,407,1298330,12983.3,101.12547051242058,3.1176749401321403e-16,0.025563341048414845,0.01981959920029446,
72148bad82,40000,408,1301520,13015.2,101.1254705122922,1.485725055577568e-16,0.025487104397666667,0.018358131004881744,
72148bad82,40000,409,1304710,13047.1,101.12547051228525,1.172118123170877e-16,0.025450625176291007,0.01872310713431582,
72148bad82,40000,410,1307900,13079.0,101.1254705122033,2.2936868008545746e-17,0.025064443484134592,0.021376248812610875,
72148bad82,40000,411,1311090,13110.9,101.1254705122033,1.1466853644025197e-16,0.025064443484134592,0.02166045438485789,
72148bad82,40000,412,1314280,13142.8,101.12547051219828,6.361482099036502e-17,0.024715702320482494,0.019179555144486368,
72148bad82,40000,413,1317470,13174.7,101.12547051218499,2.9259549394416715e-17,0.024729185959637925,0.01984886098618435,
72148bad82,40000,414,1320660,13206.6,101.12547051218499,3.857973453339235e-17,0.024729185959637925,0.017924614087327463,
72148bad82,40000,415,1323850,13238.5,101.12547051218499,3.132840263846955e-17,0.024729185959637925,0.018170704264819707,
72148bad82,40000,416,1327040,13270.4,101.12547051218499,4.581423506274382e-17,0.024729185959637925,0.02115130636780844,
72148bad82,40000,417,1330230,13302.3,101.12547051218499,4.306988557602986e-17,0.024729185959637925,0.021443535475812143,
72148bad82,40000,418,1333420,13334.2,101.12547051218499,1.7012500619553542e-17,0.024729185959637925,0.02084363532082618,
72148bad82,40000,419,1336610,13366.1,101.12547051218499,2.813092342663083e-17,0.024729185959637925,0.02018579383447566,
72148bad82,40000,420,1339800,13398.0,101.12547051218499,4.968472351510983e-17,0.024729185959637925,0.017905855713244732,
72148bad82,40000,421,1342990,13429.9,101.12547051215915,2.797742210280572e-17,0.02469866711081019,0.019545092996185592,
72148bad82,40000,422,1346180,13461.8,101.12547051215915,2.1702729723449062e-17,0.02469866711081019,0.017939783364412216,
72148bad82,40000,423,1349370,13493.7,101.12547051215915,2.4333525325546862e-17,0.02469866711081019,0.018288112521189333,
72148bad82,40000,424,1352560,13525.6,101.12547051215915,2.803116086113867e-17,0.02469866711081019,0.02029097877965525,
72148bad82,40000,425,1355750,13557.5,101.12547051215915,2.2415756371626153e-16,0.02469866711081019,0.01959283955423391,
72148bad82,40000,426,1358940,13589.4,101.12547051209228,6.136076379710004e-17,0.023318262622883147,0.016698897869324845,
72148bad82,40000,427,1362130,13621.3,101.12547051209228,2.641673626532409e-17,0.023318262622883147,0.018673228563155345,
72148bad82,40000,428,1365320,13653.2,101.12547051209228,2.859734372892507e-17,0.023318262622883147,0.017722130439510125,
72148bad82,40000,429,1368510,13685.1,101.12547051209228,2.326914347581279e-17,0.023318262622883147,0.018604127338437613,
72148bad82,40000,430,1371700,13717.0,101.12547051209228,3.3253450974831085e-17,0.023318262622883147,0.01748610173758867,
72148bad82,40000,431,1374890,13748.9,101.12547051209228,3.4629284368400446e-17,0.023318262622883147,0.018493286188856983,
72148bad82,40000,432,1378080,13780.8,101.12547051209228,3.398367367432521e-17,0.023318262622883147,0.01831249607904768,
72148bad82,40000,433,1381270,13812.7,101.12547051209228,3.3008370148131e-17,0.023318262622883147,0.0178298866391625,
72148bad82,40000,434,1384460,13844.6,101.12547051209228,6.085061308175122e-17,0.023318262622883147,0.01939857393247385,
72148bad82,40000,435,1387650,13876.5,101.12547051209228,4.205475830158052e-17,0.023318262622883147,0.01752694571961534,
72148bad82,40000,436,1390840,13908.4,101.12547051209228,6.048296555275834e-17,0.023318262622883147,0.01897409494566825,
72148bad82,40000,437,1394030,13940.3,101.12547051209228,4.455406478629317e-17,0.023318262622883147,0.0178501466826665,
72148bad82,40000,438,1397220,13972.2,101.12547051209228,4.100281366046959e-17,0.023318262622883147,0.01869173313543809,
72148bad82,40000,439,1400410,14004.1,101.12547051209228,2.0088007700557185e-17,0.023318262622883147,0.018179037704909258,
72148bad82,40000,440,1403600,14036.0,101.12547051209228,4.964110044435808e-17,0.023318262622883147,0.018002732578716193,
72148bad82,40000,441,1406790,14067.9,101.12547051209228,3.1151641337271736e-17,0.023318262622883147,0.01839276044154111,
72148bad82,40000,442,1409980,14099.8,101.12547051209228,2.7409893018648915e-17,0.023318262622883147,0.019236830109242598,
72148bad82,40000,443,1413170,14131.7,101.12547051209228,4.8224079239430195e-17,0.023318262622883147,0.017994997984566045,
72148bad82,40000,444,1416360,14163.6,101.12547051209228,1.4345743085354612e-17,0.023318262622883147,0.016794232468854284,
72148bad82,40000,445,1419550,14195.5,101.12547051209228,4.263085649865685e-17,0.023318262622883147,0.014576080227277525,
72148bad82,40000,446,1422740,14227.4,101.12547051209228,2.5282021979385388e-17,0.023318262622883147,0.017267325471604707,
72148bad82,40000,447,1425930,14259.3,101.12547051209228,4.269457516036212e-17,0.023318262622883147,0.017612630901693307,
72148bad82,40000,448,1429120,14291.2,101.12547051209228,3.937069749649275e-17,0.023318262622883147,0.01935698644170369,
72148bad82,40000,449,1432310,14323.1,101.12547051209228,4.7933551019353426e-17,0.023318262622883147,0.018112356194502167,
72148bad82,40000,450,1435500,14355.0,101.12547051209228,3.038887375263339e-17,0.023318262622883147,0.015064417809699278,
72148bad82,40000,451,1438690,14386.9,101.12547051209228,2.686982248708433e-17,0.023318262622883147,0.0180328205304204,
72148bad82,40000,452,1441880,14418.8,101.12547051209228,2.3900352072158867e-16,0.023318262622883147,0.017868821821621753,
72148bad82,40000,453,1445070,14450.7,101.12547051205667,6.955694981133384e-17,0.02314116090577325,0.017934819687974154,
72148bad82,40000,454,1448260,14482.6,101.12547051205628,1.4010784644616877e-16,0.023074450884105677,0.017818782772226763,
72148bad82,40000,455,1451450,14514.5,101.12547051199337,5.988569885571965e-17,0.022792250542436103,0.01974741244754843,
72148bad82,40000,456,1454640,14546.4,101.12547051198656,6.637609984234582e-17,0.02285988390887442,0.017253470525212936,
72148bad82,40000,457,1457830,14578.3,101.12547051197289,1.5944202608783575e-17,0.02288327750899487,0.01701144075845497,
72148bad82,40000,458,1461020,14610.2,101.12547051197289,2.1083550338083262e-17,0.02288327750899487,0.01736984348339235,
72148bad82,40000,459,1464210,14642.1,101.12547051197289,2.3789864856951584e-17,0.02288327750899487,0.0184548955016801,
72148bad82,40000,460,1467400,14674.0,101.12547051197289,1.6600668516644295e-17,0.02288327750899487,0.018455575916401054,
72148bad82,40000,461,1470590,14705.9,101.12547051197289,3.652821359988087e-17,0.02288327750899487,0.016436975211106767,
72148bad82,40000,462,1473780,14737.8,101.12547051197289,4.2966971926157015e-17,0.02288327750899487,0.015659887478241305,
72148bad82,40000,463,1476970,14769.7,101.12547051197289,2.6272424329146817e-17,0.02288327750899487,0.016483122616709703,
72148bad82,40000,464,1480160,14801.6,101.12547051197289,4.032213537777392e-16,0.02288327750899487,0.018975390689165646,
72148bad82,40000,465,1483350,14833.5,101.1254705119715,1.6610004170749795e-17,0.02290168728311397,0.020500346207229063,
72148bad82,40000,466,1486540,14865.4,101.1254705119715,3.593129356403235e-17,0.02290168728311397,0.017078416189207656,
72148bad82,40000,467,1489730,14897.3,101.1254705119715,2.6093616767413626e-17,0.02290168728311397,0.017805259955524056,
72148bad82,40000,468,1492920,14929.2,101.1254705119715,2.0641796778862654e-17,0.02290168728311397,0.018613398133251486,
72148bad82,40000,469,1496110,14961.1,101.1254705119715,2.1774433068259855e-17,0.02290168728311397,0.017212915473442825,
72148bad82,40000,470,1499300,14993.0,101.1254705119715,2.82681480377421e-17,0.02290168728311397,0.0181710879756133,
72148bad82,40000,471,1502490,15024.9,101.1254705119715,2.287328647711762e-17,0.02290168728311397,0.017654337199709175,
72148bad82,40000,472,1505680,15056.8,101.1254705119715,3.2186910335875964e-17,0.02290168728311397,0.017465114814346053,
72148bad82,40000,473,1508870,15088.7,101.1254705119715,2.6021073390455488e-17,0.02290168728311397,0.018232748141153436,
72148bad82,40000,474,1512060,15120.6,101.1254705119715,2.5985648763623978e-17,0.02290168728311397,0.016700247015752893,
72148bad82,40000,475,1515250,15152.5,101.1254705119715,2.0390927952573516e-17,0.02290168728311397,0.01854641478501955,
72148bad82,40000,476,1518440,15184.4,101.1254705119715,2.761885925914381e-17,0.02290168728311397,0.01828193741533393,
72148bad82,40000,477,1521630,15216.3,101.1254705119715,2.047823339582149e-17,0.02290168728311397,0.01660144455416354,
72148bad82,40000,478,1524820,15248.2,101.1254705119715,2.9122234537419457e-17,0.02290168728311397,0.018290523718896563,
72148bad82,40000,479,1528010,15280.1,101.1254705119715,2.796554871816847e-17,0.02290168728311397,0.016227939271182264,
72148bad82,40000,480,1531200,15312.0,101.1254705119715,2.4997435021493088e-17,0.02290168728311397,0.017816114460176346,
72148bad82,40000,481,1534390,15343.9,101.1254705119715,2.7515443543857776e-17,0.02290168728311397,0.017016076314796662,
72148bad82,40000,482,1537580,15375.8,101.1254705119715,2.0212906198383894e-17,0.02290168728311397,0.01612665871155998,
72148bad82,40000,483,1540770,15407.7,101.1254705119715,1.1299980232030329e-17,0.02290168728311397,0.014447132271674618,
72148bad82,40000,484,1543960,15439.6,101.1254705119715,5.992219314773327e-17,0.02290168728311397,0.019408635602320253,
72148bad82,40000,485,1547150,15471.5,101.1254705119715,3.018279477965568e-17,0.02290168728311397,0.017304559896220185,
72148bad82,40000,486,1550340,15503.4,101.1254705119715,2.739530312106661e-17,0.02290168728311397,0.018028574157612172,
72148bad82,40000,487,1553530,15535.3,101.1254705119715,1.7678770101525937e-17,0.02290168728311397,0.018467752094596914,
72148bad82,40000,488,1556720,15567.2,101.1254705119715,1.5644784586536273e-17,0.02290168728311397,0.018183966117931227,
72148bad82,40000,489,1559910,15599.1,101.1254705119715,2.6491745234541693e-17,0.02290168728311397,0.01932389157518691,
72148bad82,40000,490,1563100,15631.0,101.1254705119715,1.8045915218682625e-17,0.02290168728311397,0.01729788080793977,
72148bad82,40000,491,1566290,15662.9,101.1254705119715,2.0372088043942005e-17,0.02290168728311397,0.018711758868108466,
72148bad82,40000,492,1569480,15694.8,101.1254705119715,3.240407940483384e-17,0.02290168728311397,0.017317480925966553,
72148bad82,40000,493,1572670,15726.7,101.1254705119715,2.5632227764774472e-17,0.02290168728311397,0.017456438203554754,
72148bad82,40000,494,1575860,15758.6,101.1254705119715,3.653634985763826e-17,0.02290168728311397,0.018442141001733543,
72148bad82,40000,495,1579050,15790.5,101.1254705119715,3.1666829393216915e-17,0.02290168728311397,0.01727407237255026,
72148bad82,40000,496,1582240,15822.4,101.1254705119715,2.639437848038534e-17,0.02290168728311397,0.017708226957538858,
72148bad82,40000,497,1585430,15854.3,101.1254705119715,2.919898778336046e-17,0.02290168728311397,0.015892619425819047,
72148bad82,40000,498,1588620,15886.2,101.1254705119715,3.4799892210413446e-17,0.02290168728311397,0.018153392589950267,
72148bad82,40000,499,1591810,15918.1,101.1254705119715,3.309646178809872e-17,0.02290168728311397,0.015365219111844646,
72148bad82,40000,500,1595000,15950.0,101.1254705119715,1.802129454581763e-17,0.02290168728311397,0.018901128000651395,
72148bad82,40000,501,1598190,15981.9,101.1254705119715,9.209947368370533e-17,0.02290168728311397,0.017294506590383944,
72148bad82,40000,502,1601380,16013.8,101.125470511971,2.4322821344252852e-17,0.022965029889752245,0.015785171298215234,
72148bad82,40000,503,1604570,16045.7,101.125470511971,4.776528625185365e-17,0.022965029889752245,0.018568854965917092,
72148bad82,40000,504,1607760,16077.6,101.125470511971,2.151974705408333e-17,0.022965029889752245,0.01716508339316769,
72148bad82,40000,505,1610950,16109.5,101.125470511971,1.8257947105132065e-17,0.022965029889752245,0.01945650861019138,
72148bad82,40000,506,1614140,16141.4,101.125470511971,2.0199573239689424e-17,0.022965029889752245,0.01683939750684396,
72148bad82,40000,507,1617330,16173.3,101.125470511971,6.422126855711138e-17,0.022965029889752245,0.017067574846836027,
72148bad82,40000,508,1620520,16205.2,101.125470511971,4.405789770414522e-16,0.022965029889752245,0.016700473309878276,
72148bad82,40000,509,1623710,16237.1,101.12547051193378,7.024920130877915e-17,0.022595319104421176,0.017852256447326208,
72148bad82,40000,510,1626900,16269.0,101.12547051192492,3.663352874876907e-17,0.022698262084649964,0.017131391909618186,
72148bad82,40000,511,1630090,16300.9,101.12547051192492,2.776360711026845e-17,0.022698262084649964,0.016048915844983164,
72148bad82,40000,512,1633280,16332.8,101.12547051192492,2.776962334130838e-16,0.022698262084649964,0.016711622878097118,
72148bad82,40000,513,1636470,16364.7,101.1254705119186,3.406210883526126e-17,0.02262021087970497,0.017564153839139073,
72148bad82,40000,514,1639660,16396.6,101.1254705118929,1.9703779429332415e-17,0.0226074362853279,0.01656052821830343,
72148bad82,40000,515,1642850,16428.5,101.1254705118929,1.3142503846166422e-17,0.0226074362853279,0.018129747690486912,
72148bad82,40000,516,1646040,16460.4,101.1254705118929,1.9598868834549755e-17,0.0226074362853279,0.018046711038187804,
72148bad82,40000,517,1649230,16492.3,101.1254705118929,1.3091640895324184e-17,0.0226074362853279,0.017737258642227596,
72148bad82,40000,518,1652420,16524.2,101.1254705118929,3.046312127826413e-17,0.0226074362853279,0.017027155428427906,
72148bad82,40000,519,1655610,16556.1,101.1254705118929,2.447560437162746e-17,0.0226074362853279,0.017275734021657174,
72148bad82,40000,520,1658800,16588.0,101.1254705118929,4.2165337350146353e-17,0.0226074362853279,0.015516850986626779,
72148bad82,40000,521,1661990,16619.9,101.1254705118929,2.749747282715107e-17,0.0226074362853279,0.018073761002038804,
72148bad82,40000,522,1665180,16651.8,101.1254705118929,1.0927281019249425e-17,0.0226074362853279,0.018057547860076486,
72148bad82,40000,523,1668370,16683.7,101.1254705118929,2.946584889453376e-17,0.0226074362853279,0.01774774501726957,
72148bad82,40000,524,1671560,16715.6,101.12547051188531,1.5887529832723523e-17,0.02256751488617759,0.017541123767951167,
72148bad82,40000,525,1674750,16747.5,101.12547051188531,2.6077385847074054e-17,0.02256751488617759,0.01764357092985801,
72148bad82,40000,526,1677940,16779.4,101.12547051188531,1.444761142773818e-17,0.02256751488617759,0.017119415427890295,
72148bad82,40000,527,1681130,16811.3,101.12547051188531,1.1028400086306644e-17,0.02256751488617759,0.01803986930929227,
72148bad82,40000,528,1684320,16843.2,101.12547051188531,1.2352613822844233e-17,0.02256751488617759,0.01908282097775151,
72148bad82,40000,529,1687510,16875.1,101.12547051188531,4.4248940743148694e-17,0.02256751488617759,0.017316848474816172,
72148bad82,40000,530,1690700,16907.0,101.12547051188531,1.1598606530243724e-17,0.02256751488617759,0.016269953621779496,
72148bad82,40000,531,1693890,16938.9,101.12547051188531,9.422060310668473e-18,0.02256751488617759,0.01816661664034153,
72148bad82,40000,532,1697080,16970.8,101.12547051188531,1.1943940006759656e-17,0.02256751488617759,0.01765565218199096,
72148bad82,40000,533,1700270,17002.7,101.12547051188531,3.901044757739876e-17,0.02256751488617759,0.017918217848877475,
72148bad82,40000,534,1703460,17034.6,101.12547051188531,1.1269454166371046e-17,0.02256751488617759,0.018387434156526185,
72148bad82,40000,535,1706650,17066.5,101.12547051188531,3.2608328527394497e-17,0.02256751488617759,0.016838334167201825,
72148bad82,40000,536,1709840,17098.4,101.12547051188531,5.195483903603267e-17,0.02256751488617759,0.01653119578765182,
72148bad82,40000,537,1713030,17130.3,101.12547051187342,3.4447514930862253e-17,0.02251696692320351,0.017728639836621714,
72148bad82,40000,538,1716220,17162.2,101.12547051187342,1.5515557053223797e-17,0.02251696692320351,0.01847852900134472,
72148bad82,40000,539,1719410,17194.1,101.12547051187342,1.9505107806649347e-17,0.02251696692320351,0.017793273144443098,
72148bad82,40000,540,1722600,17226.0,101.12547051187342,3.331426995976969e-17,0.02251696692320351,0.016672491128311272,
72148bad82,40000,541,1725790,17257.9,101.12547051187342,2.0335585018833873e-17,0.02251696692320351,0.018068007454088927,
72148bad82,40000,542,1728980,17289.8,101.12547051187342,1.0995711916952424e-17,0.02251696692320351,0.01655933166269848,
72148bad82,40000,543,1732170,17321.7,101.12547051187342,3.0662373299609357e-17,0.02251696692320351,0.01584734402261524,
72148bad82,40000,544,1735360,17353.6,101.12547051187342,1.992078686958737e-17,0.02251696692320351,0.017200438192143994,
72148bad82,40000,545,1738550,17385.5,101.12547051187342,2.029528554590456e-17,0.02251696692320351,0.016607074390223797,
72148bad82,40000,546,1741740,17417.4,101.12547051187342,5.1184447698607604e-17,0.02251696692320351,0.018196488364374586,
72148bad82,40000,547,1744930,17449.3,101.12547051187342,1.1639097616643786e-17,0.02251696692320351,0.018089782255426293,
72148bad82,40000,548,1748120,17481.2,101.12547051187342,3.083617960809928e-17,0.02251696692320351,0.017508844345855125,
72148bad82,40000,549,1751310,17513.1,101.12547051187342,2.868112170728847e-17,0.02251696692320351,0.01781480704783368,
72148bad82,40000,550,1754500,17545.0,101.12547051187342,5.1108432701798877e-17,0.02251696692320351,0.01749596486738331,
72148bad82,40000,551,1757690,17576.9,101.12547051184758,2.495904793831392e-17,0.022486447876699185,0.016059533014968985,
72148bad82,40000,552,1760880,17608.8,101.12547051184758,1.7622337338146932e-17,0.022486447876699185,0.017614231944691843,
72148bad82,40000,553,1764070,17640.7,101.12547051184758,1.5670495644923533e-17,0.022486447876699185,0.019438209488559045,
72148bad82,40000,554,1767260,17672.6,101.12547051184758,1.3543761324645607e-17,0.022486447876699185,0.017341479466080643,
72148bad82,40000,555,1770450,17704.5,101.12547051184758,2.5997640441133283e-17,0.022486447876699185,0.01888884684810688,
72148bad82,40000,556,1773640,17736.4,101.12547051184758,1.4366841298571486e-17,0.022486447876699185,0.01902189783559379,
72148bad82,40000,557,1776830,17768.3,101.12547051184758,2.355509670254084e-17,0.022486447876699185,0.017616489878146208,
72148bad82,40000,558,1780020,17800.2,101.12547051184758,1.3813369764657105e-17,0.022486447876699185,0.015652772618743118,
72148bad82,40000,559,1783210,17832.1,101.12547051184758,1.817814606273476e-17,0.022486447876699185,0.017563449677927563,
72148bad82,40000,560,1786400,17864.0,101.12547051184758,1.5307376091837124e-17,0.022486447876699185,0.01711290010506714,
72148bad82,40000,561,1789590,17895.9,101.12547051184758,1.3688641688539345e-17,0.022486447876699185,0.016199752911041015,
72148bad82,40000,562,1792780,17927.8,101.12547051184758,1.2519501107632454e-17,0.022486447876699185,0.016347513600487428,
72148bad82,40000,563,1795970,17959.7,101.12547051184758,1.1357664757469332e-17,0.022486447876699185,0.017841201757355932,
72148bad82,40000,564,1799160,17991.6,101.12547051184758,2.8076381919193544e-17,0.022486447876699185,0.015618251802873658,
72148bad82,40000,565,1802350,18023.5,101.12547051184758,1.730137906346031e-17,0.022486447876699185,0.017637296849713616,
72148bad82,40000,566,1805540,18055.4,101.12547051184758,1.3507417215744818e-17,0.022486447876699185,0.018626739129278622,
72148bad82,40000,567,1808730,18087.3,101.12547051184758,3.12290207423727e-17,0.022486447876699185,0.017648002823838282,
72148bad82,40000,568,1811920,18119.2,101.12547051184758,4.7676929440472784e-17,0.022486447876699185,0.01722548269019463,
72148bad82,40000,569,1815110,18151.1,101.12547051184758,1.251937299950764e-17,0.022486447876699185,0.01715587627047851,
72148bad82,40000,570,1818300,18183.0,101.12547051184758,1.6560738547375534e-17,0.022486447876699185,0.018654778328964804,
72148bad82,40000,571,1821490,18214.9,101.12547051184758,2.74318100875749e-17,0.022486447876699185,0.017861009860774383,
72148bad82,40000,572,1824680,18246.8,101.12547051184758,2.5805219481111774e-17,0.022486447876699185,0.01811236315368283,
72148bad82,40000,573,1827870,18278.7,101.12547051184758,1.15965851607614e-17,0.022486447876699185,0.017888343351968927,
72148bad82,40000,574,1831060,18310.6,101.12547051184758,1.564905276406459e-17,0.022486447876699185,0.01741874516198943,
72148bad82,40000,575,1834250,18342.5,101.12547051184758,1.569274661649227e-17,0.022486447876699185,0.016423060273334313,
72148bad82,40000,576,1837440,18374.4,101.12547051184758,2.572140717459942e-17,0.022486447876699185,0.016724992399227104,
72148bad82,40000,577,1840630,18406.3,101.12547051184758,1.6307586150662642e-17,0.022486447876699185,0.015761062327894385,
72148bad82,40000,578,1843820,18438.2,101.12547051184758,2.8219652278417045e-17,0.022486447876699185,0.017528245992463835,
72148bad82,40000,579,1847010,18470.1,101.12547051184758,2.5660640917181614e-17,0.022486447876699185,0.01834741048168605,
72148bad82,40000,580,1850200,18502.0,101.12547051184758,3.871937343479335e-17,0.022486447876699185,0.017405700577523844,
72148bad82,40000,581,1853390,18533.9,101.12547051184758,1.2868580937940109e-17,0.022486447876699185,0.01664819495463473,
72148bad82,40000,582,1856580,18565.8,101.12547051184758,1.624004635211189e-17,0.022486447876699185,0.017557798474856355,
72148bad82,40000,583,1859770,18597.7,101.12547051184758,2.4151183036382603e-17,0.022486447876699185,0.01779824240943661,
72148bad82,40000,584,1862960,18629.6,101.12547051184758,1.2602903040217e-17,0.022486447876699185,0.01627002121685826,
72148bad82,40000,585,1866150,18661.5,101.12547051184758,4.485827590953276e-17,0.022486447876699185,0.016648366308312696,
72148bad82,40000,586,1869340,18693.4,101.12547051184758,2.6834594768232236e-17,0.022486447876699185,0.018491670360821912,
72148bad82,40000,587,1872530,18725.3,101.12547051184758,8.862732036470227e-18,0.022486447876699185,0.017322326941406053,
72148bad82,40000,588,1875720,18757.2,101.12547051184758,1.4672714260148e-17,0.022486447876699185,0.01788156514319705,
72148bad82,40000,589,1878910,18789.1,101.12547051184758,1.43591869288918e-17,0.022486447876699185,0.017804869759462914,
72148bad82,40000,590,1882100,18821.0,101.12547051184758,9.455063545441061e-18,0.022486447876699185,0.01843793419029648,
72148bad82,40000,591,1885290,18852.9,101.12547051184758,1.4157507644434935e-17,0.022486447876699185,0.017252493370158776,
72148bad82,40000,592,1888480,18884.8,101.12547051184758,2.5914364757217313e-17,0.022486447876699185,0.015805375863895185,
72148bad82,40000,593,1891670,18916.7,101.12547051184758,3.543320911650864e-17,0.022486447876699185,0.018986303304635032,
72148bad82,40000,594,1894860,18948.6,101.12547051184758,1.6465162551833374e-17,0.022486447876699185,0.017392290793443607,
72148bad82,40000,595,1898050,18980.5,101.12547051184758,1.5827935039562214e-17,0.022486447876699185,0.01832341377578555,
72148bad82,40000,596,1901240,19012.4,101.12547051184758,2.5416407532442686e-17,0.022486447876699185,0.016680630823305977,
72148bad82,40000,597,1904430,19044.3,101.12547051184758,1.4414472514951107e-17,0.022486447876699185,0.018192482646308208,
72148bad82,40000,598,1907620,19076.2,101.12547051184758,1.3698044974735602e-17,0.022486447876699185,0.016609565478641834,
72148bad82,40000,599,1910810,19108.1,101.12547051184758,2.5566894249424296e-17,0.022486447876699185,0.019181934413185782,
72148bad82,40000,600,1914000,19140.0,101.12547051184758,1.3038351416170545e-17,0.022486447876699185,0.015063788568080844,
72148bad82,40000,601,1917190,19171.9,101.12547051184758,1.0151581705597124e-17,0.022486447876699185,0.01581827484968517,
72148bad82,40000,602,1920380,19203.8,101.12547051184758,3.2819755515544487e-17,0.022486447876699185,0.018782082497630553,
72148bad82,40000,603,1923570,19235.7,101.12547051184758,1.5850450410338822e-17,0.022486447876699185,0.018033905021568767,
72148bad82,40000,604,1926760,19267.6,101.12547051184758,5.2208643655651563e-17,0.022486447876699185,0.01783401713394383,
72148bad82,40000,605,1929950,19299.5,101.12547051184758,9.398106135176066e-18,0.022486447876699185,0.017260916113624753,
72148bad82,40000,606,1933140,19331.4,101.12547051184758,1.3298490414676814e-17,0.022486447876699185,0.01814877167404654,
72148bad82,40000,607,1936330,19363.3,101.12547051184758,1.0795506671260804e-17,0.022486447876699185,0.01871873766212822,
72148bad82,40000,608,1939520,19395.2,101.12547051184758,2.5489765235633318e-17,0.022486447876699185,0.018947468162837506,
72148bad82,40000,609,1942710,19427.1,101.12547051184758,9.181823912169129e-18,0.022486447876699185,0.019365529353282406,
72148bad82,40000,610,1945900,19459.0,101.12547051184758,1.6101422437449196e-17,0.022486447876699185,0.018123543000535352,
72148bad82,40000,611,1949090,19490.9,101.12547051184758,1.2754678147708028e-17,0.022486447876699185,0.01757702054632169,
72148bad82,40000,612,1952280,19522.8,101.12547051184758,4.0431728603233385e-17,0.022486447876699185,0.01848494469311868,
72148bad82,40000,613,1955470,19554.7,101.12547051184758,1.2123032095891322e-17,0.022486447876699185,0.01634114304438335,
72148bad82,40000,614,1958660,19586.6,101.12547051184758,1.396902179776571e-17,0.022486447876699185,0.018536270126906236,
72148bad82,40000,615,1961850,19618.5,101.12547051184758,6.816302226553238e-17,0.022486447876699185,0.017117081425402417,
72148bad82,40000,616,1965040,19650.4,101.12547051183223,1.0492491752103737e-17,0.022507373376252214,0.01713447988663727,
72148bad82,40000,617,1968230,19682.3,101.12547051183223,1.5377537441410255e-17,0.022507373376252214,0.017266660373150087,
72148bad82,40000,618,1971420,19714.2,101.12547051183223,1.1012739834285723e-16,0.022507373376252214,0.01798267966569402,
72148bad82,40000,619,1974610,19746.1,101.12547051180582,2.5941265946363197e-17,0.022470490899436726,0.018010562097824177,
72148bad82,40000,620,1977800,19778.0,101.12547051180582,1.3325092860345025e-17,0.022470490899436726,0.01675287004595899,
72148bad82,40000,621,1980990,19809.9,101.12547051180582,5.164888050972203e-17,0.022470490899436726,0.01702960072861501,
72148bad82,40000,622,1984180,19841.8,101.12547051180582,3.751399263672527e-17,0.022470490899436726,0.018297176884093436,
72148bad82,40000,623,1987370,19873.7,101.12547051180582,4.791110998570277e-17,0.022470490899436726,0.016822374161532046,
72148bad82,40000,624,1990560,19905.6,101.12547051180582,1.4580063849677813e-17,0.022470490899436726,0.01667009466843691,
72148bad82,40000,625,1993750,19937.5,101.12547051180582,1.471896403237069e-17,0.022470490899436726,0.01526166117557591,
72148bad82,40000,626,1996940,19969.4,101.12547051180582,1.4937156253490922e-17,0.022470490899436726,0.016475538315751714,
72148bad82,40000,627,2000130,20001.3,101.12547051180582,1.8577159445274824e-17,0.022470490899436726,0.017517534075115526,
72148bad82,40000,628,2003320,20033.2,101.12547051180582,1.5960653534679156e-17,0.022470490899436726,0.01727766878700533,
72148bad82,40000,629,2006510,20065.1,101.12547051180582,3.469111912142657e-17,0.022470490899436726,0.017632740091694802,
72148bad82,40000,630,2009700,20097.0,101.12547051180582,1.7463716259195845e-17,0.022470490899436726,0.016419187762176844,
72148bad82,40000,631,2012890,20128.9,101.12547051180582,3.261104487297436e-17,0.022470490899436726,0.017181286516251865,
72148bad82,40000,632,2016080,20160.8,101.12547051180582,1.644872722553575e-17,0.022470490899436726,0.016855951131941545,
72148bad82,40000,633,2019270,20192.7,101.12547051180582,1.1750414021384153e-17,0.022470490899436726,0.017145033140423042,
72148bad82,40000,634,2022460,20224.6,101.12547051180582,1.516719053987776e-17,0.022470490899436726,0.016478446227765106,
72148bad82,40000,635,2025650,20256.5,101.12547051180582,1.6664824835082437e-17,0.022470490899436726,0.01756802896303244,
72148bad82,40000,636,2028840,20288.4,101.12547051180582,1.5714808024583754e-17,0.022470490899436726,0.017481510635085396,
72148bad82,40000,637,2032030,20320.3,101.12547051180582,1.5934629419801244e-17,0.022470490899436726,0.018673075505023163,
72148bad82,40000,638,2035220,20352.2,101.12547051180582,1.512553536065868e-17,0.022470490899436726,0.017430198938108363,
72148bad82,40000,639,2038410,20384.1,101.12547051180582,1.4601243455088083e-17,0.022470490899436726,0.017778775903612692,
72148bad82,40000,640,2041600,20416.0,101.12547051180582,6.354418138562265e-17,0.022470490899436726,0.01735366184630334,
72148bad82,40000,641,2044790,20447.9,101.12547051180582,1.416421329663724e-17,0.022470490899436726,0.017847050336004852,
72148bad82,40000,642,2047980,20479.8,101.12547051180582,1.3292883008976475e-17,0.022470490899436726,0.016842799128357178,
72148bad82,40000,643,2051170,20511.7,101.12547051180582,2.5836342980449935e-17,0.022470490899436726,0.01627264435825243,
72148bad82,40000,644,2054360,20543.6,101.12547051180582,1.5183266818733564e-17,0.022470490899436726,0.017139286735930404,
72148bad82,40000,645,2057550,20575.5,101.12547051180582,2.0300718746553973e-17,0.022470490899436726,0.018543864868493562,
72148bad82,40000,646,2060740,20607.4,101.12547051180582,1.3770193017710543e-17,0.022470490899436726,0.017052370119298704,
72148bad82,40000,647,2063930,20639.3,101.12547051180582,1.5673455307858195e-17,0.022470490899436726,0.017970917030805073,
72148bad82,40000,648,2067120,20671.2,101.12547051180582,1.7343091097371854e-17,0.022470490899436726,0.01787426068839726,
72148bad82,40000,649,2070310,20703.1,101.12547051180582,1.2172293567800144e-17,0.022470490899436726,0.017546759022010333,
72148bad82,40000,650,2073500,20735.0,101.12547051180582,2.562503416144915e-17,0.022470490899436726,0.015379622930066035,
72148bad82,40000,651,2076690,20766.9,101.12547051180582,2.5136035368753273e-17,0.022470490899436726,0.015715740887380477,
72148bad82,40000,652,2079880,20798.8,101.12547051180582,1.2606161466516091e-17,0.022470490899436726,0.01819205449756204,
72148bad82,40000,653,2083070,20830.7,101.12547051180582,1.6408841808128834e-17,0.022470490899436726,0.017324470729685158,
72148bad82,40000,654,2086260,20862.6,101.12547051180582,1.336034253479269e-17,0.022470490899436726,0.018361645039106738,
72148bad82,40000,655,2089450,20894.5,101.12547051180582,1.484769530918092e-17,0.022470490899436726,0.01934481940593799,
72148bad82,40000,656,2092640,20926.4,101.12547051180582,1.2246239021969573e-17,0.022470490899436726,0.016321938935175122,
72148bad82,40000,657,2095830,20958.3,101.12547051180582,1.1273109021671469e-17,0.022470490899436726,0.018816920943147963,
72148bad82,40000,658,2099020,20990.2,101.12547051180582,1.4719665321698143e-17,0.022470490899436726,0.01686171822237643,
72148bad82,40000,659,2102210,21022.1,101.12547051180582,6.424667149465654e-17,0.022470490899436726,0.018732138729680874,
72148bad82,40000,660,2105400,21054.0,101.12547051180125,2.5526177205142575e-17,0.022500257302540044,0.016877323602195442,
72148bad82,40000,661,2108590,21085.9,101.12547051180125,4.515865926272356e-17,0.022500257302540044,0.017525983860951926,
72148bad82,40000,662,2111780,21117.8,101.12547051180125,1.745767382242265e-17,0.022500257302540044,0.014858928019779208,
72148bad82,40000,663,2114970,21149.7,101.12547051180125,1.6528409483513972e-17,0.022500257302540044,0.017797084933514076,
72148bad82,40000,664,2118160,21181.6,101.12547051180125,1.2706002415261174e-17,0.022500257302540044,0.017723127275068896,
72148bad82,40000,665,2121350,21213.5,101.12547051180125,3.894149182810011e-17,0.022500257302540044,0.017311624873574318,
72148bad82,40000,666,2124540,21245.4,101.12547051180125,3.035033021447311e-17,0.022500257302540044,0.016050891825233598,
72148bad82,40000,667,2127730,21277.3,101.12547051180125,1.1983525102140739e-17,0.022500257302540044,0.01708441249949126,
72148bad82,40000,668,2130920,21309.2,101.12547051180125,1.4363410812146427e-17,0.022500257302540044,0.01699875859466845,
72148bad82,40000,669,2134110,21341.1,101.12547051180125,1.7705572792452405e-17,0.022500257302540044,0.01835658417161447,
72148bad82,40000,670,2137300,21373.0,101.12547051180125,1.486347237769614e-17,0.022500257302540044,0.01561312526185295,
72148bad82,40000,671,2140490,21404.9,101.12547051180125,1.489165517625065e-17,0.022500257302540044,0.017490179742956625,
72148bad82,40000,672,2143680,21436.8,101.12547051180125,1.7725487770650374e-17,0.022500257302540044,0.01725552854165112,
72148bad82,40000,673,2146870,21468.7,101.12547051180125,8.598262008027053e-18,0.022500257302540044,0.017766224007405847,
72148bad82,40000,674,2150060,21500.6,101.12547051180125,2.1818795204531154e-17,0.022500257302540044,0.017806505512403425,
72148bad82,40000,675,2153250,21532.5,101.12547051180125,1.0994036457067159e-17,0.022500257302540044,0.016624743820938016,
72148bad82,40000,676,2156440,21564.4,101.12547051180125,1.5894833898412247e-17,0.022500257302540044,0.016042062728670797,
72148bad82,40000,677,2159630,21596.3,101.12547051180125,1.7615967485480937e-17,0.022500257302540044,0.01904558601246296,
72148bad82,40000,678,2162820,21628.2,101.12547051180125,2.0406563487939576e-17,0.022500257302540044,0.0165250361118502,
72148bad82,40000,679,2166010,21660.1,101.12547051180125,1.2036105903363815e-17,0.022500257302540044,0.01733613881855318,
72148bad82,40000,680,2169200,21692.0,101.12547051180125,1.2714905963638615e-17,0.022500257302540044,0.018333027010490856,
72148bad82,40000,681,2172390,21723.9,101.12547051180125,1.0805334933571173e-17,0.022500257302540044,0.019029715393007133,
72148bad82,40000,682,2175580,21755.8,101.12547051180125,2.933074524777551e-17,0.022500257302540044,0.01885034446564523,
72148bad82,40000,683,2178770,21787.7,101.12547051180125,1.2570244154502728e-17,0.022500257302540044,0.016206168494934708,
72148bad82,40000,684,2181960,21819.6,101.12547051180125,1.0271108182267223e-17,0.022500257302540044,0.01299959381831115,
72148bad82,40000,685,2185150,21851.5,101.12547051180125,8.763114722808207e-18,0.022500257302540044,0.015329809623389557,
72148bad82,40000,686,2188340,21883.4,101.12547051180125,5.442313813272974e-17,0.022500257302540044,0.017803237422909787,
72148bad82,40000,687,2191530,21915.3,101.12547051179615,1.8362962675559787e-17,0.02248397259527221,0.018581535119497398,
72148bad82,40000,688,2194720,21947.2,101.12547051179615,2.2999876968861834e-17,0.02248397259527221,0.017047524244378543,
72148bad82,40000,689,2197910,21979.1,101.12547051179615,1.9909344450914976e-17,0.02248397259527221,0.01712590788549152,
72148bad82,40000,690,2201100,22011.0,101.12547051179615,2.594822395136122e-17,0.02248397259527221,0.015356863299140357,
72148bad82,40000,691,2204290,22042.9,101.12547051179615,2.5889765137809747e-17,0.02248397259527221,0.015414717678065385,
72148bad82,40000,692,2207480,22074.8,101.12547051179615,6.802845138920677e-16,0.02248397259527221,0.018135207722647834,
72148bad82,40000,693,2210670,22106.7,101.12547051177592,4.020457774700376e-17,0.022977533483883004,0.017980794990549782,
72148bad82,40000,694,2213860,22138.6,101.12547051177592,3.904491927850236e-17,0.022977533483883004,0.016106239376664718,
72148bad82,40000,695,2217050,22170.5,101.12547051177592,3.607706907387874e-17,0.022977533483883004,0.018107876989474338,
72148bad82,40000,696,2220240,22202.4,101.12547051177592,3.4163560101936967e-17,0.022977533483883004,0.01876869955876961,
72148bad82,40000,697,2223430,22234.3,101.12547051177592,2.344017337493108e-17,0.022977533483883004,0.01811725625483697,
72148bad82,40000,698,2226620,22266.2,101.12547051177592,4.020533549781308e-17,0.022977533483883004,0.016928393284563168,
72148bad82,40000,699,2229810,22298.1,101.12547051175994,1.9864968339049505e-17,0.022981744664501105,0.018439998565328342,
72148bad82,40000,700,2233000,22330.0,101.12547051175994,4.88834005139697e-17,0.022981744664501105,0.017026129282020543,
72148bad82,40000,701,2236190,22361.9,101.12547051175994,1.8447680046447826e-17,0.022981744664501105,0.016629797632716343,
72148bad82,40000,702,2239380,22393.8,101.12547051175994,1.9167463845829094e-17,0.022981744664501105,0.01730360046753795,
72148bad82,40000,703,2242570,22425.7,101.12547051175994,1.1223333191163884e-17,0.022981744664501105,0.01949815403381326,
72148bad82,40000,704,2245760,22457.6,101.12547051175994,2.00506835533e-17,0.022981744664501105,0.016297170976659104,
72148bad82,40000,705,2248950,22489.5,101.12547051175994,1.6407369815827264e-17,0.022981744664501105,0.016876613098643443,
72148bad82,40000,706,2252140,22521.4,101.12547051175994,2.654398840321821e-17,0.022981744664501105,0.018839732757789166,
72148bad82,40000,707,2255330,22553.3,101.12547051175994,1.494491779813352e-17,0.022981744664501105,0.01912807848686171,
72148bad82,40000,708,2258520,22585.2,101.12547051175994,1.5427388268474993e-17,0.022981744664501105,0.018377174444727678,
72148bad82,40000,709,2261710,22617.1,101.12547051175994,1.1679237964254378e-17,0.022981744664501105,0.01781759231363395,
72148bad82,40000,710,2264900,22649.0,101.12547051175994,1.516344988638783e-17,0.022981744664501105,0.019756065218750958,
72148bad82,40000,711,2268090,22680.9,101.12547051175994,3.127596349779081e-17,0.022981744664501105,0.0182643329520005,
72148bad82,40000,712,2271280,22712.8,101.12547051175994,2.8812728801000204e-17,0.022981744664501105,0.016733467734710444,
72148bad82,40000,713,2274470,22744.7,101.12547051175994,1.6102215954991993e-17,0.022981744664501105,0.01664111805908533,
72148bad82,40000,714,2277660,22776.6,101.12547051175994,9.925432117904538e-18,0.022981744664501105,0.01767680306248837,
72148bad82,40000,715,2280850,22808.5,101.12547051175994,1.4405607623867576e-17,0.022981744664501105,0.017503219865829783,
72148bad82,40000,716,2284040,22840.4,101.12547051175994,1.3713926995548448e-17,0.022981744664501105,0.01646633948649125,
72148bad82,40000,717,2287230,22872.3,101.12547051175994,3.948719477380621e-17,0.022981744664501105,0.01736656102804145,
72148bad82,40000,718,2290420,22904.2,101.12547051175994,5.273147323785071e-17,0.022981744664501105,0.020109625911503618,
72148bad82,40000,719,2293610,22936.1,101.12547051175606,9.090105408246222e-18,0.02290362081970725,0.018385269098627133,
72148bad82,40000,720,2296800,22968.0,101.12547051175606,1.0017132847584894e-17,0.02290362081970725,0.016644985908258567,
72148bad82,40000,721,2299990,22999.9,101.12547051175606,1.1256862659337664e-17,0.02290362081970725,0.019356226173346827,
72148bad82,40000,722,2303180,23031.8,101.12547051175606,1.477378415588622e-17,0.02290362081970725,0.016183282088304985,
72148bad82,40000,723,2306370,23063.7,101.12547051175606,9.487531975039222e-17,0.02290362081970725,0.018722549060345834,
72148bad82,40000,724,2309560,23095.6,101.1254705117464,1.3528749670953454e-17,0.02297082105236183,0.015731849993870426,
72148bad82,40000,725,2312750,23127.5,101.1254705117464,1.602647767447823e-17,0.02297082105236183,0.016274626595685526,
72148bad82,40000,726,2315940,23159.4,101.1254705117464,1.4040566571079428e-17,0.02297082105236183,0.019371280487462585,
72148bad82,40000,727,2319130,23191.3,101.1254705117464,1.4772925009384913e-17,0.02297082105236183,0.01669931849788272,
72148bad82,40000,728,2322320,23223.2,101.1254705117464,1.6493095812183123e-17,0.02297082105236183,0.018067198509183525,
72148bad82,40000,729,2325510,23255.1,101.1254705117464,1.5252504320741506e-17,0.02297082105236183,0.017538808316399233,
72148bad82,40000,730,2328700,23287.0,101.1254705117464,1.0252001777963464e-17,0.02297082105236183,0.01853816966309895,
72148bad82,40000,731,2331890,23318.9,101.1254705117464,2.7647544403535402e-17,0.02297082105236183,0.017062726448145778,
72148bad82,40000,732,2335080,23350.8,101.1254705117464,1.3938888466428856e-17,0.02297082105236183,0.019663507256332247,
72148bad82,40000,733,2338270,23382.7,101.1254705117464,1.273195330760488e-17,0.02297082105236183,0.01790227335962944,
72148bad82,40000,734,2341460,23414.6,101.1254705117464,1.6623165360832435e-17,0.02297082105236183,0.019061762790845326,
72148bad82,40000,735,2344650,23446.5,101.1254705117464,5.628098802851443e-17,0.02297082105236183,0.018016840027819406,
72148bad82,40000,736,2347840,23478.4,101.1254705117464,1.6603514830306368e-17,0.02297082105236183,0.01734241053879941,
72148bad82,40000,737,2351030,23510.3,101.1254705117464,1.2275688960259788e-17,0.02297082105236183,0.018123798950425405,
72148bad82,40000,738,2354220,23542.2,101.1254705117464,1.9638931457843144e-17,0.02297082105236183,0.018036405936267208,
72148bad82,40000,739,2357410,23574.1,101.1254705117464,9.638018928684032e-18,0.02297082105236183,0.017663352689990575,
72148bad82,40000,740,2360600,23606.0,101.1254705117464,9.334797934581409e-18,0.02297082105236183,0.01818123342577362,
72148bad82,40000,741,2363790,23637.9,101.1254705117464,9.090544857072123e-18,0.02297082105236183,0.01996736581889444,
72148bad82,40000,742,2366980,23669.8,101.1254705117464,1.7027717744972734e-17,0.02297082105236183,0.017207045398980447,
72148bad82,40000,743,2370170,23701.7,101.1254705117464,1.431818720042476e-17,0.02297082105236183,0.01717438297408951,
72148bad82,40000,744,2373360,23733.6,101.1254705117464,1.4034115748643897e-17,0.02297082105236183,0.02046924833992703,
72148bad82,40000,745,2376550,23765.5,101.1254705117464,1.1118846182697547e-17,0.02297082105236183,0.020044853777153954,
72148bad82,40000,746,2379740,23797.4,101.1254705117464,1.3649467845415449e-17,0.02297082105236183,0.016874026995202882,
72148bad82,40000,747,2382930,23829.3,101.1254705117464,1.7423494867358996e-17,0.02297082105236183,0.016647682641948262,
72148bad82,40000,748,2386120,23861.2,101.1254705117464,2.1700500465303907e-17,0.02297082105236183,0.017088930607382095,
72148bad82,40000,749,2389310,23893.1,101.1254705117464,1.7961244670184375e-17,0.02297082105236183,0.016825744563771585,
72148bad82,40000,750,2392500,23925.0,101.1254705117464,1.0560067042921147e-17,0.02297082105236183,0.018236705209500933,
72148bad82,40000,751,2395690,23956.9,101.1254705117464,1.6433703576874208e-17,0.02297082105236183,0.01841382305833117,
72148bad82,40000,752,2398880,23988.8,101.1254705117464,1.4370920499422305e-17,0.02297082105236183,0.017455273501251492,
72148bad82,40000,753,2402070,24020.7,101.1254705117464,2.626913936372722e-17,0.02297082105236183,0.018285120609184018,
72148bad82,40000,754,2405260,24052.6,101.1254705117464,1.7828367176410655e-17,0.02297082105236183,0.017027911113848243,
72148bad82,40000,755,2408450,24084.5,101.1254705117464,1.329547620443112e-17,0.02297082105236183,0.015799083684013452,
72148bad82,40000,756,2411640,24116.4,101.1254705117464,1.635185564772637e-17,0.02297082105236183,0.016726441495822156,
72148bad82,40000,757,2414830,24148.3,101.1254705117464,3.764479380030482e-17,0.02297082105236183,0.018599932963443824,
72148bad82,40000,758,2418020,24180.2,101.1254705117464,1.4975495048900227e-17,0.02297082105236183,0.018318843959255,
72148bad82,40000,759,2421210,24212.1,101.1254705117464,1.6152258833831997e-17,0.02297082105236183,0.01675032565865199,
72148bad82,40000,760,2424400,24244.0,101.1254705117464,1.2083964093209894e-17,0.02297082105236183,0.016123297471416956,
72148bad82,40000,761,2427590,24275.9,101.1254705117464,1.539069975992266e-17,0.02297082105236183,0.017174021265605476,
72148bad82,40000,762,2430780,24307.8,101.1254705117464,1.553075992407754e-17,0.02297082105236183,0.017433354902233432,
72148bad82,40000,763,2433970,24339.7,101.1254705117464,2.0665599822150544e-17,0.02297082105236183,0.016686545521052594,
72148bad82,40000,764,2437160,24371.6,101.1254705117464,1.2967018510505734e-17,0.02297082105236183,0.019593326838382306,
72148bad82,40000,765,2440350,24403.5,101.1254705117464,1.611100279011896e-17,0.02297082105236183,0.017586421305689826,
72148bad82,40000,766,2443540,24435.4,101.1254705117464,1.1356206778576085e-17,0.02297082105236183,0.01688114297415733,
72148bad82,40000,767,2446730,24467.3,101.1254705117464,9.327455403755846e-18,0.02297082105236183,0.019025529015669358,
72148bad82,40000,768,2449920,24499.2,101.1254705117464,1.0496897190794501e-17,0.02297082105236183,0.01838709692016781,
72148bad82,40000,769,2453110,24531.1,101.1254705117464,1.3814225705640878e-17,0.02297082105236183,0.017507300390411738,
72148bad82,40000,770,2456300,24563.0,101.1254705117464,1.3069069012835412e-17,0.02297082105236183,0.018944151283908018,
72148bad82,40000,771,2459490,24594.9,101.1254705117464,1.6162974438358212e-17,0.02297082105236183,0.017210555277619253,
72148bad82,40000,772,2462680,24626.8,101.1254705117464,1.2792099898229141e-17,0.02297082105236183,0.018925553725324697,
72148bad82,40000,773,2465870,24658.7,101.1254705117464,1.6372883266588028e-17,0.02297082105236183,0.018337435390778707,
72148bad82,40000,774,2469060,24690.6,101.1254705117464,1.4839743868829432e-17,0.02297082105236183,0.016572061905228086,
72148bad82,40000,775,2472250,24722.5,101.1254705117464,1.3988312000594427e-17,0.02297082105236183,0.018161408844953437,
72148bad82,40000,776,2475440,24754.4,101.1254705117464,2.918189558910815e-17,0.02297082105236183,0.017959152445686334,
72148bad82,40000,777,2478630,24786.3,101.1254705117464,9.762716258784042e-18,0.02297082105236183,0.018976386769881545,
72148bad82,40000,778,2481820,24818.2,101.1254705117464,1.3049354882206855e-17,0.02297082105236183,0.016474364374029847,
72148bad82,40000,779,2485010,24850.1,101.1254705117464,9.14766398980857e-18,0.02297082105236183,0.017110648489171244,
72148bad82,40000,780,2488200,24882.0,101.1254705117464,2.554513280653579e-17,0.02297082105236183,0.017990694691182443,
72148bad82,40000,781,2491390,24913.9,101.1254705117464,1.2494827892047877e-17,0.02297082105236183,0.016012097217921045,
72148bad82,40000,782,2494580,24945.8,101.1254705117464,2.655352181081002e-17,0.02297082105236183,0.017246512686640195,
72148bad82,40000,783,2497770,24977.7,101.1254705117464,1.3830493900645468e-17,0.02297082105236183,0.016365017027483213,
72148bad82,40000,784,2500960,25009.6,101.1254705117464,1.430354694823791e-17,0.02297082105236183,0.017882449330894706,
72148bad82,40000,785,2504150,25041.5,101.1254705117464,1.9537824224228956e-17,0.02297082105236183,0.016193058846917092,
72148bad82,40000,786,2507340,25073.4,101.1254705117464,1.7718618445149292e-17,0.02297082105236183,0.017929292302699518,
72148bad82,40000,787,2510530,25105.3,101.1254705117464,1.0128007083650887e-17,0.02297082105236183,0.01755376114254904,
72148bad82,40000,788,2513720,25137.2,101.1254705117464,1.4853729073933476e-17,0.02297082105236183,0.01808240984113568,
72148bad82,40000,789,2516910,25169.1,101.1254705117464,1.5438633977837072e-17,0.02297082105236183,0.018152516231986732,
72148bad82,40000,790,2520100,25201.0,101.1254705117464,8.351325829687113e-18,0.02297082105236183,0.018444479825088275,
72148bad82,40000,791,2523290,25232.9,101.1254705117464,1.6639961162459025e-17,0.02297082105236183,0.017665661600313645,
72148bad82,40000,792,2526480,25264.8,101.1254705117464,1.156740137531003e-17,0.02297082105236183,0.017007179916349695,
72148bad82,40000,793,2529670,25296.7,101.1254705117464,1.7403747208329632e-17,0.02297082105236183,0.019551712494677242,
72148bad82,40000,794,2532860,25328.6,101.1254705117464,2.583440449944613e-17,0.02297082105236183,0.017808534120180606,
72148bad82,40000,795,2536050,25360.5,101.1254705117464,3.759609687828248e-17,0.02297082105236183,0.018683121251148276,
72148bad82,40000,796,2539240,25392.4,101.1254705117464,8.663582146833221e-18,0.02297082105236183,0.01874088494962387,
72148bad82,40000,797,2542430,25424.3,101.1254705117464,2.6290337185764086e-17,0.02297082105236183,0.016769181346724206,
72148bad82,40000,798,2545620,25456.2,101.1254705117464,1.3310203160942344e-17,0.02297082105236183,0.016090766354778845,
72148bad82,40000,799,2548810,25488.1,101.1254705117464,1.6043733390208128e-17,0.02297082105236183,0.015719137497007575,
72148bad82,40000,800,2552000,25520.0,101.1254705117464,3.6394914670844374e-17,0.02297082105236183,0.01835266836534604,
72148bad82,40000,801,2555190,25551.9,101.1254705117464,8.566017794435112e-18,0.02297082105236183,0.01696950249215231,
72148bad82,40000,802,2558380,25583.8,101.1254705117464,6.552367626278557e-17,0.02297082105236183,0.017841429275612743,
72148bad82,40000,803,2561570,25615.7,101.1254705117464,1.1930782941321896e-17,0.02297082105236183,0.01759513246950508,
72148bad82,40000,804,2564760,25647.6,101.1254705117464,8.803083795297799e-18,0.02297082105236183,0.018530681662763854,
72148bad82,40000,805,2567950,25679.5,101.1254705117464,9.356951199458367e-18,0.02297082105236183,0.016861070492637825,
72148bad82,40000,806,2571140,25711.4,101.1254705117464,1.6523354683348485e-17,0.02297082105236183,0.01864024138181491,
72148bad82,40000,807,2574330,25743.3,101.1254705117464,1.535679822137629e-17,0.02297082105236183,0.018517091457820475,
72148bad82,40000,808,2577520,25775.2,101.1254705117464,9.854105016694461e-18,0.02297082105236183,0.016035019979212466,
72148bad82,40000,809,2580710,25807.1,101.1254705117464,1.1340520529323595e-17,0.02297082105236183,0.018069689969105143,
72148bad82,40000,810,2583900,25839.0,101.1254705117464,3.568842383943594e-17,0.02297082105236183,0.018260630116717365,
72148bad82,40000,811,2587090,25870.9,101.1254705117464,1.086659566292695e-17,0.02297082105236183,0.01878145866098054,
72148bad82,40000,812,2590280,25902.8,101.1254705117464,1.8124118426930158e-17,0.02297082105236183,0.01905188417741808,
72148bad82,40000,813,2593470,25934.7,101.1254705117464,4.3878535553437844e-17,0.02297082105236183,0.016509391803618753,
72148bad82,40000,814,2596660,25966.6,101.1254705117464,5.81724715885452e-17,0.02297082105236183,0.016839172157325902,
72148bad82,40000,815,2599850,25998.5,101.1254705117464,2.450285045391276e-17,0.02297082105236183,0.018119457364909004,
72148bad82,40000,816,2603040,26030.4,101.1254705117464,2.6432635858150798e-17,0.02297082105236183,0.016524827859344747,
72148bad82,40000,817,2606230,26062.3,101.1254705117464,1.3159387471070784e-17,0.02297082105236183,0.017889003771338455,
72148bad82,40000,818,2609420,26094.2,101.1254705117464,1.6006126633591068e-17,0.02297082105236183,0.01905646776430857,
72148bad82,40000,819,2612610,26126.1,101.1254705117464,2.620187942660655e-17,0.02297082105236183,0.01878632864130316,
72148bad82,40000,820,2615800,26158.0,101.1254705117464,1.543893059906147e-17,0.02297082105236183,0.017022240526309088,
72148bad82,40000,821,2618990,26189.9,101.1254705117464,1.1529410473618416e-17,0.02297082105236183,0.01772275276327415,
72148bad82,40000,822,2622180,26221.8,101.1254705117464,4.58676906164738e-17,0.02297082105236183,0.018212260454873,
72148bad82,40000,823,2625370,26253.7,101.12547051173689,1.5332549398820488e-17,0.02294722297124864,0.01926834357877521,
72148bad82,40000,824,2628560,26285.6,101.12547051173689,7.431567813132363e-17,0.02294722297124864,0.017288933902003523,
72148bad82,40000,825,2631750,26317.5,101.12547051173689,2.8584668148325906e-17,0.02294722297124864,0.01770072169424103,
72148bad82,40000,826,2634940,26349.4,101.12547051173689,1.3074869593659352e-17,0.02294722297124864,0.018530399745035387,
72148bad82,40000,827,2638130,26381.3,101.12547051173689,2.6431818035154793e-17,0.02294722297124864,0.017852429755176133,
72148bad82,40000,828,2641320,26413.2,101.12547051173689,1.7011877569760587e-17,0.02294722297124864,0.01885937372334836,
72148bad82,40000,829,2644510,26445.1,101.12547051173689,1.0528309759060888e-16,0.02294722297124864,0.01838986282650172,
72148bad82,40000,830,2647700,26477.0,101.12547051173189,5.2851032654225645e-17,0.023057252088455073,0.017222213952351646,
72148bad82,40000,831,2650890,26508.9,101.12547051171275,3.7254998399287443e-17,0.02303218651388697,0.017848908375472133,
72148bad82,40000,832,2654080,26540.8,101.12547051171275,1.7491039077213858e-17,0.02303218651388697,0.01748458682124663,
72148bad82,40000,833,2657270,26572.7,101.12547051171275,3.361865825906326e-17,0.02303218651388697,0.01752506678694518,
72148bad82,40000,834,2660460,26604.6,101.12547051171275,3.029665354640377e-17,0.02303218651388697,0.01825497987911423,
72148bad82,40000,835,2663650,26636.5,101.12547051171275,2.948577913998935e-17,0.02303218651388697,0.01712384676683338,
72148bad82,40000,836,2666840,26668.4,101.12547051171275,2.6643229934161402e-17,0.02303218651388697,0.01857266046287996,
72148bad82,40000,837,2670030,26700.3,101.12547051171275,3.477330475548962e-17,0.02303218651388697,0.018671811996751133,
72148bad82,40000,838,2673220,26732.2,101.12547051171275,2.6220792322591576e-17,0.02303218651388697,0.018626828345237132,
72148bad82,40000,839,2676410,26764.1,101.12547051171275,3.421171290648633e-17,0.02303218651388697,0.01825952888495302,
72148bad82,40000,840,2679600,26796.0,101.12547051171275,2.4753555094033295e-17,0.02303218651388697,0.018885254299298694,
72148bad82,40000,841,2682790,26827.9,101.12547051171275,3.855900709245991e-17,0.02303218651388697,0.018222377351368568,
72148bad82,40000,842,2685980,26859.8,101.12547051171275,2.6163836075993473e-17,0.02303218651388697,0.018585148213951852,
72148bad82,40000,843,2689170,26891.7,101.12547051171275,3.2406938255120014e-17,0.02303218651388697,0.018828963408409234,
72148bad82,40000,844,2692360,26923.6,101.12547051171275,3.7284034288785533e-17,0.02303218651388697,0.016791090849696835,
72148bad82,40000,845,2695550,26955.5,101.12547051171275,3.076828389925347e-17,0.02303218651388697,0.01936608312577172,
72148bad82,40000,846,2698740,26987.4,101.12547051171275,4.780683026780213e-17,0.02303218651388697,0.017046167582178726,
72148bad82,40000,847,2701930,27019.3,101.12547051171275,2.6105644651701922e-17,0.02303218651388697,0.017890635339371012,
72148bad82,40000,848,2705120,27051.2,101.12547051171275,3.2080743485064027e-17,0.02303218651388697,0.01923660846353172,
72148bad82,40000,849,2708310,27083.1,101.12547051171275,3.40092390645416e-17,0.02303218651388697,0.019025276145487647,
72148bad82,40000,850,2711500,27115.0,101.12547051171275,3.221344140070844e-17,0.02303218651388697,0.017564744856047906,
72148bad82,40000,851,2714690,27146.9,101.12547051171275,2.6334996486760936e-17,0.02303218651388697,0.01764711032886887,
72148bad82,40000,852,2717880,27178.8,101.12547051171275,3.137488026735391e-17,0.02303218651388697,0.018625900505034,
72148bad82,40000,853,2721070,27210.7,101.12547051171275,4.162754536176135e-17,0.02303218651388697,0.01916474015509095,
72148bad82,40000,854,2724260,27242.6,101.12547051171275,2.605951581277468e-17,0.02303218651388697,0.01979825930505219,
72148bad82,40000,855,2727450,27274.5,101.12547051171275,6.891026069690811e-17,0.02303218651388697,0.01901169269324832,
72148bad82,40000,856,2730640,27306.4,101.12547051171275,2.7591898043505697e-17,0.02303218651388697,0.016993879916643376,
72148bad82,40000,857,2733830,27338.3,101.12547051171275,2.4658669150354618e-17,0.02303218651388697,0.018953439608926207,
72148bad82,40000,858,2737020,27370.2,101.12547051171275,2.6043112964305148e-17,0.02303218651388697,0.016286915440277418,
72148bad82,40000,859,2740210,27402.1,101.12547051171275,4.169365512578801e-17,0.02303218651388697,0.01900705443660284,
72148bad82,40000,860,2743400,27434.0,101.12547051171275,2.2039993173012113e-17,0.02303218651388697,0.01713535101330408,
72148bad82,40000,861,2746590,27465.9,101.12547051171275,4.283921122891522e-17,0.02303218651388697,0.01766705392271365,
72148bad82,40000,862,2749780,27497.8,101.12547051171275,4.112142043333893e-17,0.02303218651388697,0.01834534536164512,
72148bad82,40000,863,2752970,27529.7,101.12547051171275,4.589109528830639e-17,0.02303218651388697,0.017254720735556964,
72148bad82,40000,864,2756160,27561.6,101.12547051171275,2.0101945028796816e-17,0.02303218651388697,0.017067924663899937,
72148bad82,40000,865,2759350,27593.5,101.12547051171275,2.9097425906863646e-17,0.02303218651388697,0.016363323796613104,
72148bad82,40000,866,2762540,27625.4,101.12547051171275,3.859032466853497e-17,0.02303218651388697,0.01681330580298591,
72148bad82,40000,867,2765730,27657.3,101.12547051171275,2.5857553203916076e-17,0.02303218651388697,0.017907949503258552,
72148bad82,40000,868,2768920,27689.2,101.12547051171275,1.8041002825357558e-17,0.02303218651388697,0.015656611403576288,
72148bad82,40000,869,2772110,27721.1,101.12547051171275,4.314315241398282e-17,0.02303218651388697,0.01890686182439497,
72148bad82,40000,870,2775300,27753.0,101.12547051171275,2.890114926762727e-17,0.02303218651388697,0.01850281472346921,
72148bad82,40000,871,2778490,27784.9,101.12547051171275,2.682763651115489e-17,0.02303218651388697,0.018911496837249034,
72148bad82,40000,872,2781680,27816.8,101.12547051171275,2.5798043170530163e-17,0.02303218651388697,0.017676331029519023,
72148bad82,40000,873,2784870,27848.7,101.12547051171275,3.6757465667557874e-17,0.02303218651388697,0.018349973547302452,
72148bad82,40000,874,2788060,27880.6,101.12547051171275,2.912184183103583e-17,0.02303218651388697,0.018944618168035623,
72148bad82,40000,875,2791250,27912.5,101.12547051171275,3.5774556164712666e-17,0.02303218651388697,0.018550998765864114,
72148bad82,40000,876,2794440,27944.4,101.12547051171275,2.5132979280233817e-17,0.02303218651388697,0.01827241641308283,
72148bad82,40000,877,2797630,27976.3,101.12547051171275,3.781306571028098e-17,0.02303218651388697,0.017292215900764758,
72148bad82,40000,878,2800820,28008.2,101.12547051171275,4.780765262061251e-17,0.02303218651388697,0.017946394973639507,
72148bad82,40000,879,2804010,28040.1,101.12547051171275,3.7968110589791214e-17,0.02303218651388697,0.017437895954570768,
72148bad82,40000,880,2807200,28072.0,101.12547051171275,2.639709963761364e-17,0.02303218651388697,0.01906677795546054,
72148bad82,40000,881,2810390,28103.9,101.12547051171275,3.814371407719052e-17,0.02303218651388697,0.017032636116379403,
72148bad82,40000,882,2813580,28135.8,101.12547051171275,4.0160604802539917e-17,0.02303218651388697,0.017568759572104332,
72148bad82,40000,883,2816770,28167.7,101.12547051171275,5.784053384870659e-17,0.02303218651388697,0.015992795510618635,
72148bad82,40000,884,2819960,28199.6,101.12547051171275,3.194444822264857e-17,0.02303218651388697,0.01967661653507556,
72148bad82,40000,885,2823150,28231.5,101.12547051171275,2.5932458187906987e-17,0.02303218651388697,0.019105621525631788,
72148bad82,40000,886,2826340,28263.4,101.12547051171275,3.5412444151723234e-17,0.02303218651388697,0.018364897421579825,
72148bad82,40000,887,2829530,28295.3,101.12547051171275,2.382889734214349e-17,0.02303218651388697,0.01685864141627,
72148bad82,40000,888,2832720,28327.2,101.12547051171275,3.846110924063724e-17,0.02303218651388697,0.017594621016452136,
72148bad82,40000,889,2835910,28359.1,101.12547051171275,2.575048217518725e-17,0.02303218651388697,0.01708401105210491,
72148bad82,40000,890,2839100,28391.0,101.12547051171275,2.5791739770017886e-17,0.02303218651388697,0.01780868393893137,
72148bad82,40000,891,2842290,28422.9,101.12547051171275,2.265712240464373e-17,0.02303218651388697,0.017951549071839237,
72148bad82,40000,892,2845480,28454.8,101.12547051171275,4.1915892533842705e-17,0.02303218651388697,0.016665105073340816,
72148bad82,40000,893,2848670,28486.7,101.12547051171275,2.6571167232150543e-17,0.02303218651388697,0.016400161879621983,
72148bad82,40000,894,2851860,28518.6,101.12547051171275,3.967594838145691e-17,0.02303218651388697,0.01914119854680478,
72148bad82,40000,895,2855050,28550.5,101.12547051171275,2.5605999051078377e-17,0.02303218651388697,0.015950149572249446,
72148bad82,40000,896,2858240,28582.4,101.12547051171275,4.511466965583678e-17,0.02303218651388697,0.018550485523026065,
72148bad82,40000,897,2861430,28614.3,101.12547051171275,4.251089434444515e-17,0.02303218651388697,0.015113120133504389,
72148bad82,40000,898,2864620,28646.2,101.12547051171275,5.62376847374971e-17,0.02303218651388697,0.01699287806124978,
72148bad82,40000,899,2867810,28678.1,101.12547051171275,5.3827393765294126e-17,0.02303218651388697,0.018482279254758878,
72148bad82,40000,900,2871000,28710.0,101.12547051170405,3.913510144974721e-17,0.022982122167130612,0.018106620698425883,
72148bad82,40000,901,2874190,28741.9,101.12547051170405,4.286989313921683e-17,0.022982122167130612,0.01847794894415405,
72148bad82,40000,902,2877380,28773.8,101.12547051170405,2.7479250457335236e-17,0.022982122167130612,0.018265122817403872,
72148bad82,40000,903,2880570,28805.7,101.12547051170405,2.9600630785969163e-17,0.022982122167130612,0.017697799307441454,
72148bad82,40000,904,2883760,28837.6,101.12547051170405,4.0424469190013666e-17,0.022982122167130612,0.016841984235330554,
72148bad82,40000,905,2886950,28869.5,101.12547051170405,2.8192299574079385e-17,0.022982122167130612,0.017473396338198215,
72148bad82,40000,906,2890140,28901.4,101.12547051170405,3.1540244012964e-17,0.022982122167130612,0.017787984662051264,
72148bad82,40000,907,2893330,28933.3,101.12547051170405,2.90083767908048e-17,0.022982122167130612,0.01747034962759051,
72148bad82,40000,908,2896520,28965.2,101.12547051170405,4.612919889882002e-17,0.022982122167130612,0.01876951813455635,
72148bad82,40000,909,2899710,28997.1,101.12547051170405,6.449228386718581e-17,0.022982122167130612,0.01738803287576814,
72148bad82,40000,910,2902900,29029.0,101.12547051168615,3.167808315191752e-17,0.02299490519150818,0.017753231236795047,
72148bad82,40000,911,2906090,29060.9,101.12547051168615,2.8308660817319524e-17,0.02299490519150818,0.018076489221595247,
72148bad82,40000,912,2909280,29092.8,101.12547051168615,4.0113757631710153e-17,0.02299490519150818,0.018083168297244302,
72148bad82,40000,913,2912470,29124.7,101.12547051168615,2.988381839536294e-17,0.02299490519150818,0.017372667381335593,
72148bad82,40000,914,2915660,29156.6,101.12547051168615,2.8911527141025363e-17,0.02299490519150818,0.018673325030299188,
72148bad82,40000,915,2918850,29188.5,101.12547051168615,4.837288114045233e-17,0.02299490519150818,0.01806735800421657,
72148bad82,40000,916,2922040,29220.4,101.12547051168615,2.6465842786226234e-17,0.02299490519150818,0.018812509889295403,
72148bad82,40000,917,2925230,29252.3,101.12547051168615,3.33113787357609e-17,0.02299490519150818,0.01746516127211388,
72148bad82,40000,918,2928420,29284.2,101.12547051168615,3.035224543267025e-17,0.02299490519150818,0.017889109806696328,
72148bad82,40000,919,2931610,29316.1,101.12547051168615,2.2349223529499335e-17,0.02299490519150818,0.0187382670952441,
72148bad82,40000,920,2934800,29348.0,101.12547051168615,4.584355106326764e-17,0.02299490519150818,0.017541625482609867,
72148bad82,40000,921,2937990,29379.9,101.12547051168615,2.58131372016934e-17,0.02299490519150818,0.01881009588762072,
72148bad82,40000,922,2941180,29411.8,101.12547051168615,2.3661182983952226e-17,0.02299490519150818,0.01730329739886561,
72148bad82,40000,923,2944370,29443.7,101.12547051168615,2.232935094282346e-17,0.02299490519150818,0.01773957773741507,
72148bad82,40000,924,2947560,29475.6,101.12547051168615,5.3958027182200017e-17,0.02299490519150818,0.017797858869769614,
72148bad82,40000,925,2950750,29507.5,101.12547051168615,2.6627795316522017e-17,0.02299490519150818,0.017901783123806428,
72148bad82,40000,926,2953940,29539.4,101.12547051168615,2.4641215858030052e-17,0.02299490519150818,0.017752872909815146,
72148bad82,40000,927,2957130,29571.3,101.12547051168615,2.2769314893516182e-17,0.02299490519150818,0.017882356659765702,
72148bad82,40000,928,2960320,29603.2,101.12547051168615,3.5720840095499724e-17,0.02299490519150818,0.017444203022888856,
72148bad82,40000,929,2963510,29635.1,101.12547051168615,2.771970126673383e-17,0.02299490519150818,0.01794516805018228,
72148bad82,40000,930,2966700,29667.0,101.12547051168615,2.6450080000439267e-17,0.02299490519150818,0.015161503566942807,
72148bad82,40000,931,2969890,29698.9,101.12547051168615,2.966184897278253e-17,0.02299490519150818,0.01799868150985268,
72148bad82,40000,932,2973080,29730.8,101.12547051168615,7.057533009026775e-17,0.02299490519150818,0.01724931840310123,
72148bad82,40000,933,2976270,29762.7,101.12547051168615,6.85575032924356e-17,0.02299490519150818,0.017135962860516392,
72148bad82,40000,934,2979460,29794.6,101.12547051168542,3.699578028815181e-17,0.023058178745666326,0.019030517711733187,
72148bad82,40000,935,2982650,29826.5,101.12547051168542,2.7129576347740962e-17,0.023058178745666326,0.018202198094002312,
72148bad82,40000,936,2985840,29858.4,101.12547051168542,2.152239054511607e-17,0.023058178745666326,0.017637023614993277,
72148bad82,40000,937,2989030,29890.3,101.12547051168542,3.289355411656646e-17,0.023058178745666326,0.01872791251096769,
72148bad82,40000,938,2992220,29922.2,101.12547051168542,2.909631949587354e-17,0.023058178745666326,0.018244541240467583,
72148bad82,40000,939,2995410,29954.1,101.12547051168542,2.2433025584257355e-17,0.023058178745666326,0.01649940105308728,
72148bad82,40000,940,2998600,29986.0,101.12547051168542,2.4003275515735545e-17,0.023058178745666326,0.016575363810765888,
72148bad82,40000,941,3001790,30017.9,101.12547051168542,3.01718526180977e-17,0.023058178745666326,0.016453690404040315,
72148bad82,40000,942,3004980,30049.8,101.12547051168542,8.297506582877753e-17,0.023058178745666326,0.017735219440802374,
72148bad82,40000,943,3008170,30081.7,101.12547051167981,2.616382531177377e-17,0.023112704327872526,0.01752166804316253,
72148bad82,40000,944,3011360,30113.6,101.12547051167981,4.3738411391644554e-17,0.023112704327872526,0.0154593965713895,
72148bad82,40000,945,3014550,30145.5,101.12547051167981,4.8569995283803435e-17,0.023112704327872526,0.017609131699764486,
72148bad82,40000,946,3017740,30177.4,101.12547051167981,2.721862963475145e-17,0.023112704327872526,0.017467646154626586,
72148bad82,40000,947,3020930,30209.3,101.12547051167981,3.2754447036756905e-17,0.023112704327872526,0.016887325713104497,
72148bad82,40000,948,3024120,30241.2,101.12547051167981,2.759000919600103e-17,0.023112704327872526,0.017686028950994425,
72148bad82,40000,949,3027310,30273.1,101.12547051167981,2.4098519786933475e-17,0.023112704327872526,0.017197027311634548,
72148bad82,40000,950,3030500,30305.0,101.12547051167981,4.4688635776854206e-17,0.023112704327872526,0.019371285859590477,
72148bad82,40000,951,3033690,30336.9,101.12547051167981,3.244733327104426e-17,0.023112704327872526,0.016705076792320243,
72148bad82,40000,952,3036880,30368.8,101.12547051167981,4.0619972756650836e-17,0.023112704327872526,0.019196842410555335,
72148bad82,40000,953,3040070,30400.7,101.12547051167981,2.490238146364992e-17,0.023112704327872526,0.01914048101621565,
72148bad82,40000,954,3043260,30432.6,101.12547051167981,4.547232482015105e-17,0.023112704327872526,0.018323082319594813,
72148bad82,40000,955,3046450,30464.5,101.12547051167981,2.2623052272009048e-17,0.023112704327872526,0.018862971745980145,
72148bad82,40000,956,3049640,30496.4,101.12547051167981,2.862430931126447e-17,0.023112704327872526,0.01682815972466542,
72148bad82,40000,957,3052830,30528.3,101.12547051167981,2.887591845386245e-17,0.023112704327872526,0.018601995736380834,
72148bad82,40000,958,3056020,30560.2,101.12547051167981,2.2493273249823574e-17,0.023112704327872526,0.019358261216565607,
72148bad82,40000,959,3059210,30592.1,101.12547051167981,2.727713754098105e-17,0.023112704327872526,0.01645192676689287,
72148bad82,40000,960,3062400,30624.0,101.12547051167981,2.8562579085755274e-17,0.023112704327872526,0.017402692054348728,
72148bad82,40000,961,3065590,30655.9,101.12547051167981,2.4743297550055656e-17,0.023112704327872526,0.017940703363147223,
72148bad82,40000,962,3068780,30687.8,101.12547051167981,2.4100105041135592e-17,0.023112704327872526,0.01965954456251937,
72148bad82,40000,963,3071970,30719.7,101.12547051167981,3.1793942329339354e-17,0.023112704327872526,0.01756725810488653,
72148bad82,40000,964,3075160,30751.6,101.12547051167981,5.299621667125388e-17,0.023112704327872526,0.01894093826071523,
72148bad82,40000,965,3078350,30783.5,101.12547051167981,2.2312995869486597e-17,0.023112704327872526,0.0183033099660355,
72148bad82,40000,966,3081540,30815.4,101.12547051167981,2.460058385780903e-17,0.023112704327872526,0.018454611434302,
72148bad82,40000,967,3084730,30847.3,101.12547051167981,1.8537131473114245e-17,0.023112704327872526,0.019582173508606176,
72148bad82,40000,968,3087920,30879.2,101.12547051167981,3.3391531501018073e-17,0.023112704327872526,0.018859704084134007,
72148bad82,40000,969,3091110,30911.1,101.12547051167981,3.1101133198302424e-17,0.023112704327872526,0.017813239273632014,
72148bad82,40000,970,3094300,30943.0,101.12547051167981,2.02956413275841e-17,0.023112704327872526,0.017620521726218526,
72148bad82,40000,971,3097490,30974.9,101.12547051167981,3.474272255334129e-17,0.023112704327872526,0.017163883274230057,
72148bad82,40000,972,3100680,31006.8,101.12547051167981,2.7193110639343872e-17,0.023112704327872526,0.0157983382774806,
72148bad82,40000,973,3103870,31038.7,101.12547051167981,3.513172098545228e-17,0.023112704327872526,0.01763067425309615,
72148bad82,40000,974,3107060,31070.6,101.12547051167981,5.255029071048415e-17,0.023112704327872526,0.019510250350030685,
72148bad82,40000,975,3110250,31102.5,101.12547051167981,1.3643617081269652e-17,0.023112704327872526,0.01707586373736226,
72148bad82,40000,976,3113440,31134.4,101.12547051167981,2.88986516075997e-17,0.023112704327872526,0.018730993542030814,
72148bad82,40000,977,3116630,31166.3,101.12547051167981,5.043664143475829e-17,0.023112704327872526,0.017338549675024396,
72148bad82,40000,978,3119820,31198.2,101.12547051167981,2.6192093943512035e-17,0.023112704327872526,0.01885128914662594,
72148bad82,40000,979,3123010,31230.1,101.12547051167981,2.7175809263933393e-17,0.023112704327872526,0.017857791417161744,
72148bad82,40000,980,3126200,31262.0,101.12547051167981,2.738661310254193e-17,0.023112704327872526,0.01776856289206742,
72148bad82,40000,981,3129390,31293.9,101.12547051167981,5.3763075553786616e-17,0.023112704327872526,0.018422978128558795,
72148bad82,40000,982,3132580,31325.8,101.12547051167981,3.089567907492865e-17,0.023112704327872526,0.0157973322825368,
72148bad82,40000,983,3135770,31357.7,101.12547051167981,2.37111968646058e-17,0.023112704327872526,0.017791505287358428,
72148bad82,40000,984,3138960,31389.6,101.12547051167981,3.1776077685119504e-17,0.023112704327872526,0.01877049993995333,
72148bad82,40000,985,3142150,31421.5,101.12547051167981,2.061556365599625e-17,0.023112704327872526,0.017224717477022138,
72148bad82,40000,986,3145340,31453.4,101.12547051167981,3.3686993068563237e-17,0.023112704327872526,0.017872951442358686,
72148bad82,40000,987,3148530,31485.3,101.12547051167981,5.276246323573191e-17,0.023112704327872526,0.018198205762079738,
72148bad82,40000,988,3151720,31517.2,101.12547051167338,4.4613119987581645e-17,0.023116156559477026,0.017920342244487374,
72148bad82,40000,989,3154910,31549.1,101.12547051167338,2.0310539097799583e-17,0.023116156559477026,0.01827234526308257,
72148bad82,40000,990,3158100,31581.0,101.12547051167338,2.5331827195255696e-17,0.023116156559477026,0.017900392934472712,
72148bad82,40000,991,3161290,31612.9,101.12547051167338,3.6659918360910354e-17,0.023116156559477026,0.018478259014160326,
72148bad82,40000,992,3164480,31644.8,101.12547051167338,2.068037372926007e-17,0.023116156559477026,0.017568118797895205,
72148bad82,40000,993,3167670,31676.7,101.12547051167338,2.4562471010206528e-17,0.023116156559477026,0.017759566310372975,
72148bad82,40000,994,3170860,31708.6,101.12547051167338,2.5747707178200568e-17,0.023116156559477026,0.018866541599698902,
72148bad82,40000,995,3174050,31740.5,101.12547051167338,6.162392046476235e-17,0.023116156559477026,0.0170326928027878,
72148bad82,40000,996,3177240,31772.4,101.12547051167338,2.4971054650998534e-17,0.023116156559477026,0.017936548686853047,
72148bad82,40000,997,3180430,31804.3,101.12547051167338,2.6932754863920114e-17,0.023116156559477026,0.01934564515484503,
72148bad82,40000,998,3183620,31836.2,101.12547051167338,2.536075470981097e-17,0.023116156559477026,0.016841232234698966,
72148bad82,40000,999,3186810,31868.1,101.12547051167338,3.7961834781782296e-17,0.023116156559477026,0.01916767828803882,
72148bad82,40000,1000,3190000,31900.0,101.12547051167338,3.5461710759143505e-17,0.023116156559477026,0.01819823522954569,
72148bad82,40000,1001,3193190,31931.9,101.12547051167338,4.023025515633591e-17,0.023116156559477026,0.01715921619611508,
72148bad82,40000,1002,3196380,31963.8,101.12547051167338,1.9586723981955976e-17,0.023116156559477026,0.018566088239840663,
72148bad82,40000,1003,3199570,31995.7,101.12547051167338,3.289540879143234e-17,0.023116156559477026,0.018385519932532644,
72148bad82,40000,1004,3202760,32027.6,101.12547051167338,1.9934066388951084e-17,0.023116156559477026,0.018229332682132796,
72148bad82,40000,1005,3205950,32059.5,101.12547051167338,3.139495545544059e-17,0.023116156559477026,0.01898242101900009,
72148bad82,40000,1006,3209140,32091.4,101.12547051167338,2.2864888936528452e-17,0.023116156559477026,0.016968072912293145,
72148bad82,40000,1007,3212330,32123.3,101.12547051167338,9.869239973293811e-18,0.023116156559477026,0.019148118805561137,
72148bad82,40000,1008,3215520,32155.2,101.12547051167338,3.003822724383937e-17,0.023116156559477026,0.017479563246377797,
72148bad82,40000,1009,3218710,32187.1,101.12547051167338,5.277373678842887e-17,0.023116156559477026,0.017549272642507968,
72148bad82,40000,1010,3221900,32219.0,101.12547051167338,2.6241754811187742e-17,0.023116156559477026,0.0168715743977904,
72148bad82,40000,1011,3225090,32250.9,101.12547051167338,1.2429805480434813e-17,0.023116156559477026,0.018869390372123408,
72148bad82,40000,1012,3228280,32282.8,101.12547051167338,2.0800944312506106e-17,0.023116156559477026,0.017632959352111687,
72148bad82,40000,1013,3231470,32314.7,101.12547051167338,2.4042104070483403e-17,0.023116156559477026,0.01786753185324133,
72148bad82,40000,1014,3234660,32346.6,101.12547051167338,2.6547446907801584e-17,0.023116156559477026,0.017825692175592454,
72148bad82,40000,1015,3237850,32378.5,101.12547051167338,7.299188757462557e-17,0.023116156559477026,0.01897981925637775,
72148bad82,40000,1016,3241040,32410.4,101.12547051165355,2.9428644655015684e-17,0.02306606081173605,0.018422356817048114,
72148bad82,40000,1017,3244230,32442.3,101.12547051165355,1.4123668109083204e-17,0.02306606081173605,0.01769430461352982,
72148bad82,40000,1018,3247420,32474.2,101.12547051165355,4.0063188791315625e-17,0.02306606081173605,0.01807208295611003,
72148bad82,40000,1019,3250610,32506.1,101.12547051164793,2.359451238441641e-17,0.023120586354579652,0.019466607690716925,
72148bad82,40000,1020,3253800,32538.0,101.12547051164793,3.240017032737809e-17,0.023120586354579652,0.01819069022224885,
72148bad82,40000,1021,3256990,32569.9,101.12547051164793,2.161219714177322e-17,0.023120586354579652,0.016564971557712645,
72148bad82,40000,1022,3260180,32601.8,101.12547051164793,2.7788123687956247e-17,0.023120586354579652,0.016846108579434874,
72148bad82,40000,1023,3263370,32633.7,101.12547051164793,2.6262206288075885e-17,0.023120586354579652,0.017144372816016912,
72148bad82,40000,1024,3266560,32665.6,101.12547051164793,5.3925701248751183e-17,0.023120586354579652,0.01799830820142663,
72148bad82,40000,1025,3269750,32697.5,101.12547051164681,3.4473590591104554e-17,0.02305685726639279,0.01664674486153674,
72148bad82,40000,1026,3272940,32729.4,101.12547051164681,4.4581549324348554e-17,0.02305685726639279,0.01798000565139816,
72148bad82,40000,1027,3276130,32761.3,101.12547051164681,2.7087852968978142e-17,0.02305685726639279,0.017167372923619945,
72148bad82,40000,1028,3279320,32793.2,101.12547051164681,2.1453442792822726e-17,0.02305685726639279,0.01731883588162162,
72148bad82,40000,1029,3282510,32825.1,101.12547051164681,2.9289665471051516e-17,0.02305685726639279,0.01683460980732979,
72148bad82,40000,1030,3285700,32857.0,101.12547051164681,1.8426118434380355e-17,0.02305685726639279,0.01629234992304985,
72148bad82,40000,1031,3288890,32888.9,101.12547051164681,1.7730793572304572e-17,0.02305685726639279,0.018867113085707335,
72148bad82,40000,1032,3292080,32920.8,101.12547051164681,1.8669695550023312e-17,0.02305685726639279,0.0158048061855488,
72148bad82,40000,1033,3295270,32952.7,101.12547051164681,1.7032001050517704e-17,0.02305685726639279,0.019792865846189993,
72148bad82,40000,1034,3298460,32984.6,101.12547051164681,2.0738685747621973e-17,0.02305685726639279,0.0190333706606744,
72148bad82,40000,1035,3301650,33016.5,101.12547051164681,2.626256696813677e-17,0.02305685726639279,0.019010673396346038,
72148bad82,40000,1036,3304840,33048.4,101.12547051164681,1.8596099195405815e-17,0.02305685726639279,0.01816027631637014,
72148bad82,40000,1037,3308030,33080.3,101.12547051164681,2.32172833799606e-17,0.02305685726639279,0.017847907535490027,
72148bad82,40000,1038,3311220,33112.2,101.12547051164681,1.526639690001822e-17,0.02305685726639279,0.01733124525518518,
72148bad82,40000,1039,3314410,33144.1,101.12547051164681,3.2147918598574785e-17,0.02305685726639279,0.01835511068697593,
72148bad82,40000,1040,3317600,33176.0,101.12547051164681,2.9356154715097664e-17,0.02305685726639279,0.01885516611896626,
72148bad82,40000,1041,3320790,33207.9,101.12547051164681,1.9116631818570323e-17,0.02305685726639279,0.018173109700889537,
72148bad82,40000,1042,3323980,33239.8,101.12547051164681,2.6446624147644803e-17,0.02305685726639279,0.017699014930350965,
72148bad82,40000,1043,3327170,33271.7,101.12547051164681,5.1675297977268316e-17,0.02305685726639279,0.018345451684319756,
72148bad82,40000,1044,3330360,33303.6,101.12547051164681,2.628932567340858e-17,0.02305685726639279,0.01806724362533657,
72148bad82,40000,1045,3333550,33335.5,101.12547051164681,3.208677615801423e-17,0.02305685726639279,0.017475527988746044,
72148bad82,40000,1046,3336740,33367.4,101.12547051164681,2.8585839614986035e-17,0.02305685726639279,0.017141806549810193,
72148bad82,40000,1047,3339930,33399.3,101.12547051164681,3.0233896539553886e-17,0.02305685726639279,0.017479387703852548,
72148bad82,40000,1048,3343120,33431.2,101.12547051164681,2.6553353859061978e-17,0.02305685726639279,0.01780681740902634,
72148bad82,40000,1049,3346310,33463.1,101.12547051164681,4.5251100275915886e-17,0.02305685726639279,0.018555620569755366,
72148bad82,40000,1050,3349500,33495.0,101.12547051164681,2.0850824661849182e-17,0.02305685726639279,0.01893830759321277,
72148bad82,40000,1051,3352690,33526.9,101.12547051164681,2.926642149542438e-17,0.02305685726639279,0.017196747773178613,
72148bad82,40000,1052,3355880,33558.8,101.12547051164681,2.755076986061298e-17,0.02305685726639279,0.017881477649796737,
72148bad82,40000,1053,3359070,33590.7,101.12547051164681,3.593272853110399e-17,0.02305685726639279,0.017876455191099327,
72148bad82,40000,1054,3362260,33622.6,101.12547051164681,4.516569595796969e-17,0.02305685726639279,0.018747391775213756,
72148bad82,40000,1055,3365450,33654.5,101.12547051164681,1.9022415133948248e-17,0.02305685726639279,0.01909281719940222,
72148bad82,40000,1056,3368640,33686.4,101.12547051164681,2.649607363439037e-17,0.02305685726639279,0.0177435294579437,
72148bad82,40000,1057,3371830,33718.3,101.12547051164681,2.741908517395775e-17,0.02305685726639279,0.017110208852501106,
72148bad82,40000,1058,3375020,33750.2,101.12547051164681,2.8654646487966723e-17,0.02305685726639279,0.019107181454317106,
72148bad82,40000,1059,3378210,33782.1,101.12547051164681,1.705702699197476e-17,0.02305685726639279,0.017765931561549896,
72148bad82,40000,1060,3381400,33814.0,101.12547051164681,2.2415970756535657e-17,0.02305685726639279,0.018286825200997434,
72148bad82,40000,1061,3384590,33845.9,101.12547051164681,1.5428395700430465e-17,0.02305685726639279,0.01802451480388139,
72148bad82,40000,1062,3387780,33877.8,101.12547051164681,3.277841996853811e-17,0.02305685726639279,0.016562570835099204,
72148bad82,40000,1063,3390970,33909.7,101.12547051164681,2.642787594962487e-17,0.02305685726639279,0.018039314104420306,
72148bad82,40000,1064,3394160,33941.6,101.12547051164681,3.6339039343704516e-17,0.02305685726639279,0.019363852222228046,
72148bad82,40000,1065,3397350,33973.5,101.12547051164681,1.6658832100212186e-17,0.02305685726639279,0.018582984499425335,
72148bad82,40000,1066,3400540,34005.4,101.12547051164681,2.5822112126987625e-17,0.02305685726639279,0.019012146339853306,
72148bad82,40000,1067,3403730,34037.3,101.12547051164681,2.1165323172271194e-17,0.02305685726639279,0.018510234403807148,
72148bad82,40000,1068,3406920,34069.2,101.12547051164681,2.3135739018960435e-17,0.02305685726639279,0.019249286408494378,
72148bad82,40000,1069,3410110,34101.1,101.12547051164681,2.226479308855656e-17,0.02305685726639279,0.018980262921722266,
72148bad82,40000,1070,3413300,34133.0,101.12547051164681,2.821709432226087e-17,0.02305685726639279,0.01805625713705183,
72148bad82,40000,1071,3416490,34164.9,101.12547051164681,8.806329201719885e-17,0.02305685726639279,0.018537799269546608,
72148bad82,40000,1072,3419680,34196.8,101.12547051164681,3.8545884939495675e-17,0.02305685726639279,0.019145770306648855,
72148bad82,40000,1073,3422870,34228.7,101.12547051164681,2.851085399048946e-17,0.02305685726639279,0.018911904114401166,
72148bad82,40000,1074,3426060,34260.6,101.12547051164681,1.969014978171197e-17,0.02305685726639279,0.015782129397813573,
72148bad82,40000,1075,3429250,34292.5,101.12547051164681,2.6428782110028913e-17,0.02305685726639279,0.018352446591068664,
72148bad82,40000,1076,3432440,34324.4,101.12547051164681,2.5877153128344772e-17,0.02305685726639279,0.017848426072163717,
72148bad82,40000,1077,3435630,34356.3,101.12547051164681,2.0618073486050205e-17,0.02305685726639279,0.016480098508935222,
72148bad82,40000,1078,3438820,34388.2,101.12547051164681,3.1591920422873213e-17,0.02305685726639279,0.01784742329919439,
72148bad82,40000,1079,3442010,34420.1,101.12547051164681,2.2202725311159573e-17,0.02305685726639279,0.016515080957185884,
72148bad82,40000,1080,3445200,34452.0,101.12547051164681,5.2940393810578657e-17,0.02305685726639279,0.01668030079146059,
72148bad82,40000,1081,3448390,34483.9,101.12547051164681,2.6696008795223302e-17,0.02305685726639279,0.017884261733838214,
72148bad82,40000,1082,3451580,34515.8,101.12547051164681,2.975510040186442e-17,0.02305685726639279,0.01849079364129902,
72148bad82,40000,1083,3454770,34547.7,101.12547051164681,3.9147547004338814e-17,0.02305685726639279,0.017872850672582857,
72148bad82,40000,1084,3457960,34579.6,101.12547051164681,3.104658808271822e-17,0.02305685726639279,0.01952174911521167,
72148bad82,40000,1085,3461150,34611.5,101.12547051164681,2.687867780973251e-17,0.02305685726639279,0.019829565331904053,
72148bad82,40000,1086,3464340,34643.4,101.12547051164681,2.1358331166491606e-17,0.02305685726639279,0.01843652200202098,
72148bad82,40000,1087,3467530,34675.3,101.12547051164681,2.748056153524091e-17,0.02305685726639279,0.017977850682933817,
72148bad82,40000,1088,3470720,34707.2,101.12547051164681,4.845358936786703e-17,0.02305685726639279,0.01846769005425998,
72148bad82,40000,1089,3473910,34739.1,101.12547051164681,2.6205543287654416e-17,0.02305685726639279,0.016015656349357383,
72148bad82,40000,1090,3477100,34771.0,101.12547051164681,2.7883628654028276e-17,0.02305685726639279,0.017968216659864034,
72148bad82,40000,1091,3480290,34802.9,101.12547051164681,2.1775822604119338e-17,0.02305685726639279,0.01782538634466916,
72148bad82,40000,1092,3483480,34834.8,101.12547051164681,2.3554133228617694e-17,0.02305685726639279,0.01803875566600488,
72148bad82,40000,1093,3486670,34866.7,101.12547051164681,2.61416012312898e-17,0.02305685726639279,0.016040544860326515,
72148bad82,40000,1094,3489860,34898.6,101.12547051164681,3.5088135114064126e-17,0.02305685726639279,0.018816226148023144,
72148bad82,40000,1095,3493050,34930.5,101.12547051164681,2.4535216745298465e-17,0.02305685726639279,0.017077979613659436,
72148bad82,40000,1096,3496240,34962.4,101.12547051164681,1.920065763569713e-17,0.02305685726639279,0.01822446744019686,
72148bad82,40000,1097,3499430,34994.3,101.12547051164681,1.5533417293369935e-17,0.02305685726639279,0.019544648564630118,
72148bad82,40000,1098,3502620,35026.2,101.12547051164681,1.601534088509498e-17,0.02305685726639279,0.018589365059880996,
72148bad82,40000,1099,3505810,35058.1,101.12547051164681,1.8906587691971483e-17,0.02305685726639279,0.016329675089412393,
72148bad82,40000,1100,3509000,35090.0,101.12547051164681,2.8886123193644495e-17,0.02305685726639279,0.015919978090593024,
72148bad82,40000,1101,3512190,35121.9,101.12547051164681,5.2509983146713826e-17,0.02305685726639279,0.016843117989566427,
72148bad82,40000,1102,3515380,35153.8,101.12547051164681,2.0047023195605954e-17,0.02305685726639279,0.017647128143249997,
72148bad82,40000,1103,3518570,35185.7,101.12547051164681,2.015819729797514e-17,0.02305685726639279,0.018611569722288536,
72148bad82,40000,1104,3521760,35217.6,101.12547051164681,2.6056882301656495e-17,0.02305685726639279,0.018231943869520345,
72148bad82,40000,1105,3524950,35249.5,101.12547051164681,2.043007004959977e-17,0.02305685726639279,0.016557398335371214,
72148bad82,40000,1106,3528140,35281.4,101.12547051164681,1.6026347263750186e-17,0.02305685726639279,0.01817820648063556,
72148bad82,40000,1107,3531330,35313.3,101.12547051164681,1.6650695022799255e-17,0.02305685726639279,0.016004228732204702,
72148bad82,40000,1108,3534520,35345.2,101.12547051164681,1.5202025914249426e-17,0.02305685726639279,0.018545295926515964,
72148bad82,40000,1109,3537710,35377.1,101.12547051164681,2.788220014765521e-17,0.02305685726639279,0.01699678800140791,
72148bad82,40000,1110,3540900,35409.0,101.12547051164681,1.4351775905503027e-17,0.02305685726639279,0.018112968352143488,
72148bad82,40000,1111,3544090,35440.9,101.12547051164681,2.6200479904765478e-17,0.02305685726639279,0.01748878015086565,
72148bad82,40000,1112,3547280,35472.8,101.12547051164681,5.1159832950518834e-17,0.02305685726639279,0.016312666637508313,
72148bad82,40000,1113,3550470,35504.7,101.12547051164681,1.5284534602714258e-17,0.02305685726639279,0.017935812034973974,
72148bad82,40000,1114,3553660,35536.6,101.12547051164681,2.260235808702481e-17,0.02305685726639279,0.01798941234032166,
72148bad82,40000,1115,3556850,35568.5,101.12547051164681,2.6403068208601313e-17,0.02305685726639279,0.01926530664134604,
72148bad82,40000,1116,3560040,35600.4,101.12547051164681,1.4856198309902195e-17,0.02305685726639279,0.017561177872211644,
72148bad82,40000,1117,3563230,35632.3,101.12547051164681,2.5585798310839768e-17,0.02305685726639279,0.016174203093398135,
72148bad82,40000,1118,3566420,35664.2,101.12547051164681,2.4665994845564496e-17,0.02305685726639279,0.017871698246193588,
72148bad82,40000,1119,3569610,35696.1,101.12547051164681,2.7160121773284182e-17,0.02305685726639279,0.017907249945885106,
72148bad82,40000,1120,3572800,35728.0,101.12547051164681,2.0978234419309363e-17,0.02305685726639279,0.017630828209108308,
72148bad82,40000,1121,3575990,35759.9,101.12547051164681,4.694972523231708e-17,0.02305685726639279,0.019325696249829924,
72148bad82,40000,1122,3579180,35791.8,101.12547051164681,2.8808830899251796e-17,0.02305685726639279,0.01762683630714192,
72148bad82,40000,1123,3582370,35823.7,101.12547051164681,1.5689797852300472e-17,0.02305685726639279,0.01758319962761024,
72148bad82,40000,1124,3585560,35855.6,101.12547051164681,5.508754297716819e-17,0.02305685726639279,0.016905770083511382,
72148bad82,40000,1125,3588750,35887.5,101.12547051164681,1.7694886266163966e-17,0.02305685726639279,0.018863380889015884,
72148bad82,40000,1126,3591940,35919.4,101.12547051164681,2.0397398676307017e-17,0.02305685726639279,0.017379230025091372,
72148bad82,40000,1127,3595130,35951.3,101.12547051164681,2.1969486484120737e-17,0.02305685726639279,0.018114241011694322,
72148bad82,40000,1128,3598320,35983.2,101.12547051164681,2.6286453532432235e-17,0.02305685726639279,0.017599670378804298,
72148bad82,40000,1129,3601510,36015.1,101.12547051164681,2.403120875798643e-17,0.02305685726639279,0.017061836624362413,
72148bad82,40000,1130,3604700,36047.0,101.12547051164681,1.531436355747017e-17,0.02305685726639279,0.017831146835058088,
72148bad82,40000,1131,3607890,36078.9,101.12547051164681,3.2077556390849646e-17,0.02305685726639279,0.020606884223166734,
72148bad82,40000,1132,3611080,36110.8,101.12547051164681,2.285427773782639e-17,0.02305685726639279,0.01766540328870708,
72148bad82,40000,1133,3614270,36142.7,101.12547051164681,3.0465096228371505e-17,0.02305685726639279,0.019181669694957257,
72148bad82,40000,1134,3617460,36174.6,101.12547051164681,2.6430979768247665e-17,0.02305685726639279,0.017574506633910667,
72148bad82,40000,1135,3620650,36206.5,101.12547051164681,3.440649768583836e-17,0.02305685726639279,0.018663975736704166,
72148bad82,40000,1136,3623840,36238.4,101.12547051164681,2.855072751020738e-17,0.02305685726639279,0.017017975955672407,
72148bad82,40000,1137,3627030,36270.3,101.12547051164681,2.723711788460446e-17,0.02305685726639279,0.019260564787313868,
72148bad82,40000,1138,3630220,36302.2,101.12547051164681,3.989657463235881e-17,0.02305685726639279,0.01747812042562972,
72148bad82,40000,1139,3633410,36334.1,101.12547051164681,1.4525733369149535e-17,0.02305685726639279,0.015970451394018374,
72148bad82,40000,1140,3636600,36366.0,101.12547051164681,2.62223951641406e-17,0.02305685726639279,0.018989558173701224,
72148bad82,40000,1141,3639790,36397.9,101.12547051164681,1.4848531140486246e-17,0.02305685726639279,0.018594259183906815,
72148bad82,40000,1142,3642980,36429.8,101.12547051164681,1.7301162907464384e-17,0.02305685726639279,0.019050322713002086,
72148bad82,40000,1143,3646170,36461.7,101.12547051164681,2.6718757983628214e-17,0.02305685726639279,0.018614795025378758,
72148bad82,40000,1144,3649360,36493.6,101.12547051164681,2.8590380508030496e-17,0.02305685726639279,0.018622016417744122,
72148bad82,40000,1145,3652550,36525.5,101.12547051164681,2.6047966872257277e-17,0.02305685726639279,0.018227697290826607,
72148bad82,40000,1146,3655740,36557.4,101.12547051164681,3.367800034075956e-17,0.02305685726639279,0.014629888461924334,
72148bad82,40000,1147,3658930,36589.3,101.12547051164681,1.5448013105240622e-17,0.02305685726639279,0.018287742155591407,
72148bad82,40000,1148,3662120,36621.2,101.12547051164681,1.663836019924257e-17,0.02305685726639279,0.01566083684680797,
72148bad82,40000,1149,3665310,36653.1,101.12547051164681,2.9048448778142416e-17,0.02305685726639279,0.018608833482709367,
72148bad82,40000,1150,3668500,36685.0,101.12547051164681,3.034285317114272e-17,0.02305685726639279,0.01820786660175521,
72148bad82,40000,1151,3671690,36716.9,101.12547051164681,2.0632956483649436e-17,0.02305685726639279,0.015992125777064027,
72148bad82,40000,1152,3674880,36748.8,101.12547051164681,2.1265075239752783e-17,0.02305685726639279,0.01990390669720166,
72148bad82,40000,1153,3678070,36780.7,101.12547051164681,2.531265481459993e-17,0.02305685726639279,0.019549921374096862,
72148bad82,40000,1154,3681260,36812.6,101.12547051164681,1.8744070072576098e-17,0.02305685726639279,0.0196140358057801,
72148bad82,40000,1155,3684450,36844.5,101.12547051164681,1.9522720570093615e-17,0.02305685726639279,0.016943341700930394,
72148bad82,40000,1156,3687640,36876.4,101.12547051164681,2.8007901342440286e-17,0.02305685726639279,0.01742849916792297,
72148bad82,40000,1157,3690830,36908.3,101.12547051164681,1.996475617685025e-17,0.02305685726639279,0.018405725168664046,
72148bad82,40000,1158,3694020,36940.2,101.12547051164681,2.7025296692762147e-17,0.02305685726639279,0.01597149859538813,
72148bad82,40000,1159,3697210,36972.1,101.12547051164681,2.829750766873315e-17,0.02305685726639279,0.017404402988415384,
72148bad82,40000,1160,3700400,37004.0,101.12547051164681,3.922175835546143e-17,0.02305685726639279,0.01810088943593042,
72148bad82,40000,1161,3703590,37035.9,101.12547051164681,2.7596078016960428e-17,0.02305685726639279,0.018210594441485983,
72148bad82,40000,1162,3706780,37067.8,101.12547051164681,2.6100253446851603e-17,0.02305685726639279,0.01825488648692284,
72148bad82,40000,1163,3709970,37099.7,101.12547051164681,2.4013749856909815e-17,0.02305685726639279,0.018292664147437344,
72148bad82,40000,1164,3713160,37131.6,101.12547051164681,2.7072980708997895e-17,0.02305685726639279,0.01579591440459318,
72148bad82,40000,1165,3716350,37163.5,101.12547051164681,2.887687817269106e-17,0.02305685726639279,0.018830739335708037,
72148bad82,40000,1166,3719540,37195.4,101.12547051164681,3.166653747665111e-17,0.02305685726639279,0.01817121769479652,
72148bad82,40000,1167,3722730,37227.3,101.12547051164681,2.6535726680354055e-17,0.02305685726639279,0.017558114719543057,
72148bad82,40000,1168,3725920,37259.2,101.12547051164681,2.59739862027361e-17,0.02305685726639279,0.01930723572797994,
72148bad82,40000,1169,3729110,37291.1,101.12547051164681,2.812899498230779e-17,0.02305685726639279,0.017083839090568896,
72148bad82,40000,1170,3732300,37323.0,101.12547051164681,1.6498022564694047e-17,0.02305685726639279,0.0178880833725995,
72148bad82,40000,1171,3735490,37354.9,101.12547051164681,2.1138553591140767e-17,0.02305685726639279,0.017456139413727374,
72148bad82,40000,1172,3738680,37386.8,101.12547051164681,3.231532055750575e-17,0.02305685726639279,0.017574084938633584,
72148bad82,40000,1173,3741870,37418.7,101.12547051164681,1.4424150878144762e-17,0.02305685726639279,0.018876457482685616,
72148bad82,40000,1174,3745060,37450.6,101.12547051164681,1.6238147454475704e-17,0.02305685726639279,0.01714113053041927,
72148bad82,40000,1175,3748250,37482.5,101.12547051164681,2.6878843081594935e-17,0.02305685726639279,0.01874523100985048,
72148bad82,40000,1176,3751440,37514.4,101.12547051164681,2.1506885400985385e-17,0.02305685726639279,0.017782886390139033,
72148bad82,40000,1177,3754630,37546.3,101.12547051164681,3.599876720332801e-17,0.02305685726639279,0.017231248165205156,
72148bad82,40000,1178,3757820,37578.2,101.12547051164681,3.682583384387459e-17,0.02305685726639279,0.018930387535338076,
72148bad82,40000,1179,3761010,37610.1,101.12547051164681,5.815722866873558e-17,0.02305685726639279,0.016615660282101787,
72148bad82,40000,1180,3764200,37642.0,101.12547051164681,2.6282323251071503e-17,0.02305685726639279,0.017927269725111473,
72148bad82,40000,1181,3767390,37673.9,101.12547051164681,2.0645356422520476e-17,0.02305685726639279,0.01686953285848074,
72148bad82,40000,1182,3770580,37705.8,101.12547051164681,2.0871006998083632e-17,0.02305685726639279,0.019531511688016385,
72148bad82,40000,1183,3773770,37737.7,101.12547051164681,1.4499334026408376e-17,0.02305685726639279,0.01770164004344996,
72148bad82,40000,1184,3776960,37769.6,101.12547051164681,1.4188337514178486e-17,0.02305685726639279,0.01843064094698805,
72148bad82,40000,1185,3780150,37801.5,101.12547051164681,3.5365037160481066e-17,0.02305685726639279,0.01864934261488093,
72148bad82,40000,1186,3783340,37833.4,101.12547051164681,2.1904627820710638e-17,0.02305685726639279,0.017338885169610994,
72148bad82,40000,1187,3786530,37865.3,101.12547051164681,2.1993463175373363e-17,0.02305685726639279,0.018879244245944025,
72148bad82,40000,1188,3789720,37897.2,101.12547051164681,1.6064795342705896e-17,0.02305685726639279,0.017331414471862244,
72148bad82,40000,1189,3792910,37929.1,101.12547051164681,1.65997418235514e-17,0.02305685726639279,0.018211476110411184,
72148bad82,40000,1190,3796100,37961.0,101.12547051164681,2.589537817978999e-17,0.02305685726639279,0.01794403245588036,
72148bad82,40000,1191,3799290,37992.9,101.12547051164681,2.6396419341652392e-17,0.02305685726639279,0.016973931036145303,
72148bad82,40000,1192,3802480,38024.8,101.12547051164681,1.5473761090998126e-17,0.02305685726639279,0.018355500552220377,
72148bad82,40000,1193,3805670,38056.7,101.12547051164681,5.222531362560274e-17,0.02305685726639279,0.018629729582040542,
72148bad82,40000,1194,3808860,38088.6,101.12547051164681,2.630601021434849e-17,0.02305685726639279,0.017359384115067707,
72148bad82,40000,1195,3812050,38120.5,101.12547051164681,2.7965033591396405e-17,0.02305685726639279,0.01895149590643575,
72148bad82,40000,1196,3815240,38152.4,101.12547051164681,1.6378389808020478e-17,0.02305685726639279,0.016102055387539484,
72148bad82,40000,1197,3818430,38184.3,101.12547051164681,1.4634693811421563e-17,0.02305685726639279,0.015804487972868788,
72148bad82,40000,1198,3821620,38216.2,101.12547051164681,1.864528378268741e-17,0.02305685726639279,0.016778478455961122,
72148bad82,40000,1199,3824810,38248.1,101.12547051164681,2.4835669227825124e-17,0.02305685726639279,0.01846253133556226,
72148bad82,40000,1200,3828000,38280.0,101.12547051164681,2.2511262566487532e-17,0.02305685726639279,0.019112192843506053,
72148bad82,40000,1201,3831190,38311.9,101.12547051164681,1.2520259946639423e-17,0.02305685726639279,0.017129276888755738,
72148bad82,40000,1202,3834380,38343.8,101.12547051164681,2.0919776006421375e-17,0.02305685726639279,0.01797974177187776,
72148bad82,40000,1203,3837570,38375.7,101.12547051164681,2.6206910951527287e-17,0.02305685726639279,0.018041774521811074,
72148bad82,40000,1204,3840760,38407.6,101.12547051164681,1.4398016978186396e-17,0.02305685726639279,0.020681423373931196,
72148bad82,40000,1205,3843950,38439.5,101.12547051164681,2.6457068261576493e-17,0.02305685726639279,0.018781141684467224,
72148bad82,40000,1206,3847140,38471.4,101.12547051164681,2.789649209401153e-17,0.02305685726639279,0.01817528638035231,
72148bad82,40000,1207,3850330,38503.3,101.12547051164681,2.3728359686184656e-17,0.02305685726639279,0.0182619402787379,
72148bad82,40000,1208,3853520,38535.2,101.12547051164681,1.898096319866416e-17,0.02305685726639279,0.018240764123681256,
72148bad82,40000,1209,3856710,38567.1,101.12547051164681,1.79068775318679e-17,0.02305685726639279,0.01803017650617165,
72148bad82,40000,1210,3859900,38599.0,101.12547051164681,2.7302613820010267e-17,0.02305685726639279,0.018091046403346835,
72148bad82,40000,1211,3863090,38630.9,101.12547051164681,1.6486317446169178e-17,0.02305685726639279,0.01883240920096406,
72148bad82,40000,1212,3866280,38662.8,101.12547051164681,3.515981478236551e-17,0.02305685726639279,0.0174709399230793,
72148bad82,40000,1213,3869470,38694.7,101.12547051164681,1.62340737317484e-17,0.02305685726639279,0.017030807929587336,
72148bad82,40000,1214,3872660,38726.6,101.12547051164681,2.6562474249568967e-17,0.02305685726639279,0.01493581573769005,
72148bad82,40000,1215,3875850,38758.5,101.12547051164681,1.77952520163772e-17,0.02305685726639279,0.01928420572083213,
72148bad82,40000,1216,3879040,38790.4,101.12547051164681,4.393117478035921e-17,0.02305685726639279,0.018102501880652624,
72148bad82,40000,1217,3882230,38822.3,101.12547051164681,1.5359399562765608e-17,0.02305685726639279,0.019415934086057355,
72148bad82,40000,1218,3885420,38854.2,101.12547051164681,2.3319003531133888e-17,0.02305685726639279,0.017133192548032816,
72148bad82,40000,1219,3888610,38886.1,101.12547051164681,2.6328414639356906e-17,0.02305685726639279,0.017702799809727186,
72148bad82,40000,1220,3891800,38918.0,101.12547051164681,1.879206450317707e-17,0.02305685726639279,0.01722246341250368,
72148bad82,40000,1221,3894990,38949.9,101.12547051164681,2.8053078443815856e-17,0.02305685726639279,0.01760684981105852,
72148bad82,40000,1222,3898180,38981.8,101.12547051164681,2.0339716758882645e-17,0.02305685726639279,0.017647510035332586,
72148bad82,40000,1223,3901370,39013.7,101.12547051164681,1.780763745784011e-17,0.02305685726639279,0.017180458811436927,
72148bad82,40000,1224,3904560,39045.6,101.12547051164681,2.6214089565107653e-17,0.02305685726639279,0.0172221834251737,
72148bad82,40000,1225,3907750,39077.5,101.12547051164681,1.4479726382485007e-17,0.02305685726639279,0.01809639470095066,
72148bad82,40000,1226,3910940,39109.4,101.12547051164681,2.7158435956635434e-17,0.02305685726639279,0.016171038595089064,
72148bad82,40000,1227,3914130,39141.3,101.12547051164681,2.6933432107081226e-17,0.02305685726639279,0.016647730467324345,
72148bad82,40000,1228,3917320,39173.2,101.12547051164681,2.0770870125839474e-17,0.02305685726639279,0.016278836120466548,
72148bad82,40000,1229,3920510,39205.1,101.12547051164681,2.3465707351019364e-17,0.02305685726639279,0.017076584720646108,
72148bad82,40000,1230,3923700,39237.0,101.12547051164681,1.6291876398068147e-17,0.02305685726639279,0.017123461852277942,
72148bad82,40000,1231,3926890,39268.9,101.12547051164681,4.235517482207952e-17,0.02305685726639279,0.017259737213921274,
72148bad82,40000,1232,3930080,39300.8,101.12547051164681,2.4387925314553274e-17,0.02305685726639279,0.01795244150238829,
72148bad82,40000,1233,3933270,39332.7,101.12547051164681,1.9951224756824586e-17,0.02305685726639279,0.017313680868505113,
72148bad82,40000,1234,3936460,39364.6,101.12547051164681,3.458471700089823e-17,0.02305685726639279,0.018153382874011435,
72148bad82,40000,1235,3939650,39396.5,101.12547051164681,1.4977359513640723e-17,0.02305685726639279,0.01919896756763183,
72148bad82,40000,1236,3942840,39428.4,101.12547051164681,2.37726788683499e-17,0.02305685726639279,0.017151286509665863,
72148bad82,40000,1237,3946030,39460.3,101.12547051164681,1.9179238919791253e-17,0.02305685726639279,0.018615690630110045,
72148bad82,40000,1238,3949220,39492.2,101.12547051164681,1.6847133016124925e-17,0.02305685726639279,0.018427824205432517,
72148bad82,40000,1239,3952410,39524.1,101.12547051164681,4.901391465957572e-17,0.02305685726639279,0.017750956321706434,
72148bad82,40000,1240,3955600,39556.0,101.12547051164681,1.9205777529230783e-17,0.02305685726639279,0.01830868730871356,
72148bad82,40000,1241,3958790,39587.9,101.12547051164681,1.7242357426617615e-17,0.02305685726639279,0.0169464221618172,
72148bad82,40000,1242,3961980,39619.8,101.12547051164681,3.4900020995854667e-17,0.02305685726639279,0.017587679947159113,
72148bad82,40000,1243,3965170,39651.7,101.12547051164681,2.964991114615899e-17,0.02305685726639279,0.020209017327408853,
72148bad82,40000,1244,3968360,39683.6,101.12547051164681,3.0733722217182196e-17,0.02305685726639279,0.01731162234829479,
72148bad82,40000,1245,3971550,39715.5,101.12547051164681,4.343919602603313e-17,0.02305685726639279,0.019213173390784998,
72148bad82,40000,1246,3974740,39747.4,101.12547051164681,4.2506364154444747e-17,0.02305685726639279,0.017683343859737615,
72148bad82,40000,1247,3977930,39779.3,101.12547051164681,1.6040221346691613e-17,0.02305685726639279,0.017197449670846278,
72148bad82,40000,1248,3981120,39811.2,101.12547051164681,2.7377593416628142e-17,0.02305685726639279,0.01801750900209539,
72148bad82,40000,1249,3984310,39843.1,101.12547051164681,2.0692895660880302e-17,0.02305685726639279,0.014717981546635698,
72148bad82,40000,1250,3987500,39875.0,101.12547051164681,1.946232654918429e-17,0.02305685726639279,0.019156000506678122,
72148bad82,40000,1251,3990690,39906.9,101.12547051164681,2.0354464689850088e-17,0.02305685726639279,0.018422417519506393,
72148bad82,40000,1252,3993880,39938.8,101.12547051164681,2.6590597240432864e-17,0.02305685726639279,0.017973847393814493,
72148bad82,40000,1253,3997070,39970.7,101.12547051164681,,0.02305685726639279,0.016476930076756255,
463e770a02,40000,0,0,0.0,516651013610901.0,4.912465969106566,119640441474639.08,99052134144859.08,"ProjectedCommonDirectionsConfig(subspace_frac_grads=0.1, subspace_frac_updates=0.1, subspace_frac_random=0.1, direction_str=newton, use_hess=True, random_proj=True, random_proj_dim_frac=0.6, ensemble=haar, inner_use_full_grad=True, reg_lambda=0, orth_P_k=True, beta=0.001, tau=0.5, c_const=inf, N_try=200, alpha_max=1, p_const=1)"
463e770a02,40000,1,3190,31.9,129162753402800.81,7.022863001359746,59820220737319.46,47180845945121.984,
463e770a02,40000,2,6380,63.8,101.12547051393676,1.8389247374140186e-07,0.021314136827029564,0.014269272754585425,
463e770a02,40000,3,9570,95.7,101.12547051358312,2.243801548885395e-10,0.01790600534675153,0.012997114557656564,
463e770a02,40000,4,12760,127.6,101.1254705130063,2.1108326381356577e-16,0.017245957023360417,0.013852451313550966,
463e770a02,40000,5,15950,159.5,101.12547051290355,7.928294191114576e-17,0.017118990811607965,0.012596147803204671,
463e770a02,40000,6,19140,191.4,101.12547051290063,2.3327159633753403e-15,0.016974606691549054,0.012829944666840731,
463e770a02,40000,7,22330,223.3,101.12547051279162,8.507210452944024e-17,0.01850825805911692,0.014392902682868244,
463e770a02,40000,8,25520,255.2,101.12547051276935,3.1084996889737284e-16,0.01828408699267984,0.015245392244104858,
463e770a02,40000,9,28710,287.1,101.12547051260168,3.965533342256456e-17,0.018638859147615802,0.014914170236092867,
463e770a02,40000,10,31900,319.0,101.12547051260168,5.286906590419017e-16,0.018638859147615802,0.014621021002992304,
463e770a02,40000,11,35090,350.9,101.12547051254295,2.3220404414234317e-15,0.018421431061025152,0.01481565966419182,
463e770a02,40000,12,38280,382.8,101.12547051238724,7.143562480919929e-17,0.01936592061455848,0.015105843725164565,
463e770a02,40000,13,41470,414.7,101.12547051237759,2.985663192585776e-17,0.019368328244769795,0.015239618972694054,
463e770a02,40000,14,44660,446.6,101.12547051237759,5.049852828615617e-17,0.019368328244769795,0.015990138761949303,
463e770a02,40000,15,47850,478.5,101.12547051237759,3.0642009907333414e-17,0.019368328244769795,0.013209985354125328,
463e770a02,40000,16,51040,510.4,101.12547051237759,9.269569305293426e-16,0.019368328244769795,0.014906217680515435,
463e770a02,40000,17,54230,542.3,101.12547051189483,1.052181416932219e-16,0.019366409468131156,0.015005358713248377,
463e770a02,40000,18,57420,574.2,101.1254705118858,1.0495213308620464e-16,0.019324348260801986,0.01610002453492707,
463e770a02,40000,19,60610,606.1,101.12547051187828,2.635075656438046e-16,0.019261184488809046,0.014671379779963137,
463e770a02,40000,20,63800,638.0,101.1254705118137,7.879530654512074e-17,0.019520647728653865,0.01409488041289317,
463e770a02,40000,21,66990,669.9,101.12547051181367,1.444599465501002e-16,0.019454221886872982,0.015444470784234013,
463e770a02,40000,22,70180,701.8,101.1254705116746,3.467266424116826e-17,0.019528517004207994,0.015571055074590005,
463e770a02,40000,23,73370,733.7,101.1254705116746,1.7913035954784236e-16,0.019528517004207994,0.014797471325396253,
463e770a02,40000,24,76560,765.6,101.12547051161681,1.2997157667240285e-16,0.018759284998340127,0.015994393934951882,
463e770a02,40000,25,79750,797.5,101.12547051156481,1.8793252534786662e-16,0.01878293533125007,0.014168430987148315,
463e770a02,40000,26,82940,829.4,101.12547051149502,5.46076643586209e-17,0.01871085200774346,0.015953975248596045,
463e770a02,40000,27,86130,861.3,101.12547051149502,9.63599100419174e-17,0.01871085200774346,0.013026963931130352,
463e770a02,40000,28,89320,893.2,101.1254705114769,3.714798180040061e-17,0.01863927855080209,0.013880880926207827,
463e770a02,40000,29,92510,925.1,101.1254705114769,8.939124726197888e-17,0.01863927855080209,0.013982145479724357,
463e770a02,40000,30,95700,957.0,101.12547051147497,5.310096882393199e-17,0.01870419906420215,0.014026647849655006,
463e770a02,40000,31,98890,988.9,101.12547051145934,5.705081485807817e-17,0.018692958762205857,0.01559232465535403,
463e770a02,40000,32,102080,1020.8,101.12547051145934,4.1390945836915256e-17,0.018692958762205857,0.013263225753467273,
463e770a02,40000,33,105270,1052.7,101.12547051145934,1.2786038462279835e-17,0.018692958762205857,0.013891403008651442,
463e770a02,40000,34,108460,1084.6,101.12547051145934,6.258856021728776e-18,0.018692958762205857,0.014369867141686499,
463e770a02,40000,35,111650,1116.5,101.12547051145934,6.814701951891634e-18,0.018692958762205857,0.014198919934149883,
463e770a02,40000,36,114840,1148.4,101.12547051145934,4.038564849291709e-17,0.018692958762205857,0.014662297251295583,
463e770a02,40000,37,118030,1180.3,101.12547051145934,2.2206963609038737e-17,0.018692958762205857,0.01388658009092765,
463e770a02,40000,38,121220,1212.2,101.12547051145934,4.6449378597300265e-17,0.018692958762205857,0.015432598535283839,
463e770a02,40000,39,124410,1244.1,101.12547051145934,3.805590441895451e-17,0.018692958762205857,0.013627711634833523,
463e770a02,40000,40,127600,1276.0,101.12547051145934,1.6727078543478633e-17,0.018692958762205857,0.013344366306887451,
463e770a02,40000,41,130790,1307.9,101.12547051145934,8.488953411102296e-18,0.018692958762205857,0.012193408980784573,
463e770a02,40000,42,133980,1339.8,101.12547051145934,2.2735860940155617e-17,0.018692958762205857,0.01580823723574098,
463e770a02,40000,43,137170,1371.7,101.12547051145934,3.734013428283852e-17,0.018692958762205857,0.012688677041287188,
463e770a02,40000,44,140360,1403.6,101.12547051145934,3.3722760870453256e-17,0.018692958762205857,0.014493983986569876,
463e770a02,40000,45,143550,1435.5,101.12547051145934,3.427582381329419e-17,0.018692958762205857,0.015513009722952756,
463e770a02,40000,46,146740,1467.4,101.12547051145934,3.584282765653118e-17,0.018692958762205857,0.014313940627796222,
463e770a02,40000,47,149930,1499.3,101.12547051145934,4.3093776215844584e-17,0.018692958762205857,0.014808586727590608,
463e770a02,40000,48,153120,1531.2,101.12547051145934,2.2893257219595958e-17,0.018692958762205857,0.013604114762117186,
463e770a02,40000,49,156310,1563.1,101.12547051145934,3.232775579363404e-17,0.018692958762205857,0.014596753222144427,
463e770a02,40000,50,159500,1595.0,101.12547051145934,4.2111760432918784e-17,0.018692958762205857,0.013421664174930053,
463e770a02,40000,51,162690,1626.9,101.12547051145934,5.0934680839589343e-17,0.018692958762205857,0.014876064166985647,
463e770a02,40000,52,165880,1658.8,101.12547051145934,1.4303434337219268e-16,0.018692958762205857,0.016178187770534546,
463e770a02,40000,53,169070,1690.7,101.12547051143922,3.113319171576638e-17,0.018748425945724706,0.013042648774422636,
463e770a02,40000,54,172260,1722.6,101.12547051143922,2.1426491161676807e-17,0.018748425945724706,0.013007122057302792,
463e770a02,40000,55,175450,1754.5,101.12547051143922,1.601495079790048e-17,0.018748425945724706,0.01596229129423278,
463e770a02,40000,56,178640,1786.4,101.12547051143922,5.796319096920593e-18,0.018748425945724706,0.014440362653073021,
463e770a02,40000,57,181830,1818.3,101.12547051143922,5.665970919188981e-18,0.018748425945724706,0.015030970497901907,
463e770a02,40000,58,185020,1850.2,101.12547051143922,1.1288555662828286e-17,0.018748425945724706,0.015290401844614422,
463e770a02,40000,59,188210,1882.1,101.12547051143922,9.587624847561035e-18,0.018748425945724706,0.014183902516020626,
463e770a02,40000,60,191400,1914.0,101.12547051143922,4.28562804959403e-18,0.018748425945724706,0.013626289538704888,
463e770a02,40000,61,194590,1945.9,101.12547051143922,5.547383670812747e-18,0.018748425945724706,0.014551713641838571,
463e770a02,40000,62,197780,1977.8,101.12547051143922,3.4231017521245567e-18,0.018748425945724706,0.016430267826276827,
463e770a02,40000,63,200970,2009.7,101.12547051143922,3.8649400229767886e-18,0.018748425945724706,0.015347972738734277,
463e770a02,40000,64,204160,2041.6,101.12547051143922,4.63159197856979e-18,0.018748425945724706,0.014347938126854101,
463e770a02,40000,65,207350,2073.5,101.12547051143922,5.3532822511764825e-18,0.018748425945724706,0.01440650692937336,
463e770a02,40000,66,210540,2105.4,101.12547051143922,4.45446430474419e-17,0.018748425945724706,0.014521409647562102,
463e770a02,40000,67,213730,2137.3,101.12547051143055,2.7631143342301347e-17,0.018740462208235716,0.014096464321693215,
463e770a02,40000,68,216920,2169.2,101.12547051143055,3.089797974016369e-17,0.018740462208235716,0.014296450541118649,
463e770a02,40000,69,220110,2201.1,101.12547051143055,4.1907000362366576e-17,0.018740462208235716,0.01487870826227996,
463e770a02,40000,70,223300,2233.0,101.12547051143055,2.523790349526548e-17,0.018740462208235716,0.012782913102820755,
463e770a02,40000,71,226490,2264.9,101.12547051143055,3.140374645514477e-17,0.018740462208235716,0.015117414278497965,
463e770a02,40000,72,229680,2296.8,101.12547051143055,5.469827282564175e-17,0.018740462208235716,0.013504138453131262,
463e770a02,40000,73,232870,2328.7,101.12547051143055,2.7251421490666063e-17,0.018740462208235716,0.013962598331088448,
463e770a02,40000,74,236060,2360.6,101.12547051142852,1.7204309397679223e-17,0.018731289732075704,0.014993295451104002,
463e770a02,40000,75,239250,2392.5,101.12547051142852,2.0132782960113606e-16,0.018731289732075704,0.014888423975648286,
463e770a02,40000,76,242440,2424.4,101.12547051142077,2.2102575211059867e-17,0.01871827139952598,0.014406391753725408,
463e770a02,40000,77,245630,2456.3,101.12547051142077,2.3966710960795523e-17,0.01871827139952598,0.013215237011200543,
463e770a02,40000,78,248820,2488.2,101.12547051142077,1.7109918516657047e-17,0.01871827139952598,0.015901054596669854,
463e770a02,40000,79,252010,2520.1,101.12547051142077,3.7906927008948965e-17,0.01871827139952598,0.014009553055543628,
463e770a02,40000,80,255200,2552.0,101.12547051142077,5.084014801279625e-17,0.01871827139952598,0.015390562155871937,
463e770a02,40000,81,258390,2583.9,101.12547051142077,1.68059972771423e-17,0.01871827139952598,0.015709648453001213,
463e770a02,40000,82,261580,2615.8,101.12547051142077,2.2440713141233896e-17,0.01871827139952598,0.013673282789659307,
463e770a02,40000,83,264770,2647.7,101.12547051142077,2.0068332544578964e-17,0.01871827139952598,0.015353161986831313,
463e770a02,40000,84,267960,2679.6,101.12547051142077,5.01076875748842e-17,0.01871827139952598,0.01463887451858291,
463e770a02,40000,85,271150,2711.5,101.12547051139968,3.119686774538812e-17,0.018672968424545446,0.014839622629711438,
463e770a02,40000,86,274340,2743.4,101.12547051139968,2.7346689059582396e-17,0.018672968424545446,0.013559362846253881,
463e770a02,40000,87,277530,2775.3,101.12547051139968,4.8275558774068285e-17,0.018672968424545446,0.014405082976480035,
463e770a02,40000,88,280720,2807.2,101.12547051139968,1.8608117216031582e-17,0.018672968424545446,0.013841227326409338,
463e770a02,40000,89,283910,2839.1,101.12547051139968,2.6431802238994582e-17,0.018672968424545446,0.015715801057023457,
463e770a02,40000,90,287100,2871.0,101.12547051139968,3.4197092421238666e-17,0.018672968424545446,0.015656927061092025,
463e770a02,40000,91,290290,2902.9,101.12547051139968,4.734215424477144e-17,0.018672968424545446,0.014352243425024726,
463e770a02,40000,92,293480,2934.8,101.12547051139968,4.295628797019679e-17,0.018672968424545446,0.015019637748644711,
463e770a02,40000,93,296670,2966.7,101.12547051139968,4.097302353719315e-17,0.018672968424545446,0.013638291883371907,
463e770a02,40000,94,299860,2998.6,101.12547051139968,2.562170983030104e-17,0.018672968424545446,0.014813089357813537,
463e770a02,40000,95,303050,3030.5,101.12547051139968,3.1295920511554165e-17,0.018672968424545446,0.014869304182387764,
463e770a02,40000,96,306240,3062.4,101.12547051139968,3.28583850960665e-17,0.018672968424545446,0.014230941956236108,
463e770a02,40000,97,309430,3094.3,101.12547051139968,2.6108540804756084e-17,0.018672968424545446,0.014106559009773256,
463e770a02,40000,98,312620,3126.2,101.12547051139968,6.90957054608617e-17,0.018672968424545446,0.013617537773740716,
463e770a02,40000,99,315810,3158.1,101.12547051138752,2.3573543177650737e-17,0.01867776282105207,0.014692957433604405,
463e770a02,40000,100,319000,3190.0,101.12547051138752,2.6458812214611773e-17,0.01867776282105207,0.012726791020368333,
463e770a02,40000,101,322190,3221.9,101.12547051138752,1.5908044724937967e-17,0.01867776282105207,0.014110244290424278,
463e770a02,40000,102,325380,3253.8,101.12547051138752,2.2004004611739836e-17,0.01867776282105207,0.015525984241062015,
463e770a02,40000,103,328570,3285.7,101.12547051138752,2.4536792417053965e-17,0.01867776282105207,0.014078194160805291,
463e770a02,40000,104,331760,3317.6,101.12547051138752,5.0246500996710074e-17,0.01867776282105207,0.013471302445438796,
463e770a02,40000,105,334950,3349.5,101.12547051138752,2.1610332329780327e-17,0.01867776282105207,0.014120326163396677,
463e770a02,40000,106,338140,3381.4,101.12547051138752,2.816092882027178e-17,0.01867776282105207,0.01526188183995687,
463e770a02,40000,107,341330,3413.3,101.12547051138752,3.482818728441747e-17,0.01867776282105207,0.012634754528714702,
463e770a02,40000,108,344520,3445.2,101.12547051138752,6.951645316890244e-17,0.01867776282105207,0.014356456713349588,
463e770a02,40000,109,347710,3477.1,101.12547051138745,8.983099722105547e-17,0.018611333235571938,0.015839010964621814,
463e770a02,40000,110,350900,3509.0,101.12547051138745,1.6541086142334194e-17,0.018611333235571938,0.013938076856169658,
463e770a02,40000,111,354090,3540.9,101.12547051138745,9.89826617977378e-18,0.018611333235571938,0.015203063458688843,
463e770a02,40000,112,357280,3572.8,101.12547051138745,1.8390144107610863e-17,0.018611333235571938,0.014230476411564608,
463e770a02,40000,113,360470,3604.7,101.12547051138745,6.395194584988236e-18,0.018611333235571938,0.013887535220792538,
463e770a02,40000,114,363660,3636.6,101.12547051138745,6.568804361923693e-18,0.018611333235571938,0.014989925538609417,
463e770a02,40000,115,366850,3668.5,101.12547051138745,4.303952426512408e-17,0.018611333235571938,0.014787195956700222,
463e770a02,40000,116,370040,3700.4,101.12547051138745,1.5258388077201535e-17,0.018611333235571938,0.0152200574968956,
463e770a02,40000,117,373230,3732.3,101.12547051138745,4.2813599984591e-17,0.018611333235571938,0.014066596821888653,
463e770a02,40000,118,376420,3764.2,101.12547051138745,2.5680009671869325e-17,0.018611333235571938,0.014535483586946769,
463e770a02,40000,119,379610,3796.1,101.12547051138745,2.947615856147819e-17,0.018611333235571938,0.013682179483354874,
463e770a02,40000,120,382800,3828.0,101.12547051138745,1.5890216592527506e-17,0.018611333235571938,0.013160470388196292,
463e770a02,40000,121,385990,3859.9,101.12547051138745,2.716162915986855e-17,0.018611333235571938,0.015607110088214244,
463e770a02,40000,122,389180,3891.8,101.12547051138745,3.934446254861849e-17,0.018611333235571938,0.013065221945581707,
463e770a02,40000,123,392370,3923.7,101.12547051138745,4.2454508555900226e-17,0.018611333235571938,0.013828941038111676,
463e770a02,40000,124,395560,3955.6,101.12547051138745,3.2934054417647654e-17,0.018611333235571938,0.015131767658769162,
463e770a02,40000,125,398750,3987.5,101.12547051138745,4.2394719748654856e-17,0.018611333235571938,0.014355787455816551,
463e770a02,40000,126,401940,4019.4,101.12547051138745,5.492534820090602e-17,0.018611333235571938,0.013491808553381699,
463e770a02,40000,127,405130,4051.3,101.12547051138745,3.203218725499973e-17,0.018611333235571938,0.013443721351493496,
463e770a02,40000,128,408320,4083.2,101.12547051138745,9.499884248888953e-18,0.018611333235571938,0.01461872143793911,
463e770a02,40000,129,411510,4115.1,101.12547051138745,3.016936129448075e-17,0.018611333235571938,0.014221954539978916,
463e770a02,40000,130,414700,4147.0,101.12547051138745,5.283112800179189e-18,0.018611333235571938,0.014140913767461289,
463e770a02,40000,131,417890,4178.9,101.12547051138745,4.413674801420195e-17,0.018611333235571938,0.01563993423162747,
463e770a02,40000,132,421080,4210.8,101.12547051138745,1.471038015851606e-17,0.018611333235571938,0.01501276901397697,
463e770a02,40000,133,424270,4242.7,101.12547051138745,5.2757010800496394e-18,0.018611333235571938,0.01480458969089658,
463e770a02,40000,134,427460,4274.6,101.12547051138745,6.989478926164977e-18,0.018611333235571938,0.014464182552889714,
463e770a02,40000,135,430650,4306.5,101.12547051138745,7.21847603736645e-18,0.018611333235571938,0.015652422310202405,
463e770a02,40000,136,433840,4338.4,101.12547051138745,6.296526052245006e-18,0.018611333235571938,0.015220236559791113,
463e770a02,40000,137,437030,4370.3,101.12547051138745,1.5819209010949645e-17,0.018611333235571938,0.013457498003024827,
463e770a02,40000,138,440220,4402.2,101.12547051138745,3.6360498918123543e-17,0.018611333235571938,0.014870097896902957,
463e770a02,40000,139,443410,4434.1,101.12547051138745,9.536631549977736e-17,0.018611333235571938,0.014974653628585717,
463e770a02,40000,140,446600,4466.0,101.12547051138745,4.7081023056300464e-17,0.018611333235571938,0.014253096802424226,
463e770a02,40000,141,449790,4497.9,101.12547051138745,2.5194122915661275e-17,0.018611333235571938,0.015503233051534275,
463e770a02,40000,142,452980,4529.8,101.12547051138745,3.878700013250156e-17,0.018611333235571938,0.015452964959999491,
463e770a02,40000,143,456170,4561.7,101.12547051138745,2.7751786231977862e-17,0.018611333235571938,0.012961010640335627,
463e770a02,40000,144,459360,4593.6,101.12547051138745,2.1301553933815613e-17,0.018611333235571938,0.01409102057854061,
463e770a02,40000,145,462550,4625.5,101.12547051138745,4.9534194561224123e-17,0.018611333235571938,0.014578780517759068,
463e770a02,40000,146,465740,4657.4,101.12547051138745,6.043388208214485e-17,0.018611333235571938,0.014269244076683873,
463e770a02,40000,147,468930,4689.3,101.125470511386,2.393027358540782e-17,0.018633263412688058,0.012447825225045497,
463e770a02,40000,148,472120,4721.2,101.125470511386,3.0617066144675806e-17,0.018633263412688058,0.014027081936383292,
463e770a02,40000,149,475310,4753.1,101.125470511386,2.7589187561720034e-17,0.018633263412688058,0.01639608043719242,
463e770a02,40000,150,478500,4785.0,101.125470511386,3.400493560399291e-17,0.018633263412688058,0.013153205047124923,
463e770a02,40000,151,481690,4816.9,101.125470511386,2.915037828936707e-17,0.018633263412688058,0.014145070599472091,
463e770a02,40000,152,484880,4848.8,101.125470511386,1.97301285525742e-17,0.018633263412688058,0.011200740873559252,
463e770a02,40000,153,488070,4880.7,101.125470511386,5.119823633669793e-17,0.018633263412688058,0.016035571752607832,
463e770a02,40000,154,491260,4912.6,101.125470511386,3.373543618911393e-17,0.018633263412688058,0.013849495470698081,
463e770a02,40000,155,494450,4944.5,101.125470511386,4.973796958094164e-17,0.018633263412688058,0.01513781087651251,
463e770a02,40000,156,497640,4976.4,101.125470511386,6.315224588104257e-17,0.018633263412688058,0.014099337514806473,
463e770a02,40000,157,500830,5008.3,101.125470511386,1.9153474987858884e-18,0.018633263412688058,0.015123415855670699,
463e770a02,40000,158,504020,5040.2,101.125470511386,3.488925657400978e-17,0.018633263412688058,0.014701966438736017,
463e770a02,40000,159,507210,5072.1,101.125470511386,1.4398918872817657e-17,0.018633263412688058,0.014199733081382525,
463e770a02,40000,160,510400,5104.0,101.125470511386,1.8954276030933278e-18,0.018633263412688058,0.014134751763908273,
463e770a02,40000,161,513590,5135.9,101.125470511386,4.862578804327315e-18,0.018633263412688058,0.013148852035054047,
463e770a02,40000,162,516780,5167.8,101.125470511386,3.2893664982977604e-17,0.018633263412688058,0.014617949303665492,
463e770a02,40000,163,519970,5199.7,101.125470511386,1.6648238153534618e-17,0.018633263412688058,0.01374824770483574,
463e770a02,40000,164,523160,5231.6,101.125470511386,2.2233750616440824e-17,0.018633263412688058,0.015056416379240146,
463e770a02,40000,165,526350,5263.5,101.125470511386,1.947594022462202e-18,0.018633263412688058,0.014707381300554937,
463e770a02,40000,166,529540,5295.4,101.125470511386,2.8552085755529288e-18,0.018633263412688058,0.01564611299632068,
463e770a02,40000,167,532730,5327.3,101.125470511386,8.038530460988006e-17,0.018633263412688058,0.014810682559544985,
463e770a02,40000,168,535920,5359.2,101.12547051136667,2.5143732464329648e-17,0.018630442728073748,0.014418537699067034,
463e770a02,40000,169,539110,5391.1,101.12547051136667,8.343925645350429e-18,0.018630442728073748,0.013294573422174945,
463e770a02,40000,170,542300,5423.0,101.12547051136667,1.2723436349986971e-17,0.018630442728073748,0.013958302954099049,
463e770a02,40000,171,545490,5454.9,101.12547051136667,1.1468416833275797e-17,0.018630442728073748,0.01331526702522292,
463e770a02,40000,172,548680,5486.8,101.12547051136667,1.5122844491182903e-17,0.018630442728073748,0.015270602190567405,
463e770a02,40000,173,551870,5518.7,101.12547051136667,5.339252773291714e-18,0.018630442728073748,0.014978060877813311,
463e770a02,40000,174,555060,5550.6,101.12547051136667,3.360047791853428e-17,0.018630442728073748,0.014235206511399109,
463e770a02,40000,175,558250,5582.5,101.12547051136667,5.311583035161964e-18,0.018630442728073748,0.01277106127715324,
463e770a02,40000,176,561440,5614.4,101.12547051136667,5.649039598262282e-17,0.018630442728073748,0.012470704955390433,
463e770a02,40000,177,564630,5646.3,101.12547051136352,2.5551670161048418e-17,0.01860116607441782,0.014042078677007606,
463e770a02,40000,178,567820,5678.2,101.12547051136352,5.148979292489606e-17,0.01860116607441782,0.01408424210996936,
463e770a02,40000,179,571010,5710.1,101.12547051136352,5.280110591498922e-17,0.01860116607441782,0.015006036257135938,
463e770a02,40000,180,574200,5742.0,101.12547051136352,2.250712609152801e-17,0.01860116607441782,0.013224029869110114,
463e770a02,40000,181,577390,5773.9,101.12547051136352,2.077897728445604e-17,0.01860116607441782,0.014053144994528187,
463e770a02,40000,182,580580,5805.8,101.12547051136352,5.596644955834316e-17,0.01860116607441782,0.014470628983907967,
463e770a02,40000,183,583770,5837.7,101.12547051136352,6.054963207266102e-17,0.01860116607441782,0.014802656167703546,
463e770a02,40000,184,586960,5869.6,101.12547051136352,8.900942297865168e-18,0.01860116607441782,0.014213658240617712,
463e770a02,40000,185,590150,5901.5,101.12547051136352,6.742847694312027e-17,0.01860116607441782,0.016223721375786634,
463e770a02,40000,186,593340,5933.4,101.12547051136352,4.258764357011332e-17,0.01860116607441782,0.015729465641807605,
463e770a02,40000,187,596530,5965.3,101.12547051136352,7.520818010484366e-17,0.01860116607441782,0.015101270671709148,
463e770a02,40000,188,599720,5997.2,101.12547051136352,2.663702807709951e-17,0.01860116607441782,0.015034526998277287,
463e770a02,40000,189,602910,6029.1,101.12547051136352,5.4370746629062466e-17,0.01860116607441782,0.013879206083786004,
463e770a02,40000,190,606100,6061.0,101.12547051136352,2.4915375445271195e-16,0.01860116607441782,0.015060169579235543,
463e770a02,40000,191,609290,6092.9,101.12547051118536,2.0295747420736963e-16,0.01906185717271437,0.014862061136949926,
463e770a02,40000,192,612480,6124.8,101.1254705110131,4.4061114574017667e-17,0.019122594646227533,0.014921237830783512,
463e770a02,40000,193,615670,6156.7,101.1254705110131,1.451132268063557e-16,0.019122594646227533,0.0155494745609166,
463e770a02,40000,194,618860,6188.6,101.12547051099013,4.3554929587094745e-17,0.019154775053372576,0.014622452738981623,
463e770a02,40000,195,622050,6220.5,101.1254705109745,6.598994669935694e-17,0.019143534755642587,0.013669662929320876,
463e770a02,40000,196,625240,6252.4,101.1254705109745,1.0483271783412492e-17,0.019143534755642587,0.014338933925182075,
463e770a02,40000,197,628430,6284.3,101.1254705109745,1.9047191672844437e-17,0.019143534755642587,0.0142673538755492,
463e770a02,40000,198,631620,6316.2,101.1254705109745,3.20409701284611e-17,0.019143534755642587,0.014469465478768104,
463e770a02,40000,199,634810,6348.1,101.1254705109745,4.7623531406238145e-17,0.019143534755642587,0.015675552669241172,
463e770a02,40000,200,638000,6380.0,101.1254705109745,6.595395127476737e-17,0.019143534755642587,0.013311348693592037,
463e770a02,40000,201,641190,6411.9,101.12547051097386,4.206719162692941e-17,0.019080333609285856,0.013584215405826409,
463e770a02,40000,202,644380,6443.8,101.12547051097386,4.328577845234393e-17,0.019080333609285856,0.013037734555634508,
463e770a02,40000,203,647570,6475.7,101.12547051097386,1.170966486768721e-16,0.019080333609285856,0.015522063253903111,
463e770a02,40000,204,650760,6507.6,101.1254705109407,6.73971493556995e-17,0.019200144194099458,0.01527998785599359,
463e770a02,40000,205,653950,6539.5,101.12547051093865,4.7043696935911675e-17,0.019190971666336182,0.01594376056785664,
463e770a02,40000,206,657140,6571.4,101.12547051093865,3.157404533886903e-17,0.019190971666336182,0.015672809601784302,
463e770a02,40000,207,660330,6603.3,101.12547051093865,3.3797216847864526e-17,0.019190971666336182,0.01571388353985544,
463e770a02,40000,208,663520,6635.2,101.12547051093865,4.1146913020411886e-17,0.019190971666336182,0.014589508156220215,
463e770a02,40000,209,666710,6667.1,101.12547051093865,3.569184848889607e-18,0.019190971666336182,0.013283393761309518,
463e770a02,40000,210,669900,6699.0,101.12547051093865,2.8550509346840037e-18,0.019190971666336182,0.015231305251994922,
463e770a02,40000,211,673090,6730.9,101.12547051093865,6.837482477627575e-18,0.019190971666336182,0.015112779433688595,
463e770a02,40000,212,676280,6762.8,101.12547051093865,3.603009931530639e-17,0.019190971666336182,0.01512714130151476,
463e770a02,40000,213,679470,6794.7,101.12547051093865,3.076110972928328e-17,0.019190971666336182,0.015262887508349246,
463e770a02,40000,214,682660,6826.6,101.12547051093865,1.4188044055168952e-17,0.019190971666336182,0.014455687454662832,
463e770a02,40000,215,685850,6858.5,101.12547051093865,7.987017804597613e-18,0.019190971666336182,0.014236038092368156,
463e770a02,40000,216,689040,6890.4,101.12547051093865,1.6628400643435937e-18,0.019190971666336182,0.014107691528272874,
463e770a02,40000,217,692230,6922.3,101.12547051093865,1.4572025607273371e-18,0.019190971666336182,0.014529267935191678,
463e770a02,40000,218,695420,6954.2,101.12547051093865,2.139026881943545e-17,0.019190971666336182,0.014445660949435222,
463e770a02,40000,219,698610,6986.1,101.12547051093865,4.756586243070545e-17,0.019190971666336182,0.014608799695547441,
463e770a02,40000,220,701800,7018.0,101.12547051093865,8.308296664310062e-18,0.019190971666336182,0.016168904777355227,
463e770a02,40000,221,704990,7049.9,101.12547051093865,1.3182899532651998e-17,0.019190971666336182,0.014199459434766597,
463e770a02,40000,222,708180,7081.8,101.12547051093865,8.468544232559701e-18,0.019190971666336182,0.014525477445713426,
463e770a02,40000,223,711370,7113.7,101.12547051093865,3.311437191122185e-17,0.019190971666336182,0.01487059298790176,
463e770a02,40000,224,714560,7145.6,101.12547051093865,2.6901652050927853e-17,0.019190971666336182,0.01598149552714616,
463e770a02,40000,225,717750,7177.5,101.12547051093865,2.6082523433149976e-17,0.019190971666336182,0.014663415659247067,
463e770a02,40000,226,720940,7209.4,101.12547051093865,1.0899678844014232e-17,0.019190971666336182,0.01476273608842056,
463e770a02,40000,227,724130,7241.3,101.12547051093865,1.799880479159166e-17,0.019190971666336182,0.013587045605144097,
463e770a02,40000,228,727320,7273.2,101.12547051093865,3.0073238622626805e-17,0.019190971666336182,0.01578437629204644,
463e770a02,40000,229,730510,7305.1,101.12547051093865,9.176725015565974e-18,0.019190971666336182,0.01444052928106526,
463e770a02,40000,230,733700,7337.0,101.12547051093865,4.802235108317244e-18,0.019190971666336182,0.015207154809553406,
463e770a02,40000,231,736890,7368.9,101.12547051093865,8.094337885001617e-18,0.019190971666336182,0.014960987871654138,
463e770a02,40000,232,740080,7400.8,101.12547051093865,1.2816404875682555e-17,0.019190971666336182,0.015223693165374802,
463e770a02,40000,233,743270,7432.7,101.12547051093865,2.0124939833006984e-18,0.019190971666336182,0.016431844129413946,
463e770a02,40000,234,746460,7464.6,101.12547051093865,1.3350150466493567e-18,0.019190971666336182,0.01467072584646843,
463e770a02,40000,235,749650,7496.5,101.12547051093865,3.42830391398183e-17,0.019190971666336182,0.015310633703277355,
463e770a02,40000,236,752840,7528.4,101.12547051093865,1.0023284035301035e-17,0.019190971666336182,0.014874328891024918,
463e770a02,40000,237,756030,7560.3,101.12547051093865,8.823375573928167e-18,0.019190971666336182,0.01574476311306408,
463e770a02,40000,238,759220,7592.2,101.12547051093865,9.043715463309446e-18,0.019190971666336182,0.014221383845603168,
463e770a02,40000,239,762410,7624.1,101.12547051093865,4.8986229095577935e-18,0.019190971666336182,0.01504155317544459,
463e770a02,40000,240,765600,7656.0,101.12547051093865,1.4311097830319485e-17,0.019190971666336182,0.014198161078000543,
463e770a02,40000,241,768790,7687.9,101.12547051093865,5.50477901484045e-18,0.019190971666336182,0.0139163430090043,
463e770a02,40000,242,771980,7719.8,101.12547051093865,1.1536815208417152e-17,0.019190971666336182,0.014254020567508796,
463e770a02,40000,243,775170,7751.7,101.12547051093865,5.196288592549763e-17,0.019190971666336182,0.014790225367087649,
463e770a02,40000,244,778360,7783.6,101.12547051093865,9.005195390924094e-18,0.019190971666336182,0.015385985751547098,
463e770a02,40000,245,781550,7815.5,101.12547051093865,3.5818788916765614e-18,0.019190971666336182,0.014042497461225406,
463e770a02,40000,246,784740,7847.4,101.12547051093865,8.475185686447073e-18,0.019190971666336182,0.014982671030943853,
463e770a02,40000,247,787930,7879.3,101.12547051093865,4.641335649272183e-17,0.019190971666336182,0.01370298154859187,
463e770a02,40000,248,791120,7911.2,101.12547051093865,4.0506995288234826e-17,0.019190971666336182,0.013064751895496579,
463e770a02,40000,249,794310,7943.1,101.12547051093865,2.6396614774988018e-17,0.019190971666336182,0.015911093981544597,
463e770a02,40000,250,797500,7975.0,101.12547051093865,2.6476405732342378e-17,0.019190971666336182,0.014580779690005673,
463e770a02,40000,251,800690,8006.9,101.12547051093865,1.3719024058167494e-16,0.019190971666336182,0.01562425942669045,
463e770a02,40000,252,803880,8038.8,101.12547051092862,3.8831329238470027e-17,0.019294770466505035,0.015550724702275621,
463e770a02,40000,253,807070,8070.7,101.12547051092862,2.2139618749465595e-17,0.019294770466505035,0.014797572163648857,
463e770a02,40000,254,810260,8102.6,101.12547051092862,1.324624395995544e-17,0.019294770466505035,0.015420358790018756,
463e770a02,40000,255,813450,8134.5,101.12547051092862,1.3154276145589423e-17,0.019294770466505035,0.014251055025352349,
463e770a02,40000,256,816640,8166.4,101.12547051092862,8.291333129668447e-18,0.019294770466505035,0.01377212283710488,
463e770a02,40000,257,819830,8198.3,101.12547051092862,4.1119076956581224e-17,0.019294770466505035,0.014453049726727138,
463e770a02,40000,258,823020,8230.2,101.12547051092862,5.5062161214618056e-18,0.019294770466505035,0.015422150553862568,
463e770a02,40000,259,826210,8262.1,101.12547051092862,3.289332812889885e-17,0.019294770466505035,0.015744996165717028,
463e770a02,40000,260,829400,8294.0,101.12547051092862,6.62859800161202e-17,0.019294770466505035,0.01570692037477123,
463e770a02,40000,261,832590,8325.9,101.12547051092858,8.370176966689819e-18,0.01922834258576429,0.01649648194651713,
463e770a02,40000,262,835780,8357.8,101.12547051092858,5.821073885762492e-18,0.01922834258576429,0.015000074656248715,
463e770a02,40000,263,838970,8389.7,101.12547051092858,1.0977281968380445e-17,0.01922834258576429,0.016487418493656755,
463e770a02,40000,264,842160,8421.6,101.12547051092858,3.4310319964309123e-17,0.01922834258576429,0.014671633261454828,
463e770a02,40000,265,845350,8453.5,101.12547051092858,4.496978385405715e-17,0.01922834258576429,0.014884327988795656,
463e770a02,40000,266,848540,8485.4,101.12547051092858,5.93458447906955e-17,0.01922834258576429,0.013585186568001688,
463e770a02,40000,267,851730,8517.3,101.12547051092858,8.204717119068594e-18,0.01922834258576429,0.015348436594565518,
463e770a02,40000,268,854920,8549.2,101.12547051092858,4.356785930066424e-17,0.01922834258576429,0.014281586892509964,
463e770a02,40000,269,858110,8581.1,101.12547051092858,6.417655512014586e-17,0.01922834258576429,0.01477616129997496,
463e770a02,40000,270,861300,8613.0,101.12547051092858,4.352832936014406e-17,0.01922834258576429,0.01493539776126886,
463e770a02,40000,271,864490,8644.9,101.12547051092858,2.175228870532005e-17,0.01922834258576429,0.01587550407586498,
463e770a02,40000,272,867680,8676.8,101.12547051092858,3.448711668945613e-17,0.01922834258576429,0.014367770422920863,
463e770a02,40000,273,870870,8708.7,101.12547051092858,8.238790702913536e-18,0.01922834258576429,0.014733977373937047,
463e770a02,40000,274,874060,8740.6,101.12547051092858,7.20115739521017e-18,0.01922834258576429,0.015222117993920658,
463e770a02,40000,275,877250,8772.5,101.12547051092858,3.9381594917754364e-18,0.01922834258576429,0.015551561137662097,
463e770a02,40000,276,880440,8804.4,101.12547051092858,3.744150713082217e-18,0.01922834258576429,0.015602861310126517,
463e770a02,40000,277,883630,8836.3,101.12547051092858,3.9944057771650205e-17,0.01922834258576429,0.01609691942265521,
463e770a02,40000,278,886820,8868.2,101.12547051092858,1.1380453046407307e-17,0.01922834258576429,0.015525810909245775,
463e770a02,40000,279,890010,8900.1,101.12547051092858,9.385440607725474e-18,0.01922834258576429,0.01458466205505327,
463e770a02,40000,280,893200,8932.0,101.12547051092858,3.172808183144729e-18,0.01922834258576429,0.013815000162056622,
463e770a02,40000,281,896390,8963.9,101.12547051092858,3.880342458794905e-18,0.01922834258576429,0.014308051037168288,
463e770a02,40000,282,899580,8995.8,101.12547051092858,3.1860793987154328e-18,0.01922834258576429,0.015296251200044806,
463e770a02,40000,283,902770,9027.7,101.12547051092858,1.5560969925150716e-17,0.01922834258576429,0.015527421848878538,
463e770a02,40000,284,905960,9059.6,101.12547051092858,3.4364327929877847e-18,0.01922834258576429,0.014959802185690083,
463e770a02,40000,285,909150,9091.5,101.12547051092858,2.167065137321182e-18,0.01922834258576429,0.015197778836873524,
463e770a02,40000,286,912340,9123.4,101.12547051092858,2.6992597834308058e-18,0.01922834258576429,0.014437691043638855,
463e770a02,40000,287,915530,9155.3,101.12547051092858,5.566605002902409e-18,0.01922834258576429,0.012676840551481076,
463e770a02,40000,288,918720,9187.2,101.12547051092858,2.6567851420201953e-18,0.01922834258576429,0.014409026907727208,
463e770a02,40000,289,921910,9219.1,101.12547051092858,3.03366605875658e-18,0.01922834258576429,0.015583621848221445,
463e770a02,40000,290,925100,9251.0,101.12547051092858,3.1159382787331633e-18,0.01922834258576429,0.014611818197709993,
463e770a02,40000,291,928290,9282.9,101.12547051092858,1.6843340275134341e-18,0.01922834258576429,0.014859713040938699,
463e770a02,40000,292,931480,9314.8,101.12547051092858,5.756493881636968e-17,0.01922834258576429,0.015150434534860861,
463e770a02,40000,293,934670,9346.7,101.12547051092858,2.201346143402821e-17,0.01922834258576429,0.01501417323627871,
463e770a02,40000,294,937860,9378.6,101.12547051092858,2.364059757997596e-18,0.01922834258576429,0.013921830007804123,
463e770a02,40000,295,941050,9410.5,101.12547051092858,3.04473120887771e-18,0.01922834258576429,0.015907925459064123,
463e770a02,40000,296,944240,9442.4,101.12547051092858,3.541393449894446e-18,0.01922834258576429,0.015216224790672864,
463e770a02,40000,297,947430,9474.3,101.12547051092858,3.953902264057391e-18,0.01922834258576429,0.015440496410640691,
463e770a02,40000,298,950620,9506.2,101.12547051092858,5.471757281150011e-18,0.01922834258576429,0.013930339731872191,
463e770a02,40000,299,953810,9538.1,101.12547051092858,2.4521354190981093e-18,0.01922834258576429,0.0134241877247591,
463e770a02,40000,300,957000,9570.0,101.12547051092858,3.1462079410457516e-18,0.01922834258576429,0.015408919870120634,
463e770a02,40000,301,960190,9601.9,101.12547051092858,4.991362112576295e-18,0.01922834258576429,0.014478154787775612,
463e770a02,40000,302,963380,9633.8,101.12547051092858,5.391401540919229e-18,0.01922834258576429,0.014453319770014938,
463e770a02,40000,303,966570,9665.7,101.12547051092858,3.888281710440921e-18,0.01922834258576429,0.01359837662767106,
463e770a02,40000,304,969760,9697.6,101.12547051092858,3.0181309199210316e-18,0.01922834258576429,0.015399890368739549,
463e770a02,40000,305,972950,9729.5,101.12547051092858,5.455751301337241e-18,0.01922834258576429,0.014021177298678087,
463e770a02,40000,306,976140,9761.4,101.12547051092858,2.9395274161403804e-18,0.01922834258576429,0.01570928093799401,
463e770a02,40000,307,979330,9793.3,101.12547051092858,2.7158630561841507e-18,0.01922834258576429,0.013279967241696796,
463e770a02,40000,308,982520,9825.2,101.12547051092858,4.521378470653776e-18,0.01922834258576429,0.014314184349912268,
463e770a02,40000,309,985710,9857.1,101.12547051092858,2.353999654505934e-18,0.01922834258576429,0.014715074500940045,
463e770a02,40000,310,988900,9889.0,101.12547051092858,4.043051265952023e-17,0.01922834258576429,0.015163843803373355,
463e770a02,40000,311,992090,9920.9,101.12547051092858,4.6272587440989106e-17,0.01922834258576429,0.014196491516304225,
463e770a02,40000,312,995280,9952.8,101.12547051092858,1.7231022633320907e-17,0.01922834258576429,0.01443202727776908,
463e770a02,40000,313,998470,9984.7,101.12547051092858,5.447016327431574e-18,0.01922834258576429,0.01653903149724321,
463e770a02,40000,314,1001660,10016.6,101.12547051092858,4.4280176634223265e-17,0.01922834258576429,0.013653550607212182,
463e770a02,40000,315,1004850,10048.5,101.12547051092858,1.1310163819794469e-17,0.01922834258576429,0.015001593005664015,
463e770a02,40000,316,1008040,10080.4,101.12547051092858,8.537109174729212e-18,0.01922834258576429,0.014962576229219572,
463e770a02,40000,317,1011230,10112.3,101.12547051092858,6.6582154098886305e-18,0.01922834258576429,0.015614494107259928,
463e770a02,40000,318,1014420,10144.2,101.12547051092858,4.790583835824784e-18,0.01922834258576429,0.01592330774851339,
463e770a02,40000,319,1017610,10176.1,101.12547051092858,3.9204087905649745e-18,0.01922834258576429,0.012645814616902324,
463e770a02,40000,320,1020800,10208.0,101.12547051092858,2.7647119605863355e-18,0.01922834258576429,0.016123046540571583,
463e770a02,40000,321,1023990,10239.9,101.12547051092858,2.5720669960626946e-18,0.01922834258576429,0.014511638967960353,
463e770a02,40000,322,1027180,10271.8,101.12547051092858,5.438445744999629e-18,0.01922834258576429,0.014186446209414803,
463e770a02,40000,323,1030370,10303.7,101.12547051092858,3.782936528034734e-18,0.01922834258576429,0.013754359955165326,
463e770a02,40000,324,1033560,10335.6,101.12547051092858,1.3861231608848571e-18,0.01922834258576429,0.015403936212886844,
463e770a02,40000,325,1036750,10367.5,101.12547051092858,3.0399860203969446e-18,0.01922834258576429,0.01550451045908893,
463e770a02,40000,326,1039940,10399.4,101.12547051092858,1.5135427317266437e-17,0.01922834258576429,0.015854712061767195,
463e770a02,40000,327,1043130,10431.3,101.12547051092858,7.760606950665711e-17,0.01922834258576429,0.015289643858959276,
463e770a02,40000,328,1046320,10463.2,101.12547051092858,4.027503863011299e-17,0.01916191585352897,0.01459058780064074,
463e770a02,40000,329,1049510,10495.1,101.12547051092858,8.877944972771192e-17,0.01916191585352897,0.015598931999429643,
463e770a02,40000,330,1052700,10527.0,101.12547051092665,1.3488298701740653e-17,0.019034418274917565,0.014424455814344237,
463e770a02,40000,331,1055890,10558.9,101.12547051092665,7.008373794227269e-17,0.019034418274917565,0.01542730404772938,
463e770a02,40000,332,1059080,10590.8,101.12547051092665,2.0760672460729592e-17,0.019034418274917565,0.015151708805400826,
463e770a02,40000,333,1062270,10622.7,101.12547051092665,4.603261831549236e-18,0.019034418274917565,0.01536397113769697,
463e770a02,40000,334,1065460,10654.6,101.12547051092665,5.938732628986208e-17,0.019034418274917565,0.013776832946718573,
463e770a02,40000,335,1068650,10686.5,101.12547051092665,2.574436979935647e-18,0.019034418274917565,0.015467112332755467,
463e770a02,40000,336,1071840,10718.4,101.12547051092665,3.576756858613884e-18,0.019034418274917565,0.014595978072547634,
463e770a02,40000,337,1075030,10750.3,101.12547051092665,8.366665708619487e-18,0.019034418274917565,0.01576397319446569,
463e770a02,40000,338,1078220,10782.2,101.12547051092665,4.914679957257145e-17,0.019034418274917565,0.013499916023479969,
463e770a02,40000,339,1081410,10814.1,101.12547051092665,4.089746199038536e-17,0.019034418274917565,0.015126027842687425,
463e770a02,40000,340,1084600,10846.0,101.12547051092665,2.036549347816898e-17,0.019034418274917565,0.014356837104690467,
463e770a02,40000,341,1087790,10877.9,101.12547051092665,4.0803250808610074e-17,0.019034418274917565,0.014559185862603189,
463e770a02,40000,342,1090980,10909.8,101.12547051092665,4.0081751323540456e-17,0.019034418274917565,0.015629948310160263,
463e770a02,40000,343,1094170,10941.7,101.12547051092665,4.04685108039891e-17,0.019034418274917565,0.014001091957040315,
463e770a02,40000,344,1097360,10973.6,101.12547051092665,3.491425454776147e-17,0.019034418274917565,0.015080481436849874,
463e770a02,40000,345,1100550,11005.5,101.12547051092665,2.186352006862073e-17,0.019034418274917565,0.01508812003082315,
463e770a02,40000,346,1103740,11037.4,101.12547051092665,2.180829967047636e-17,0.019034418274917565,0.015241670155228064,
463e770a02,40000,347,1106930,11069.3,101.12547051092665,3.8221924294894774e-17,0.019034418274917565,0.014670715682112588,
463e770a02,40000,348,1110120,11101.2,101.12547051092665,1.095476328216819e-17,0.019034418274917565,0.014501427576528687,
463e770a02,40000,349,1113310,11133.1,101.12547051092665,3.800531648530147e-17,0.019034418274917565,0.013889145509491304,
463e770a02,40000,350,1116500,11165.0,101.12547051092665,5.749114113268224e-17,0.019034418274917565,0.015061639628073449,
463e770a02,40000,351,1119690,11196.9,101.12547051092665,4.1048810154243694e-17,0.019034418274917565,0.014867292635906259,
463e770a02,40000,352,1122880,11228.8,101.12547051092665,1.1870838180192552e-17,0.019034418274917565,0.015018080690760705,
463e770a02,40000,353,1126070,11260.7,101.12547051092665,8.505182177223768e-17,0.019034418274917565,0.014448508859650322,
463e770a02,40000,354,1129260,11292.6,101.12547051089034,2.291089460258849e-17,0.018923670125327776,0.014366710658351975,
463e770a02,40000,355,1132450,11324.5,101.12547051089034,6.660095477654768e-18,0.018923670125327776,0.013986059249864452,
463e770a02,40000,356,1135640,11356.4,101.12547051089034,5.268952578583726e-18,0.018923670125327776,0.013633530200268893,
463e770a02,40000,357,1138830,11388.3,101.12547051089034,5.618733667910436e-17,0.018923670125327776,0.014582890979530803,
463e770a02,40000,358,1142020,11420.2,101.12547051089034,4.201655072832338e-17,0.018923670125327776,0.014401608591479738,
463e770a02,40000,359,1145210,11452.1,101.12547051089034,6.502957873317538e-17,0.018923670125327776,0.01415328652906598,
463e770a02,40000,360,1148400,11484.0,101.12547051089034,2.8740551548448654e-17,0.018923670125327776,0.015876726465969618,
463e770a02,40000,361,1151590,11515.9,101.12547051089034,6.922516855112611e-17,0.018923670125327776,0.015103597316530323,
463e770a02,40000,362,1154780,11547.8,101.12547051089034,3.1944207246977125e-17,0.018923670125327776,0.014142191447706998,
463e770a02,40000,363,1157970,11579.7,101.12547051089034,2.7584727156040935e-17,0.018923670125327776,0.013786449680522238,
463e770a02,40000,364,1161160,11611.6,101.12547051089034,3.569882195489817e-17,0.018923670125327776,0.013440691462492903,
463e770a02,40000,365,1164350,11643.5,101.12547051089034,1.72726371235522e-17,0.018923670125327776,0.015251981800630003,
463e770a02,40000,366,1167540,11675.4,101.12547051089034,1.4654870459086814e-17,0.018923670125327776,0.015029676912752733,
463e770a02,40000,367,1170730,11707.3,101.12547051089034,2.8491771473814344e-17,0.018923670125327776,0.010894354104848677,
463e770a02,40000,368,1173920,11739.2,101.12547051089034,2.174061288057436e-17,0.018923670125327776,0.012927767640637557,
463e770a02,40000,369,1177110,11771.1,101.12547051089034,2.1610328485869596e-17,0.018923670125327776,0.01607558682661244,
463e770a02,40000,370,1180300,11803.0,101.12547051089034,7.088108560660784e-17,0.018923670125327776,0.015092231003850605,
463e770a02,40000,371,1183490,11834.9,101.12547051089034,3.262955459839959e-17,0.018923670125327776,0.01425680842198234,
463e770a02,40000,372,1186680,11866.8,101.12547051089034,5.677518613192742e-17,0.018923670125327776,0.014169900947486769,
463e770a02,40000,373,1189870,11898.7,101.12547051089034,4.620290166834554e-17,0.018923670125327776,0.015171870038774586,
463e770a02,40000,374,1193060,11930.6,101.12547051089034,4.5535865702553884e-17,0.018923670125327776,0.013961925979110567,
463e770a02,40000,375,1196250,11962.5,101.12547051089034,2.569842157749472e-17,0.018923670125327776,0.014757317064286398,
463e770a02,40000,376,1199440,11994.4,101.12547051089034,1.0231907882770402e-17,0.018923670125327776,0.015727384427433933,
463e770a02,40000,377,1202630,12026.3,101.12547051089034,1.0317368279944133e-17,0.018923670125327776,0.015120799402528097,
463e770a02,40000,378,1205820,12058.2,101.12547051089034,1.130275461473827e-17,0.018923670125327776,0.014470400758140359,
463e770a02,40000,379,1209010,12090.1,101.12547051089034,1.0126946560698899e-17,0.018923670125327776,0.015048010713534716,
463e770a02,40000,380,1212200,12122.0,101.12547051089034,6.8212256847825845e-18,0.018923670125327776,0.015115296654052625,
463e770a02,40000,381,1215390,12153.9,101.12547051089034,9.06083961244361e-18,0.018923670125327776,0.014878344166571574,
463e770a02,40000,382,1218580,12185.8,101.12547051089034,1.2249179869817436e-17,0.018923670125327776,0.014863768097611663,
463e770a02,40000,383,1221770,12217.7,101.12547051089034,6.697495130871964e-17,0.018923670125327776,0.014058028730718757,
463e770a02,40000,384,1224960,12249.6,101.12547051089034,2.8936889554893777e-17,0.018923670125327776,0.013470586829004642,
463e770a02,40000,385,1228150,12281.5,101.12547051089034,2.0334320888663147e-17,0.018923670125327776,0.014817885969633201,
463e770a02,40000,386,1231340,12313.4,101.12547051089034,4.691523941358959e-17,0.018923670125327776,0.015117882237193327,
463e770a02,40000,387,1234530,12345.3,101.12547051089034,7.655319523776342e-18,0.018923670125327776,0.014217879368869788,
463e770a02,40000,388,1237720,12377.2,101.12547051089034,5.416509074204658e-18,0.018923670125327776,0.015794018714817122,
463e770a02,40000,389,1240910,12409.1,101.12547051089034,7.10337314332541e-17,0.018923670125327776,0.014139002662949256,
463e770a02,40000,390,1244100,12441.0,101.12547051089034,7.887140505760633e-17,0.018923670125327776,0.014490426178725811,
463e770a02,40000,391,1247290,12472.9,101.12547051089034,4.8518656097648174e-17,0.018923670125327776,0.015610792262444126,
463e770a02,40000,392,1250480,12504.8,101.12547051089034,4.9931433245558733e-17,0.018923670125327776,0.01589538024069544,
463e770a02,40000,393,1253670,12536.7,101.12547051089034,6.970790894447901e-17,0.018923670125327776,0.015846638408037655,
463e770a02,40000,394,1256860,12568.6,101.12547051089034,4.35114571171245e-17,0.018923670125327776,0.014641437955419178,
463e770a02,40000,395,1260050,12600.5,101.12547051089034,5.542088205882441e-17,0.018923670125327776,0.013721399226465945,
463e770a02,40000,396,1263240,12632.4,101.12547051089034,5.846184013567031e-17,0.018923670125327776,0.015096972510702435,
463e770a02,40000,397,1266430,12664.3,101.12547051089034,6.44088343240528e-17,0.018923670125327776,0.014574974730901228,
463e770a02,40000,398,1269620,12696.2,101.12547051089034,3.7027905991716255e-17,0.018923670125327776,0.015432746508491352,
463e770a02,40000,399,1272810,12728.1,101.12547051089034,5.883032687572994e-17,0.018923670125327776,0.015450846816957168,
463e770a02,40000,400,1276000,12760.0,101.12547051089034,6.851231361053895e-17,0.018923670125327776,0.013569428435440092,
463e770a02,40000,401,1279190,12791.9,101.12547051088984,3.018775696877151e-17,0.01894796036358841,0.014375374386613947,
463e770a02,40000,402,1282380,12823.8,101.12547051088984,4.3148189567791943e-17,0.01894796036358841,0.0158870129541366,
463e770a02,40000,403,1285570,12855.7,101.12547051088984,4.3414745079738684e-17,0.01894796036358841,0.01510842855662327,
463e770a02,40000,404,1288760,12887.6,101.12547051088984,3.514858746700693e-17,0.01894796036358841,0.015861012556718915,
463e770a02,40000,405,1291950,12919.5,101.12547051088984,7.562730913051983e-17,0.01894796036358841,0.015424179502019842,
463e770a02,40000,406,1295140,12951.4,101.12547051088984,6.177928377751623e-17,0.01894796036358841,0.015281103905964977,
463e770a02,40000,407,1298330,12983.3,101.12547051088984,3.43736384910109e-17,0.01894796036358841,0.013609758003007802,
463e770a02,40000,408,1301520,13015.2,101.12547051088984,7.153907948498006e-17,0.01894796036358841,0.014967303395006662,
463e770a02,40000,409,1304710,13047.1,101.12547051088984,3.604451279329258e-17,0.01894796036358841,0.015324383924319732,
463e770a02,40000,410,1307900,13079.0,101.12547051088984,4.89450490006142e-17,0.01894796036358841,0.015425274549538025,
463e770a02,40000,411,1311090,13110.9,101.12547051088984,6.895343538767609e-17,0.01894796036358841,0.014278307444428564,
463e770a02,40000,412,1314280,13142.8,101.12547051088984,5.8210020286751e-17,0.01894796036358841,0.014720472186286108,
463e770a02,40000,413,1317470,13174.7,101.12547051088984,2.1705794088792e-17,0.01894796036358841,0.01576273258123364,
463e770a02,40000,414,1320660,13206.6,101.12547051088984,4.0912111290557556e-17,0.01894796036358841,0.013660780796644635,
463e770a02,40000,415,1323850,13238.5,101.12547051088984,4.044899746266246e-17,0.01894796036358841,0.015096849362362996,
463e770a02,40000,416,1327040,13270.4,101.12547051088984,4.3513160171338174e-17,0.01894796036358841,0.015102473123858859,
463e770a02,40000,417,1330230,13302.3,101.12547051088984,7.425748410654207e-17,0.01894796036358841,0.015332645460897142,
463e770a02,40000,418,1333420,13334.2,101.12547051088984,3.268149707493032e-17,0.01894796036358841,0.016140161723730007,
463e770a02,40000,419,1336610,13366.1,101.12547051088984,4.22023176799285e-17,0.01894796036358841,0.014535104680064255,
463e770a02,40000,420,1339800,13398.0,101.12547051088984,6.012965927371379e-17,0.01894796036358841,0.015197307687285421,
463e770a02,40000,421,1342990,13429.9,101.12547051088984,4.7424525713517805e-17,0.01894796036358841,0.015662680809512355,
463e770a02,40000,422,1346180,13461.8,101.12547051088984,6.589605427608439e-17,0.01894796036358841,0.015225142163518626,
463e770a02,40000,423,1349370,13493.7,101.12547051088984,5.663720553735915e-17,0.01894796036358841,0.015040295441566699,
463e770a02,40000,424,1352560,13525.6,101.12547051088984,2.1711568281147612e-17,0.01894796036358841,0.013586718603082578,
463e770a02,40000,425,1355750,13557.5,101.12547051088984,3.2557337140099386e-17,0.01894796036358841,0.014097078712426669,
463e770a02,40000,426,1358940,13589.4,101.12547051088984,4.92330148210893e-17,0.01894796036358841,0.015208197655563152,
463e770a02,40000,427,1362130,13621.3,101.12547051088984,3.611381059884202e-17,0.01894796036358841,0.014542838379834425,
463e770a02,40000,428,1365320,13653.2,101.12547051088984,5.579938247419086e-17,0.01894796036358841,0.013183135012513187,
463e770a02,40000,429,1368510,13685.1,101.12547051088984,5.326691874890785e-17,0.01894796036358841,0.013881764926294376,
463e770a02,40000,430,1371700,13717.0,101.12547051088984,4.115643231744607e-17,0.01894796036358841,0.01637891163267145,
463e770a02,40000,431,1374890,13748.9,101.12547051088984,5.410578419829823e-17,0.01894796036358841,0.014665513918717258,
463e770a02,40000,432,1378080,13780.8,101.12547051088984,3.727193564444657e-17,0.01894796036358841,0.014700626157146207,
463e770a02,40000,433,1381270,13812.7,101.12547051088984,3.038153515863687e-17,0.01894796036358841,0.01591318143808698,
463e770a02,40000,434,1384460,13844.6,101.12547051088984,2.924496045980972e-17,0.01894796036358841,0.013804087766459828,
463e770a02,40000,435,1387650,13876.5,101.12547051088984,5.2851193365130103e-17,0.01894796036358841,0.013781118597600893,
463e770a02,40000,436,1390840,13908.4,101.12547051088984,3.440864089345872e-17,0.01894796036358841,0.01343062308680691,
463e770a02,40000,437,1394030,13940.3,101.12547051088984,3.657545949590613e-17,0.01894796036358841,0.014837637327308353,
463e770a02,40000,438,1397220,13972.2,101.12547051088984,2.7384063930925054e-17,0.01894796036358841,0.015008878339141414,
463e770a02,40000,439,1400410,14004.1,101.12547051088984,4.6779754872495173e-17,0.01894796036358841,0.014550460378066824,
463e770a02,40000,440,1403600,14036.0,101.12547051088984,5.786541502044766e-17,0.01894796036358841,0.014865094233884279,
463e770a02,40000,441,1406790,14067.9,101.12547051088984,4.0985303924777615e-17,0.01894796036358841,0.014212345724276152,
463e770a02,40000,442,1409980,14099.8,101.12547051088984,3.4192089447521413e-17,0.01894796036358841,0.014626126228837778,
463e770a02,40000,443,1413170,14131.7,101.12547051088984,6.381655345952747e-17,0.01894796036358841,0.014373015266238328,
463e770a02,40000,444,1416360,14163.6,101.12547051088984,3.411170108951861e-17,0.01894796036358841,0.013985745754391854,
463e770a02,40000,445,1419550,14195.5,101.12547051088984,3.871567189438132e-17,0.01894796036358841,0.013450114663871176,
463e770a02,40000,446,1422740,14227.4,101.12547051088984,1.8295617360554312e-17,0.01894796036358841,0.015882845582361225,
463e770a02,40000,447,1425930,14259.3,101.12547051088984,3.6047953330589534e-17,0.01894796036358841,0.014321210000228256,
463e770a02,40000,448,1429120,14291.2,101.12547051088984,2.65209163192043e-17,0.01894796036358841,0.015076224985615921,
463e770a02,40000,449,1432310,14323.1,101.12547051088984,4.368154805728567e-17,0.01894796036358841,0.01597482233792808,
463e770a02,40000,450,1435500,14355.0,101.12547051088984,3.762452143712661e-17,0.01894796036358841,0.014457335010156277,
463e770a02,40000,451,1438690,14386.9,101.12547051088984,6.611655951604866e-17,0.01894796036358841,0.014654161470811318,
463e770a02,40000,452,1441880,14418.8,101.12547051088984,5.949279226296366e-17,0.01894796036358841,0.01549210139502882,
463e770a02,40000,453,1445070,14450.7,101.12547051088984,7.346015954029334e-17,0.01894796036358841,0.014809840175547881,
463e770a02,40000,454,1448260,14482.6,101.12547051088984,4.694093490873211e-17,0.01894796036358841,0.015307617729753953,
463e770a02,40000,455,1451450,14514.5,101.12547051088984,1.7158344568198633e-17,0.01894796036358841,0.013607927708098025,
463e770a02,40000,456,1454640,14546.4,101.12547051088984,6.6518197845435614e-18,0.01894796036358841,0.015509116167328196,
463e770a02,40000,457,1457830,14578.3,101.12547051088984,4.323411273663363e-17,0.01894796036358841,0.015113527052206917,
463e770a02,40000,458,1461020,14610.2,101.12547051088984,5.1405044573091606e-17,0.01894796036358841,0.015228700098532742,
463e770a02,40000,459,1464210,14642.1,101.12547051088984,3.7724203657975494e-17,0.01894796036358841,0.014910965454837123,
463e770a02,40000,460,1467400,14674.0,101.12547051088984,4.287730782012776e-17,0.01894796036358841,0.01425157647367362,
463e770a02,40000,461,1470590,14705.9,101.12547051088984,4.4732469504898386e-17,0.01894796036358841,0.013863856204496258,
463e770a02,40000,462,1473780,14737.8,101.12547051088984,4.3069589317188713e-17,0.01894796036358841,0.014956768580398263,
463e770a02,40000,463,1476970,14769.7,101.12547051088984,6.50792019871237e-17,0.01894796036358841,0.014388310359350396,
463e770a02,40000,464,1480160,14801.6,101.12547051088984,3.855082421852665e-17,0.01894796036358841,0.013845724700221974,
463e770a02,40000,465,1483350,14833.5,101.12547051088984,4.3198307116250275e-17,0.01894796036358841,0.015167827277829728,
463e770a02,40000,466,1486540,14865.4,101.12547051088984,6.126239970209364e-17,0.01894796036358841,0.014988670487718026,
463e770a02,40000,467,1489730,14897.3,101.12547051088984,4.297968641078907e-17,0.01894796036358841,0.014745871263080041,
463e770a02,40000,468,1492920,14929.2,101.12547051088984,4.5289425376460833e-17,0.01894796036358841,0.013043381949257943,
463e770a02,40000,469,1496110,14961.1,101.12547051088984,5.934913935490443e-17,0.01894796036358841,0.014741756714928906,
463e770a02,40000,470,1499300,14993.0,101.12547051088984,3.9527311963658255e-17,0.01894796036358841,0.01344662938360658,
463e770a02,40000,471,1502490,15024.9,101.12547051088984,5.606991785674162e-17,0.01894796036358841,0.015839991892177316,
463e770a02,40000,472,1505680,15056.8,101.12547051088984,4.289599934090978e-17,0.01894796036358841,0.014911279237519223,
463e770a02,40000,473,1508870,15088.7,101.12547051088984,6.240221206488911e-17,0.01894796036358841,0.015795890048825582,
463e770a02,40000,474,1512060,15120.6,101.12547051088984,4.0958802033573125e-17,0.01894796036358841,0.015317461519943001,
463e770a02,40000,475,1515250,15152.5,101.12547051088984,4.2856010461299436e-17,0.01894796036358841,0.015015290010739266,
463e770a02,40000,476,1518440,15184.4,101.12547051088984,3.18565471426509e-17,0.01894796036358841,0.01432231306066075,
463e770a02,40000,477,1521630,15216.3,101.12547051088984,3.650953614742341e-17,0.01894796036358841,0.01403839160169361,
463e770a02,40000,478,1524820,15248.2,101.12547051088984,3.629084223258586e-17,0.01894796036358841,0.014930738048594707,
463e770a02,40000,479,1528010,15280.1,101.12547051088984,3.9015282919616454e-17,0.01894796036358841,0.015784449020799337,
463e770a02,40000,480,1531200,15312.0,101.12547051088984,6.374384671558927e-17,0.01894796036358841,0.014987412682455337,
463e770a02,40000,481,1534390,15343.9,101.12547051088984,2.054857935627517e-18,0.01894796036358841,0.01620820905537323,
463e770a02,40000,482,1537580,15375.8,101.12547051088984,4.156759588650368e-17,0.01894796036358841,0.013793006182061562,
463e770a02,40000,483,1540770,15407.7,101.12547051088984,5.503913819199976e-17,0.01894796036358841,0.014224188639050178,
463e770a02,40000,484,1543960,15439.6,101.12547051088984,4.268905182490136e-17,0.01894796036358841,0.015596509306634945,
463e770a02,40000,485,1547150,15471.5,101.12547051088984,5.623071131319758e-17,0.01894796036358841,0.01472912159068534,
463e770a02,40000,486,1550340,15503.4,101.12547051088984,6.560720796161928e-17,0.01894796036358841,0.016114520989565586,
463e770a02,40000,487,1553530,15535.3,101.12547051088984,3.520465058636894e-17,0.01894796036358841,0.014959600250771535,
463e770a02,40000,488,1556720,15567.2,101.12547051088984,3.93172132024595e-17,0.01894796036358841,0.014859640803929078,
463e770a02,40000,489,1559910,15599.1,101.12547051088984,4.432928993555444e-17,0.01894796036358841,0.015756488403590313,
463e770a02,40000,490,1563100,15631.0,101.12547051088984,2.1633269685600367e-17,0.01894796036358841,0.015126796807420505,
463e770a02,40000,491,1566290,15662.9,101.12547051088984,6.078215996201588e-17,0.01894796036358841,0.015349842069518593,
463e770a02,40000,492,1569480,15694.8,101.12547051088984,6.272413715874237e-17,0.01894796036358841,0.015303326157227948,
463e770a02,40000,493,1572670,15726.7,101.12547051088984,1.36957806836158e-17,0.01894796036358841,0.01595169815294841,
463e770a02,40000,494,1575860,15758.6,101.12547051088984,3.6421784300067305e-17,0.01894796036358841,0.015384772143740781,
463e770a02,40000,495,1579050,15790.5,101.12547051088984,8.916237042968744e-18,0.01894796036358841,0.0139748512992956,
463e770a02,40000,496,1582240,15822.4,101.12547051088984,1.9852271907712804e-17,0.01894796036358841,0.014887361175121582,
463e770a02,40000,497,1585430,15854.3,101.12547051088984,5.875212537453429e-17,0.01894796036358841,0.01380628354810091,
463e770a02,40000,498,1588620,15886.2,101.12547051088984,5.230291719446254e-17,0.01894796036358841,0.016146864760788332,
463e770a02,40000,499,1591810,15918.1,101.12547051088984,2.022409864957946e-17,0.01894796036358841,0.013396095959082751,
463e770a02,40000,500,1595000,15950.0,101.12547051088984,2.866413659002816e-17,0.01894796036358841,0.015056826505276379,
463e770a02,40000,501,1598190,15981.9,101.12547051088984,6.570836254186999e-17,0.01894796036358841,0.014781539595162698,
463e770a02,40000,502,1601380,16013.8,101.12547051088984,5.2506740502302624e-17,0.01894796036358841,0.013867083489147673,
463e770a02,40000,503,1604570,16045.7,101.12547051088984,7.123160493426512e-17,0.01894796036358841,0.01465078723387372,
463e770a02,40000,504,1607760,16077.6,101.12547051088984,2.163471661784875e-17,0.01894796036358841,0.014749196056338718,
463e770a02,40000,505,1610950,16109.5,101.12547051088984,1.4348322393750104e-17,0.01894796036358841,0.014690405621249864,
463e770a02,40000,506,1614140,16141.4,101.12547051088984,5.034896752238511e-17,0.01894796036358841,0.015121266866267493,
463e770a02,40000,507,1617330,16173.3,101.12547051088984,4.3365447754383104e-17,0.01894796036358841,0.013503807864267326,
463e770a02,40000,508,1620520,16205.2,101.12547051088984,3.009010930821003e-17,0.01894796036358841,0.014270394670510963,
463e770a02,40000,509,1623710,16237.1,101.12547051088984,3.3183341454591815e-17,0.01894796036358841,0.015606089864097568,
463e770a02,40000,510,1626900,16269.0,101.12547051088984,8.136953809801691e-17,0.01894796036358841,0.01354306231666839,
463e770a02,40000,511,1630090,16300.9,101.12547051088984,6.367234110167506e-18,0.01894796036358841,0.013291461112731,
463e770a02,40000,512,1633280,16332.8,101.12547051088984,1.157844928961049e-17,0.01894796036358841,0.014183930901147966,
463e770a02,40000,513,1636470,16364.7,101.12547051088984,2.8410300318712394e-17,0.01894796036358841,0.013439333824222842,
463e770a02,40000,514,1639660,16396.6,101.12547051088984,4.1407848953441443e-17,0.01894796036358841,0.01460118518315299,
463e770a02,40000,515,1642850,16428.5,101.12547051088984,4.308936912765635e-17,0.01894796036358841,0.015268070929052666,
463e770a02,40000,516,1646040,16460.4,101.12547051088984,6.535067710527253e-17,0.01894796036358841,0.014954463226104676,
463e770a02,40000,517,1649230,16492.3,101.12547051088984,1.131782744178722e-17,0.01894796036358841,0.015222669123943523,
463e770a02,40000,518,1652420,16524.2,101.12547051088984,7.384755410549466e-17,0.01894796036358841,0.015324819268833553,
463e770a02,40000,519,1655610,16556.1,101.12547051088984,5.21737213515881e-17,0.01894796036358841,0.016450608939389478,
463e770a02,40000,520,1658800,16588.0,101.12547051088984,9.889019038977756e-18,0.01894796036358841,0.015954428390676192,
463e770a02,40000,521,1661990,16619.9,101.12547051088984,9.790135836201673e-18,0.01894796036358841,0.014396211806969709,
463e770a02,40000,522,1665180,16651.8,101.12547051088984,3.554267170981684e-17,0.01894796036358841,0.012927957340493368,
463e770a02,40000,523,1668370,16683.7,101.12547051088984,3.514513058514483e-17,0.01894796036358841,0.01397277861215627,
463e770a02,40000,524,1671560,16715.6,101.12547051088984,5.369368298530514e-17,0.01894796036358841,0.013855891040254587,
463e770a02,40000,525,1674750,16747.5,101.12547051088984,1.498648950279526e-17,0.01894796036358841,0.015265988587799265,
463e770a02,40000,526,1677940,16779.4,101.12547051088984,4.3305846006210725e-17,0.01894796036358841,0.015013595371251211,
463e770a02,40000,527,1681130,16811.3,101.12547051088984,5.704342443770237e-17,0.01894796036358841,0.014494189763782582,
463e770a02,40000,528,1684320,16843.2,101.12547051088984,4.061964729481867e-17,0.01894796036358841,0.01573489163198115,
463e770a02,40000,529,1687510,16875.1,101.12547051088984,5.939826614757657e-17,0.01894796036358841,0.014208091504864438,
463e770a02,40000,530,1690700,16907.0,101.12547051088984,1.814266522651223e-17,0.01894796036358841,0.013806721528343632,
463e770a02,40000,531,1693890,16938.9,101.12547051088984,6.467399783677668e-17,0.01894796036358841,0.015132166960335843,
463e770a02,40000,532,1697080,16970.8,101.12547051088984,6.357582251587005e-17,0.01894796036358841,0.014392032016619207,
463e770a02,40000,533,1700270,17002.7,101.12547051088984,3.5150068898700855e-17,0.01894796036358841,0.0162257454956767,
463e770a02,40000,534,1703460,17034.6,101.12547051088984,4.4993631092689677e-17,0.01894796036358841,0.015890358512818288,
463e770a02,40000,535,1706650,17066.5,101.12547051088984,4.7650511771279165e-17,0.01894796036358841,0.014026268962004219,
463e770a02,40000,536,1709840,17098.4,101.12547051088984,3.875002317706011e-17,0.01894796036358841,0.013810477503283855,
463e770a02,40000,537,1713030,17130.3,101.12547051088984,4.1462274679788456e-17,0.01894796036358841,0.015702351965301994,
463e770a02,40000,538,1716220,17162.2,101.12547051088984,3.973689999262976e-17,0.01894796036358841,0.01466825486174237,
463e770a02,40000,539,1719410,17194.1,101.12547051088984,1.4898312405140904e-17,0.01894796036358841,0.014445347172584846,
463e770a02,40000,540,1722600,17226.0,101.12547051088984,4.351364325648434e-17,0.01894796036358841,0.015190217615850843,
463e770a02,40000,541,1725790,17257.9,101.12547051088984,4.1826328156475934e-17,0.01894796036358841,0.01342719229372668,
463e770a02,40000,542,1728980,17289.8,101.12547051088984,3.585763242866443e-17,0.01894796036358841,0.013363084688309006,
463e770a02,40000,543,1732170,17321.7,101.12547051088984,4.335084597303786e-17,0.01894796036358841,0.015041344142323346,
463e770a02,40000,544,1735360,17353.6,101.12547051088984,4.054060203374942e-17,0.01894796036358841,0.01430450383638279,
463e770a02,40000,545,1738550,17385.5,101.12547051088984,4.84465597986673e-17,0.01894796036358841,0.015817936403916228,
463e770a02,40000,546,1741740,17417.4,101.12547051088984,4.3231256115531575e-17,0.01894796036358841,0.015079766106020331,
463e770a02,40000,547,1744930,17449.3,101.12547051088984,3.857369604042965e-17,0.01894796036358841,0.01490588212564938,
463e770a02,40000,548,1748120,17481.2,101.12547051088984,3.45816115192634e-17,0.01894796036358841,0.014160939948728515,
463e770a02,40000,549,1751310,17513.1,101.12547051088984,8.582214687948298e-17,0.01894796036358841,0.015041518783119101,
463e770a02,40000,550,1754500,17545.0,101.12547051088984,5.4025886436287815e-17,0.01894796036358841,0.012795571948164082,
463e770a02,40000,551,1757690,17576.9,101.12547051088984,6.002416863233681e-17,0.01894796036358841,0.01452270062806234,
463e770a02,40000,552,1760880,17608.8,101.12547051088984,7.753318947217576e-18,0.01894796036358841,0.014644659766858194,
463e770a02,40000,553,1764070,17640.7,101.12547051088984,4.2994824431147524e-17,0.01894796036358841,0.013033290281418702,
463e770a02,40000,554,1767260,17672.6,101.12547051088984,4.296509535968059e-17,0.01894796036358841,0.013473375651119007,
463e770a02,40000,555,1770450,17704.5,101.12547051088984,4.685260591532122e-17,0.01894796036358841,0.014868383924742743,
463e770a02,40000,556,1773640,17736.4,101.12547051088984,5.272822048026467e-17,0.01894796036358841,0.014465648519587522,
463e770a02,40000,557,1776830,17768.3,101.12547051088984,5.887378883780174e-17,0.01894796036358841,0.014913227154202515,
463e770a02,40000,558,1780020,17800.2,101.12547051088984,5.405550335477162e-17,0.01894796036358841,0.014132343060217021,
463e770a02,40000,559,1783210,17832.1,101.12547051088984,4.0185988967031616e-17,0.01894796036358841,0.013752496626532712,
463e770a02,40000,560,1786400,17864.0,101.12547051088984,4.3006523997244685e-17,0.01894796036358841,0.013611604510646838,
463e770a02,40000,561,1789590,17895.9,101.12547051088984,4.2278475294929513e-17,0.01894796036358841,0.013560254815755277,
463e770a02,40000,562,1792780,17927.8,101.12547051088984,9.207357520669871e-18,0.01894796036358841,0.015633563494692367,
463e770a02,40000,563,1795970,17959.7,101.12547051088984,4.141789765178445e-17,0.01894796036358841,0.015116976879565768,
463e770a02,40000,564,1799160,17991.6,101.12547051088984,1.8679049423010784e-17,0.01894796036358841,0.012903327124674449,
463e770a02,40000,565,1802350,18023.5,101.12547051088984,3.820108373586784e-18,0.01894796036358841,0.014372230277279793,
463e770a02,40000,566,1805540,18055.4,101.12547051088984,2.7308076212737676e-17,0.01894796036358841,0.014406871549745097,
463e770a02,40000,567,1808730,18087.3,101.12547051088984,5.174973993479039e-18,0.01894796036358841,0.015732018268911324,
463e770a02,40000,568,1811920,18119.2,101.12547051088984,3.499266780948267e-18,0.01894796036358841,0.015405770076977446,
463e770a02,40000,569,1815110,18151.1,101.12547051088984,1.3510603417346071e-17,0.01894796036358841,0.014530483466308416,
463e770a02,40000,570,1818300,18183.0,101.12547051088984,9.432879083002676e-18,0.01894796036358841,0.01481455654511545,
463e770a02,40000,571,1821490,18214.9,101.12547051088984,2.1835818904243747e-17,0.01894796036358841,0.014730418610924601,
463e770a02,40000,572,1824680,18246.8,101.12547051088984,3.7690670461146335e-17,0.01894796036358841,0.014619022558171742,
463e770a02,40000,573,1827870,18278.7,101.12547051088984,3.495414836777286e-17,0.01894796036358841,0.0138794939523264,
463e770a02,40000,574,1831060,18310.6,101.12547051088984,1.2547558649256785e-17,0.01894796036358841,0.01529335545981736,
463e770a02,40000,575,1834250,18342.5,101.12547051088984,5.197311175593758e-18,0.01894796036358841,0.01310112873124625,
463e770a02,40000,576,1837440,18374.4,101.12547051088984,4.779524293661527e-17,0.01894796036358841,0.013577370354009046,
463e770a02,40000,577,1840630,18406.3,101.12547051088984,1.1785200908185252e-16,0.01894796036358841,0.015060224920066274,
463e770a02,40000,578,1843820,18438.2,101.12547051087121,7.79442639288331e-18,0.018927412276883337,0.015421427601504842,
463e770a02,40000,579,1847010,18470.1,101.12547051087121,5.881690570288013e-17,0.018927412276883337,0.015050727722167933,
463e770a02,40000,580,1850200,18502.0,101.12547051087104,1.0305482645359644e-17,0.018860983859317695,0.013364742053072207,
463e770a02,40000,581,1853390,18533.9,101.12547051087104,1.2428180102050122e-17,0.018860983859317695,0.0146956992872638,
463e770a02,40000,582,1856580,18565.8,101.12547051087104,1.110516141305232e-17,0.018860983859317695,0.015884520029890853,
463e770a02,40000,583,1859770,18597.7,101.12547051087104,4.9581965976466016e-18,0.018860983859317695,0.014801858137339247,
463e770a02,40000,584,1862960,18629.6,101.12547051087104,3.3181930535237006e-18,0.018860983859317695,0.0135512803604816,
463e770a02,40000,585,1866150,18661.5,101.12547051087104,7.6758315859e-18,0.018860983859317695,0.013581544856356063,
463e770a02,40000,586,1869340,18693.4,101.12547051087104,3.0241276430724325e-18,0.018860983859317695,0.013191777155012137,
463e770a02,40000,587,1872530,18725.3,101.12547051087104,5.464737937432275e-18,0.018860983859317695,0.015577505939548797,
463e770a02,40000,588,1875720,18757.2,101.12547051087104,4.353803522311273e-18,0.018860983859317695,0.014791299560162511,
463e770a02,40000,589,1878910,18789.1,101.12547051087104,2.9184198522106234e-18,0.018860983859317695,0.01458016587405924,
463e770a02,40000,590,1882100,18821.0,101.12547051087104,5.548379070895988e-17,0.018860983859317695,0.014222231432016999,
463e770a02,40000,591,1885290,18852.9,101.12547051087104,2.769441911467768e-17,0.018860983859317695,0.015243218970955805,
463e770a02,40000,592,1888480,18884.8,101.12547051087104,9.615685840762344e-17,0.018860983859317695,0.012467330672721618,
463e770a02,40000,593,1891670,18916.7,101.12547051087037,3.525984826248646e-17,0.0188006646048373,0.015177530559320106,
463e770a02,40000,594,1894860,18948.6,101.12547051087037,2.8265102066394914e-17,0.0188006646048373,0.015402436200902573,
463e770a02,40000,595,1898050,18980.5,101.12547051087037,2.444485185250613e-17,0.0188006646048373,0.014114675938734151,
463e770a02,40000,596,1901240,19012.4,101.12547051087037,1.1563834355424714e-16,0.0188006646048373,0.014769886542129131,
463e770a02,40000,597,1904430,19044.3,101.12547051087037,6.35428695606929e-17,0.0188006646048373,0.0157291116974909,
463e770a02,40000,598,1907620,19076.2,101.12547051087037,2.844924959911064e-17,0.0188006646048373,0.014988718004448275,
463e770a02,40000,599,1910810,19108.1,101.12547051087037,4.039959046812513e-17,0.0188006646048373,0.013396093611793674,
463e770a02,40000,600,1914000,19140.0,101.12547051087037,5.881296598070524e-17,0.0188006646048373,0.015030322844920618,
463e770a02,40000,601,1917190,19171.9,101.12547051087037,1.0442045189655139e-16,0.0188006646048373,0.015863479505063584,
463e770a02,40000,602,1920380,19203.8,101.12547051085946,9.434394212820282e-17,0.01892761698954021,0.015401882448991338,
463e770a02,40000,603,1923570,19235.7,101.1254705108217,3.8931404927852814e-17,0.01913538873729811,0.015822430625132018,
463e770a02,40000,604,1926760,19267.6,101.1254705108217,4.3399903677101794e-17,0.01913538873729811,0.015988040817782687,
463e770a02,40000,605,1929950,19299.5,101.1254705108217,6.888849107886019e-17,0.01913538873729811,0.015243062129006238,
463e770a02,40000,606,1933140,19331.4,101.12547051082164,6.836495513343297e-17,0.01920225645931043,0.013439242015993448,
463e770a02,40000,607,1936330,19363.3,101.12547051081734,3.752150613184892e-17,0.01927928954775264,0.01672992593031376,
463e770a02,40000,608,1939520,19395.2,101.12547051081734,6.272802176774953e-17,0.01927928954775264,0.015412799629283328,
463e770a02,40000,609,1942710,19427.1,101.12547051081734,4.3976040921126236e-17,0.01927928954775264,0.015237197204843768,
463e770a02,40000,610,1945900,19459.0,101.12547051081734,4.153131548596172e-17,0.01927928954775264,0.014641510774084298,
463e770a02,40000,611,1949090,19490.9,101.12547051081734,3.4598726219884106e-17,0.01927928954775264,0.014884116196747853,
463e770a02,40000,612,1952280,19522.8,101.12547051081734,4.386233166949585e-17,0.01927928954775264,0.015687348567398812,
463e770a02,40000,613,1955470,19554.7,101.12547051081734,7.601150017087845e-17,0.01927928954775264,0.015409736880717543,
463e770a02,40000,614,1958660,19586.6,101.12547051081734,4.099769214181068e-17,0.01927928954775264,0.015493861613500744,
463e770a02,40000,615,1961850,19618.5,101.12547051081734,5.463149975927276e-17,0.01927928954775264,0.014618544841167104,
463e770a02,40000,616,1965040,19650.4,101.12547051081734,4.213820993033205e-17,0.01927928954775264,0.01275104871690708,
463e770a02,40000,617,1968230,19682.3,101.12547051081734,3.2460281789565495e-17,0.01927928954775264,0.014164417115172247,
463e770a02,40000,618,1971420,19714.2,101.12547051081734,5.598362147659795e-17,0.01927928954775264,0.01439593745222123,
463e770a02,40000,619,1974610,19746.1,101.12547051081734,2.9207456653536576e-17,0.01927928954775264,0.01280492422285029,
463e770a02,40000,620,1977800,19778.0,101.12547051081734,4.552896854099235e-17,0.01927928954775264,0.013799187959085841,
463e770a02,40000,621,1980990,19809.9,101.12547051081734,3.8139553188681854e-18,0.01927928954775264,0.014341420819046751,
463e770a02,40000,622,1984180,19841.8,101.12547051081734,3.870201520328051e-18,0.01927928954775264,0.014975272867941456,
463e770a02,40000,623,1987370,19873.7,101.12547051081734,2.2531941544477355e-17,0.01927928954775264,0.014017293017387989,
463e770a02,40000,624,1990560,19905.6,101.12547051081734,5.2732996028903605e-17,0.01927928954775264,0.015315394408823279,
463e770a02,40000,625,1993750,19937.5,101.12547051081734,3.050448678766813e-17,0.01927928954775264,0.01352627235900659,
463e770a02,40000,626,1996940,19969.4,101.12547051081734,2.6379751827318876e-17,0.01927928954775264,0.01387429494955957,
463e770a02,40000,627,2000130,20001.3,101.12547051081734,3.807974994753721e-17,0.01927928954775264,0.014008333193476987,
463e770a02,40000,628,2003320,20033.2,101.12547051081734,2.1031008010134256e-17,0.01927928954775264,0.013877072814172015,
463e770a02,40000,629,2006510,20065.1,101.12547051081734,3.075738295774895e-17,0.01927928954775264,0.014365704398744237,
463e770a02,40000,630,2009700,20097.0,101.12547051081734,2.5376897608053776e-17,0.01927928954775264,0.014810969492653987,
463e770a02,40000,631,2012890,20128.9,101.12547051081734,1.415962270447308e-17,0.01927928954775264,0.014200056643749362,
463e770a02,40000,632,2016080,20160.8,101.12547051081734,5.168897090231372e-17,0.01927928954775264,0.014595454316154947,
463e770a02,40000,633,2019270,20192.7,101.12547051081734,3.6526840498003324e-17,0.01927928954775264,0.015676024055422566,
463e770a02,40000,634,2022460,20224.6,101.12547051081734,4.0418077151765125e-17,0.01927928954775264,0.012836933238804388,
463e770a02,40000,635,2025650,20256.5,101.12547051081734,9.207496585241588e-17,0.01927928954775264,0.0148188571587523,
463e770a02,40000,636,2028840,20288.4,101.12547051081013,2.2946401367093597e-17,0.019325657507018177,0.014493985125410617,
463e770a02,40000,637,2032030,20320.3,101.12547051081013,6.745928324352769e-17,0.019325657507018177,0.014595086776639758,
463e770a02,40000,638,2035220,20352.2,101.12547051081013,2.4668534421636814e-17,0.019325657507018177,0.015046499732429988,
463e770a02,40000,639,2038410,20384.1,101.12547051081013,1.1501064791850052e-16,0.019325657507018177,0.014944973921057895,
463e770a02,40000,640,2041600,20416.0,101.12547051080897,7.344156005257182e-17,0.019271697774264088,0.013524287635006304,
463e770a02,40000,641,2044790,20447.9,101.12547051080897,3.80402625099016e-17,0.019271697774264088,0.014986756402870484,
463e770a02,40000,642,2047980,20479.8,101.12547051080897,1.0691213456710009e-16,0.019271697774264088,0.01410651927639858,
463e770a02,40000,643,2051170,20511.7,101.12547051080237,8.246151727653714e-18,0.019302420758157062,0.01594142896707566,
463e770a02,40000,644,2054360,20543.6,101.12547051080237,1.1109922057254547e-16,0.019302420758157062,0.014556721694881964,
463e770a02,40000,645,2057550,20575.5,101.12547051080237,3.530135999518591e-17,0.019302420758157062,0.013973530262437051,
463e770a02,40000,646,2060740,20607.4,101.12547051080237,7.097603722486714e-18,0.019302420758157062,0.015379413654574889,
463e770a02,40000,647,2063930,20639.3,101.12547051080237,2.225593216422232e-17,0.019302420758157062,0.014085829144100795,
463e770a02,40000,648,2067120,20671.2,101.12547051080237,9.207399302222569e-18,0.019302420758157062,0.01446232633456216,
463e770a02,40000,649,2070310,20703.1,101.12547051080237,1.7582575163662654e-18,0.019302420758157062,0.014092833123568594,
463e770a02,40000,650,2073500,20735.0,101.12547051080237,1.9970972410372318e-18,0.019302420758157062,0.016058164530023823,
463e770a02,40000,651,2076690,20766.9,101.12547051080237,2.257533203888294e-18,0.019302420758157062,0.01538051648639253,
463e770a02,40000,652,2079880,20798.8,101.12547051080237,3.7297564959738164e-17,0.019302420758157062,0.013769713202811696,
463e770a02,40000,653,2083070,20830.7,101.12547051080237,4.72091978961422e-17,0.019302420758157062,0.014049174299096212,
463e770a02,40000,654,2086260,20862.6,101.12547051080237,2.3472091439795208e-17,0.019302420758157062,0.01488757182845693,
463e770a02,40000,655,2089450,20894.5,101.12547051080237,4.819251471049091e-18,0.019302420758157062,0.014920555047855976,
463e770a02,40000,656,2092640,20926.4,101.12547051080237,1.3869055889344878e-17,0.019302420758157062,0.013499427478854261,
463e770a02,40000,657,2095830,20958.3,101.12547051080237,4.100639752640801e-18,0.019302420758157062,0.015154255557579828,
463e770a02,40000,658,2099020,20990.2,101.12547051080237,1.8975379175603856e-17,0.019302420758157062,0.01602019722767435,
463e770a02,40000,659,2102210,21022.1,101.12547051080237,4.246576014994166e-17,0.019302420758157062,0.016071082285302164,
463e770a02,40000,660,2105400,21054.0,101.12547051080237,1.888446779137735e-17,0.019302420758157062,0.014428780144530359,
463e770a02,40000,661,2108590,21085.9,101.12547051080237,5.2850821686563136e-17,0.019302420758157062,0.01458050932166573,
463e770a02,40000,662,2111780,21117.8,101.12547051080237,4.887688086142086e-17,0.019302420758157062,0.015273240193244497,
463e770a02,40000,663,2114970,21149.7,101.12547051080237,4.430787723903258e-17,0.019302420758157062,0.015148531946607608,
463e770a02,40000,664,2118160,21181.6,101.12547051080237,2.262552827988812e-17,0.019302420758157062,0.013760936700336695,
463e770a02,40000,665,2121350,21213.5,101.12547051080237,3.8746176272523245e-18,0.019302420758157062,0.014450730075535939,
463e770a02,40000,666,2124540,21245.4,101.12547051080237,8.706804862145456e-18,0.019302420758157062,0.015145749202565211,
463e770a02,40000,667,2127730,21277.3,101.12547051080237,5.412264159982453e-18,0.019302420758157062,0.014710177829390068,
463e770a02,40000,668,2130920,21309.2,101.12547051080237,6.644404699583452e-18,0.019302420758157062,0.01515127166970542,
463e770a02,40000,669,2134110,21341.1,101.12547051080237,6.519432353257466e-18,0.019302420758157062,0.015131599499935904,
463e770a02,40000,670,2137300,21373.0,101.12547051080237,7.905645148665603e-18,0.019302420758157062,0.014421107529200963,
463e770a02,40000,671,2140490,21404.9,101.12547051080237,3.685827633446371e-17,0.019302420758157062,0.016487215832371217,
463e770a02,40000,672,2143680,21436.8,101.12547051080237,6.99062949390366e-17,0.019302420758157062,0.014239016956281844,
463e770a02,40000,673,2146870,21468.7,101.12547051080237,4.9882781226453033e-17,0.019302420758157062,0.01371183979405806,
463e770a02,40000,674,2150060,21500.6,101.12547051080237,3.385103553050478e-17,0.019302420758157062,0.01644699671586931,
463e770a02,40000,675,2153250,21532.5,101.12547051080237,3.036630568316379e-17,0.019302420758157062,0.014387109145914073,
463e770a02,40000,676,2156440,21564.4,101.12547051080237,1.1407189144651384e-17,0.019302420758157062,0.015067124375897507,
463e770a02,40000,677,2159630,21596.3,101.12547051080237,2.779828303174655e-17,0.019302420758157062,0.015620378124879427,
463e770a02,40000,678,2162820,21628.2,101.12547051080237,4.770747368141828e-17,0.019302420758157062,0.013945493566287165,
463e770a02,40000,679,2166010,21660.1,101.12547051080237,3.33591914412853e-17,0.019302420758157062,0.014657556245626665,
463e770a02,40000,680,2169200,21692.0,101.12547051080237,5.453566866001629e-17,0.019302420758157062,0.014666391043349361,
463e770a02,40000,681,2172390,21723.9,101.12547051080033,2.993940111177207e-17,0.01929324837971781,0.013429165057006209,
463e770a02,40000,682,2175580,21755.8,101.12547051080033,3.6588778729079666e-17,0.01929324837971781,0.014113325240071728,
463e770a02,40000,683,2178770,21787.7,101.12547051080033,6.792441465436091e-17,0.01929324837971781,0.01487841086268993,
463e770a02,40000,684,2181960,21819.6,101.12547051080033,3.6369687156357473e-17,0.01929324837971781,0.01455140082142802,
463e770a02,40000,685,2185150,21851.5,101.12547051080033,6.162337713667277e-17,0.01929324837971781,0.013854988973884359,
463e770a02,40000,686,2188340,21883.4,101.12547051080033,3.3648109134041226e-17,0.01929324837971781,0.014799833345011278,
463e770a02,40000,687,2191530,21915.3,101.12547051080033,4.1185268497906785e-18,0.01929324837971781,0.014683556444888135,
463e770a02,40000,688,2194720,21947.2,101.12547051080033,4.912167653890223e-17,0.01929324837971781,0.015361512357456749,
463e770a02,40000,689,2197910,21979.1,101.12547051080033,6.399503949944412e-17,0.01929324837971781,0.014435791065398823,
463e770a02,40000,690,2201100,22011.0,101.12547051080033,8.642814480542849e-18,0.01929324837971781,0.014432079588268061,
463e770a02,40000,691,2204290,22042.9,101.12547051080033,6.65833661490885e-17,0.01929324837971781,0.01551158608099341,
463e770a02,40000,692,2207480,22074.8,101.12547051080033,1.4496518103763775e-17,0.01929324837971781,0.014935123379500048,
463e770a02,40000,693,2210670,22106.7,101.12547051080033,1.3004007926969695e-17,0.01929324837971781,0.012628587603049787,
463e770a02,40000,694,2213860,22138.6,101.12547051080033,6.387429685817173e-17,0.01929324837971781,0.014668983135456172,
463e770a02,40000,695,2217050,22170.5,101.12547051080033,2.9347373145319457e-18,0.01929324837971781,0.014408491953726368,
463e770a02,40000,696,2220240,22202.4,101.12547051080033,5.544550507691953e-18,0.01929324837971781,0.014897389800097019,
463e770a02,40000,697,2223430,22234.3,101.12547051080033,6.897141729415727e-17,0.01929324837971781,0.014458659783156871,
463e770a02,40000,698,2226620,22266.2,101.12547051080033,6.312004406012881e-17,0.01929324837971781,0.01611273939924098,
463e770a02,40000,699,2229810,22298.1,101.12547051080033,3.544493644940434e-17,0.01929324837971781,0.015159853643016068,
463e770a02,40000,700,2233000,22330.0,101.12547051080033,3.578197319381982e-17,0.01929324837971781,0.016233474098661452,
463e770a02,40000,701,2236190,22361.9,101.12547051080033,4.8697989376483095e-17,0.01929324837971781,0.0156679410138181,
463e770a02,40000,702,2239380,22393.8,101.12547051080033,4.4645779664185516e-17,0.01929324837971781,0.013590001925197942,
463e770a02,40000,703,2242570,22425.7,101.12547051080033,7.739424412100142e-17,0.01929324837971781,0.013265628186015928,
463e770a02,40000,704,2245760,22457.6,101.12547051080033,3.416250816480204e-17,0.01929324837971781,0.014818136925787406,
463e770a02,40000,705,2248950,22489.5,101.12547051080033,3.37231624571813e-17,0.01929324837971781,0.015547598683740293,
463e770a02,40000,706,2252140,22521.4,101.12547051080033,3.916600804324373e-17,0.01929324837971781,0.014749250901645309,
463e770a02,40000,707,2255330,22553.3,101.12547051080033,4.4232512806508475e-17,0.01929324837971781,0.016632401691923353,
463e770a02,40000,708,2258520,22585.2,101.12547051080033,1.0808298336266461e-17,0.01929324837971781,0.01400021617465818,
463e770a02,40000,709,2261710,22617.1,101.12547051080033,4.361704477160069e-17,0.01929324837971781,0.015906550490452358,
463e770a02,40000,710,2264900,22649.0,101.12547051080033,6.113782785570583e-17,0.01929324837971781,0.014367385860283225,
463e770a02,40000,711,2268090,22680.9,101.12547051080033,3.3510344771794084e-17,0.01929324837971781,0.013303928421089637,
463e770a02,40000,712,2271280,22712.8,101.12547051080033,1.2423317628569768e-17,0.01929324837971781,0.016061387974527434,
463e770a02,40000,713,2274470,22744.7,101.12547051080033,4.750197756831038e-17,0.01929324837971781,0.016422496128915956,
463e770a02,40000,714,2277660,22776.6,101.12547051080033,6.405175411814108e-17,0.01929324837971781,0.015036840640446686,
463e770a02,40000,715,2280850,22808.5,101.12547051080033,6.526354095537755e-17,0.01929324837971781,0.01411136515415139,
463e770a02,40000,716,2284040,22840.4,101.12547051080033,5.66488265573325e-17,0.01929324837971781,0.015122678184928412,
463e770a02,40000,717,2287230,22872.3,101.12547051080033,3.2711481703594346e-17,0.01929324837971781,0.014967536305398082,
463e770a02,40000,718,2290420,22904.2,101.12547051080033,2.2077249542243404e-17,0.01929324837971781,0.014918398970847284,
463e770a02,40000,719,2293610,22936.1,101.12547051080033,4.794510064282219e-17,0.01929324837971781,0.013896150266013197,
463e770a02,40000,720,2296800,22968.0,101.12547051080033,4.1574584556797597e-17,0.01929324837971781,0.014890578705796284,
463e770a02,40000,721,2299990,22999.9,101.12547051080033,3.1352862272034535e-17,0.01929324837971781,0.014616130764111486,
463e770a02,40000,722,2303180,23031.8,101.12547051080033,1.0284944444159e-17,0.01929324837971781,0.014539611210295516,
463e770a02,40000,723,2306370,23063.7,101.12547051080033,5.0105148589523204e-17,0.01929324837971781,0.014544891122003774,
463e770a02,40000,724,2309560,23095.6,101.12547051080033,4.92919356841392e-17,0.01929324837971781,0.013905189348370529,
463e770a02,40000,725,2312750,23127.5,101.12547051080033,7.493100758368338e-17,0.01929324837971781,0.014849877262661326,
463e770a02,40000,726,2315940,23159.4,101.12547051080033,3.994635508745952e-17,0.01929324837971781,0.014570394744891165,
463e770a02,40000,727,2319130,23191.3,101.12547051080033,3.7216975930861335e-17,0.01929324837971781,0.015543432971944634,
463e770a02,40000,728,2322320,23223.2,101.12547051080033,4.948109919245187e-17,0.01929324837971781,0.015819820173186155,
463e770a02,40000,729,2325510,23255.1,101.12547051080033,5.874726718873546e-17,0.01929324837971781,0.016423322674003094,
463e770a02,40000,730,2328700,23287.0,101.12547051080033,2.737536180802655e-17,0.01929324837971781,0.014547941498570556,
463e770a02,40000,731,2331890,23318.9,101.12547051080033,3.2642866144582644e-17,0.01929324837971781,0.01378289661212919,
463e770a02,40000,732,2335080,23350.8,101.12547051080033,3.391770903408001e-17,0.01929324837971781,0.013805528152184478,
463e770a02,40000,733,2338270,23382.7,101.12547051080033,4.794142179908138e-17,0.01929324837971781,0.015032458243733062,
463e770a02,40000,734,2341460,23414.6,101.12547051080033,4.5680514085336935e-17,0.01929324837971781,0.015892828855846638,
463e770a02,40000,735,2344650,23446.5,101.12547051080033,3.530342936364221e-17,0.01929324837971781,0.014676983895244529,
463e770a02,40000,736,2347840,23478.4,101.12547051080033,5.217612710405249e-17,0.01929324837971781,0.0140874134688805,
463e770a02,40000,737,2351030,23510.3,101.12547051080033,2.5825461399642205e-17,0.01929324837971781,0.015274738838364072,
463e770a02,40000,738,2354220,23542.2,101.12547051080033,4.9571451822689383e-17,0.01929324837971781,0.015483883467325783,
463e770a02,40000,739,2357410,23574.1,101.12547051080033,5.169153125284168e-17,0.01929324837971781,0.013208241915757568,
463e770a02,40000,740,2360600,23606.0,101.12547051080033,5.898732286239427e-17,0.01929324837971781,0.01534875436739466,
463e770a02,40000,741,2363790,23637.9,101.12547051080033,4.1720893087733714e-17,0.01929324837971781,0.014916205269493535,
463e770a02,40000,742,2366980,23669.8,101.12547051080033,3.491948012262434e-17,0.01929324837971781,0.015436829240911823,
463e770a02,40000,743,2370170,23701.7,101.12547051080033,3.751384865331639e-17,0.01929324837971781,0.013911007658771941,
463e770a02,40000,744,2373360,23733.6,101.12547051080033,4.4595609467956825e-17,0.01929324837971781,0.01537498532244917,
463e770a02,40000,745,2376550,23765.5,101.12547051080033,1.7193794379676546e-17,0.01929324837971781,0.015382961991380544,
463e770a02,40000,746,2379740,23797.4,101.12547051080033,5.4950727335340647e-17,0.01929324837971781,0.01622339011063573,
463e770a02,40000,747,2382930,23829.3,101.12547051080033,4.593094867741388e-17,0.01929324837971781,0.015831579948635474,
463e770a02,40000,748,2386120,23861.2,101.12547051080033,3.347004564659555e-17,0.01929324837971781,0.014138599758269019,
463e770a02,40000,749,2389310,23893.1,101.12547051080033,2.3227492854196336e-17,0.01929324837971781,0.014183041254439983,
463e770a02,40000,750,2392500,23925.0,101.12547051080033,2.1596709499373715e-17,0.01929324837971781,0.014236671597389271,
463e770a02,40000,751,2395690,23956.9,101.12547051080033,3.413013933372676e-18,0.01929324837971781,0.013799686802665922,
463e770a02,40000,752,2398880,23988.8,101.12547051080033,1.5164444237257405e-17,0.01929324837971781,0.014867008428853584,
463e770a02,40000,753,2402070,24020.7,101.12547051080033,2.4019553247789612e-18,0.01929324837971781,0.014374355352532805,
463e770a02,40000,754,2405260,24052.6,101.12547051080033,1.343627702522757e-17,0.01929324837971781,0.014855315497757583,
463e770a02,40000,755,2408450,24084.5,101.12547051080033,9.536373171148076e-18,0.01929324837971781,0.014376671077656963,
463e770a02,40000,756,2411640,24116.4,101.12547051080033,2.1225005402109134e-17,0.01929324837971781,0.014572601390267595,
463e770a02,40000,757,2414830,24148.3,101.12547051080033,4.917573622411319e-18,0.01929324837971781,0.013654826709321248,
463e770a02,40000,758,2418020,24180.2,101.12547051080033,3.496831669645054e-17,0.01929324837971781,0.014801778024412753,
463e770a02,40000,759,2421210,24212.1,101.12547051080033,2.3094986736375126e-17,0.01929324837971781,0.014746487470069519,
463e770a02,40000,760,2424400,24244.0,101.12547051080033,3.94205665074575e-18,0.01929324837971781,0.014224401956147771,
463e770a02,40000,761,2427590,24275.9,101.12547051080033,5.000194005547341e-17,0.01929324837971781,0.014666077786842539,
463e770a02,40000,762,2430780,24307.8,101.12547051080033,9.936122236045021e-17,0.01929324837971781,0.01381445432020654,
463e770a02,40000,763,2433970,24339.7,101.12547051077965,3.461077075106441e-17,0.019267948988338546,0.015683850422220917,
463e770a02,40000,764,2437160,24371.6,101.12547051077965,6.436580459964458e-17,0.019267948988338546,0.014047698808107639,
463e770a02,40000,765,2440350,24403.5,101.1254705107776,3.070121532732112e-17,0.019258776609899293,0.014356187891551962,
463e770a02,40000,766,2443540,24435.4,101.1254705107776,2.085872145942682e-17,0.019258776609899293,0.016240015624102516,
463e770a02,40000,767,2446730,24467.3,101.1254705107776,4.1108459439597106e-17,0.019258776609899293,0.015056101045255402,
463e770a02,40000,768,2449920,24499.2,101.1254705107776,3.4743852622521064e-17,0.019258776609899293,0.015317123488725983,
463e770a02,40000,769,2453110,24531.1,101.1254705107776,3.7040098456078285e-17,0.019258776609899293,0.015001609606224316,
463e770a02,40000,770,2456300,24563.0,101.1254705107776,3.374529518136859e-17,0.019258776609899293,0.016537052761566078,
463e770a02,40000,771,2459490,24594.9,101.1254705107776,3.630417971861954e-17,0.019258776609899293,0.016796369773418814,
463e770a02,40000,772,2462680,24626.8,101.1254705107776,3.994682049851496e-17,0.019258776609899293,0.014532013229910818,
463e770a02,40000,773,2465870,24658.7,101.1254705107776,5.0756948492838407e-17,0.019258776609899293,0.015869105263192226,
463e770a02,40000,774,2469060,24690.6,101.1254705107776,3.6908200190138117e-17,0.019258776609899293,0.014407428904941968,
463e770a02,40000,775,2472250,24722.5,101.1254705107776,3.8902644957419124e-17,0.019258776609899293,0.015480858958817187,
463e770a02,40000,776,2475440,24754.4,101.1254705107776,5.681466284167395e-17,0.019258776609899293,0.01523770363950581,
463e770a02,40000,777,2478630,24786.3,101.1254705107776,4.8119663244904656e-17,0.019258776609899293,0.014571571459313688,
463e770a02,40000,778,2481820,24818.2,101.1254705107776,1.6838759194557274e-17,0.019258776609899293,0.013865814998578804,
463e770a02,40000,779,2485010,24850.1,101.1254705107776,1.0930520107487018e-17,0.019258776609899293,0.015001300923490722,
463e770a02,40000,780,2488200,24882.0,101.1254705107776,2.930976404281713e-17,0.019258776609899293,0.01489686207055863,
463e770a02,40000,781,2491390,24913.9,101.1254705107776,1.6799086820295708e-17,0.019258776609899293,0.013783684117127487,
463e770a02,40000,782,2494580,24945.8,101.1254705107776,4.929471174408871e-17,0.019258776609899293,0.01379959587294685,
463e770a02,40000,783,2497770,24977.7,101.1254705107776,5.899659651527941e-17,0.019258776609899293,0.013442135630057035,
463e770a02,40000,784,2500960,25009.6,101.1254705107776,5.66605249470048e-17,0.019258776609899293,0.015297613656338032,
463e770a02,40000,785,2504150,25041.5,101.1254705107776,5.1566271264252145e-17,0.019258776609899293,0.016333903579517223,
463e770a02,40000,786,2507340,25073.4,101.1254705107776,4.202331186352756e-17,0.019258776609899293,0.014590600301110014,
463e770a02,40000,787,2510530,25105.3,101.1254705107776,5.801478532825072e-17,0.019258776609899293,0.01433073284711625,
463e770a02,40000,788,2513720,25137.2,101.12547051077759,1.2270966531125877e-17,0.01919235021718123,0.016839116398780652,
463e770a02,40000,789,2516910,25169.1,101.12547051077759,6.23444486888235e-18,0.01919235021718123,0.01523998063701396,
463e770a02,40000,790,2520100,25201.0,101.12547051077759,3.385723088234116e-17,0.01919235021718123,0.011922958782293052,
463e770a02,40000,791,2523290,25232.9,101.12547051077759,1.999172324816354e-17,0.01919235021718123,0.014796383693668695,
463e770a02,40000,792,2526480,25264.8,101.12547051077759,9.667329308979803e-18,0.01919235021718123,0.014335768706556283,
463e770a02,40000,793,2529670,25296.7,101.12547051077759,1.569205112047242e-18,0.01919235021718123,0.01479310956111162,
463e770a02,40000,794,2532860,25328.6,101.12547051077759,2.3724526721139665e-17,0.01919235021718123,0.014312297000315943,
463e770a02,40000,795,2536050,25360.5,101.12547051077759,2.922590745492114e-17,0.01919235021718123,0.0157448186053112,
463e770a02,40000,796,2539240,25392.4,101.12547051077759,3.07588514758504e-17,0.01919235021718123,0.015145995022192753,
463e770a02,40000,797,2542430,25424.3,101.12547051077759,3.115764094143887e-18,0.01919235021718123,0.015300674150654413,
463e770a02,40000,798,2545620,25456.2,101.12547051077759,1.8817359182943426e-17,0.01919235021718123,0.015321738898340032,
463e770a02,40000,799,2548810,25488.1,101.12547051077759,3.908781898145254e-18,0.01919235021718123,0.01470008302921563,
463e770a02,40000,800,2552000,25520.0,101.12547051077759,1.6301479745243506e-17,0.01919235021718123,0.013475675919858718,
463e770a02,40000,801,2555190,25551.9,101.12547051077759,8.71538430415072e-18,0.01919235021718123,0.015303335352356576,
463e770a02,40000,802,2558380,25583.8,101.12547051077759,8.480549039209614e-18,0.01919235021718123,0.01576565234658972,
463e770a02,40000,803,2561570,25615.7,101.12547051077759,5.250136973952822e-17,0.01919235021718123,0.014960977815817173,
463e770a02,40000,804,2564760,25647.6,101.12547051077759,5.507763831199953e-18,0.01919235021718123,0.016422420313507748,
463e770a02,40000,805,2567950,25679.5,101.12547051077759,7.70140846291566e-18,0.01919235021718123,0.015326463469035543,
463e770a02,40000,806,2571140,25711.4,101.12547051077759,3.4179277745643317e-18,0.01919235021718123,0.014668987527528312,
463e770a02,40000,807,2574330,25743.3,101.12547051077759,3.750394407057302e-17,0.01919235021718123,0.01583279163046508,
463e770a02,40000,808,2577520,25775.2,101.12547051077759,2.4043108061545427e-17,0.01919235021718123,0.015793392613376204,
463e770a02,40000,809,2580710,25807.1,101.12547051077759,7.175065237160964e-18,0.01919235021718123,0.015452359522911088,
463e770a02,40000,810,2583900,25839.0,101.12547051077759,1.518853494231361e-17,0.01919235021718123,0.014353524713174755,
463e770a02,40000,811,2587090,25870.9,101.12547051077759,4.4122797629249625e-17,0.01919235021718123,0.014654395735919177,
463e770a02,40000,812,2590280,25902.8,101.12547051077759,4.2528773748619786e-17,0.01919235021718123,0.013965774469968616,
463e770a02,40000,813,2593470,25934.7,101.12547051077759,2.6974225197482435e-17,0.01919235021718123,0.01569332697100852,
463e770a02,40000,814,2596660,25966.6,101.12547051077759,2.5908385036128236e-17,0.01919235021718123,0.014372696776749842,
463e770a02,40000,815,2599850,25998.5,101.12547051077759,3.176955718586246e-17,0.01919235021718123,0.014182187829039253,
463e770a02,40000,816,2603040,26030.4,101.12547051077759,2.9699583907426575e-17,0.01919235021718123,0.013781311014043125,
463e770a02,40000,817,2606230,26062.3,101.12547051077759,9.946415208129191e-17,0.01919235021718123,0.01588331048729436,
463e770a02,40000,818,2609420,26094.2,101.12547051076335,3.4271901863211783e-17,0.019283247081070494,0.01595329007461289,
463e770a02,40000,819,2612610,26126.1,101.12547051076335,4.9324031567382686e-17,0.019283247081070494,0.014931207611320062,
463e770a02,40000,820,2615800,26158.0,101.12547051076335,3.493167783034913e-17,0.019283247081070494,0.015086844875626905,
463e770a02,40000,821,2618990,26189.9,101.12547051076335,2.996123126428771e-17,0.019283247081070494,0.01573437152275264,
463e770a02,40000,822,2622180,26221.8,101.12547051076335,1.4205662512629286e-17,0.019283247081070494,0.016007331308166783,
463e770a02,40000,823,2625370,26253.7,101.12547051076335,4.858244429332122e-17,0.019283247081070494,0.015762162198571253,
463e770a02,40000,824,2628560,26285.6,101.12547051076335,2.800010628306334e-17,0.019283247081070494,0.01319807209952499,
463e770a02,40000,825,2631750,26317.5,101.12547051076335,6.259033379601684e-17,0.019283247081070494,0.015094217933986173,
463e770a02,40000,826,2634940,26349.4,101.12547051076335,1.019611511373892e-17,0.019283247081070494,0.014134772148592172,
463e770a02,40000,827,2638130,26381.3,101.12547051076335,6.808820035593952e-17,0.019283247081070494,0.01328310297076912,
463e770a02,40000,828,2641320,26413.2,101.12547051076335,1.8057806157584466e-17,0.019283247081070494,0.014476994843833491,
463e770a02,40000,829,2644510,26445.1,101.12547051076335,2.3713931382012568e-17,0.019283247081070494,0.0157462601290786,
463e770a02,40000,830,2647700,26477.0,101.12547051076335,2.5041940839452473e-17,0.019283247081070494,0.015270491212423474,
463e770a02,40000,831,2650890,26508.9,101.12547051076335,2.228365943217276e-17,0.019283247081070494,0.013510970639358945,
463e770a02,40000,832,2654080,26540.8,101.12547051076335,2.947146341523024e-17,0.019283247081070494,0.015504468960808274,
463e770a02,40000,833,2657270,26572.7,101.12547051076335,2.972372986997587e-17,0.019283247081070494,0.015090603742970006,
463e770a02,40000,834,2660460,26604.6,101.12547051076335,7.021860325562563e-18,0.019283247081070494,0.014281802348297306,
463e770a02,40000,835,2663650,26636.5,101.12547051076335,3.9360442900247994e-18,0.019283247081070494,0.01366580019857106,
463e770a02,40000,836,2666840,26668.4,101.12547051076335,8.688611499045799e-18,0.019283247081070494,0.014792893684227584,
463e770a02,40000,837,2670030,26700.3,101.12547051076335,1.044794145262468e-17,0.019283247081070494,0.015046250451123079,
463e770a02,40000,838,2673220,26732.2,101.12547051076335,4.666594252041578e-17,0.019283247081070494,0.015074952141688124,
463e770a02,40000,839,2676410,26764.1,101.12547051076335,1.6259888275722057e-17,0.019283247081070494,0.016033003338717856,
463e770a02,40000,840,2679600,26796.0,101.12547051076335,8.677977547915857e-18,0.019283247081070494,0.015422271995260214,
463e770a02,40000,841,2682790,26827.9,101.12547051076335,7.792258602605904e-17,0.019283247081070494,0.015526409921425557,
463e770a02,40000,842,2685980,26859.8,101.12547051076126,5.0316126515534505e-17,0.019262993042509783,0.013654113314232106,
463e770a02,40000,843,2689170,26891.7,101.12547051075431,2.2207663488568445e-17,0.019278002611609463,0.015612216460709151,
463e770a02,40000,844,2692360,26923.6,101.12547051075431,3.1462799180083464e-17,0.019278002611609463,0.014888644495297674,
463e770a02,40000,845,2695550,26955.5,101.12547051075431,3.783705748882521e-17,0.019278002611609463,0.0145039242762667,
463e770a02,40000,846,2698740,26987.4,101.12547051075431,3.405430551901136e-17,0.019278002611609463,0.014478393621623781,
463e770a02,40000,847,2701930,27019.3,101.12547051075431,3.7184687913065826e-17,0.019278002611609463,0.014937048118019193,
463e770a02,40000,848,2705120,27051.2,101.12547051075431,1.9748071286463597e-17,0.019278002611609463,0.014679803088284028,
463e770a02,40000,849,2708310,27083.1,101.12547051075431,2.229634005859672e-17,0.019278002611609463,0.013579387602357098,
463e770a02,40000,850,2711500,27115.0,101.12547051075431,1.9727333305864335e-17,0.019278002611609463,0.01639013187447596,
463e770a02,40000,851,2714690,27146.9,101.12547051075431,4.8054306354252e-17,0.019278002611609463,0.014995100852429393,
463e770a02,40000,852,2717880,27178.8,101.12547051075431,3.209570943307428e-17,0.019278002611609463,0.014709365436662783,
463e770a02,40000,853,2721070,27210.7,101.12547051075431,4.4112758258278235e-17,0.019278002611609463,0.01617273955474576,
463e770a02,40000,854,2724260,27242.6,101.12547051075431,2.41612832727824e-17,0.019278002611609463,0.014459892378720607,
463e770a02,40000,855,2727450,27274.5,101.12547051075431,4.722755104430546e-17,0.019278002611609463,0.015364461435154781,
463e770a02,40000,856,2730640,27306.4,101.12547051075431,3.4132348728597534e-17,0.019278002611609463,0.014738930649522539,
463e770a02,40000,857,2733830,27338.3,101.12547051075431,2.6571501246150723e-17,0.019278002611609463,0.014876074445651987,
463e770a02,40000,858,2737020,27370.2,101.12547051075431,3.760910289702989e-17,0.019278002611609463,0.013996305705397886,
463e770a02,40000,859,2740210,27402.1,101.12547051075431,2.3407833477430265e-17,0.019278002611609463,0.015977893947970886,
463e770a02,40000,860,2743400,27434.0,101.12547051075227,2.886546398831437e-17,0.019268830145810673,0.015391396578027083,
463e770a02,40000,861,2746590,27465.9,101.12547051075227,3.2816485720987954e-17,0.019268830145810673,0.014428037357565753,
463e770a02,40000,862,2749780,27497.8,101.12547051075227,2.1873475357989752e-17,0.019268830145810673,0.014114953849983547,
463e770a02,40000,863,2752970,27529.7,101.12547051075227,3.157690106955532e-17,0.019268830145810673,0.014789464633341519,
463e770a02,40000,864,2756160,27561.6,101.12547051075227,2.0284349745481578e-17,0.019268830145810673,0.014428537858831289,
463e770a02,40000,865,2759350,27593.5,101.12547051075227,3.3962350880669545e-17,0.019268830145810673,0.015155428327980279,
463e770a02,40000,866,2762540,27625.4,101.12547051075227,3.2621855015143725e-17,0.019268830145810673,0.015314842295294279,
463e770a02,40000,867,2765730,27657.3,101.12547051075227,3.054779807574506e-17,0.019268830145810673,0.015088078084920376,
463e770a02,40000,868,2768920,27689.2,101.12547051075227,2.939421456982088e-17,0.019268830145810673,0.01340365937837894,
463e770a02,40000,869,2772110,27721.1,101.12547051075227,3.552120777266115e-17,0.019268830145810673,0.013906293233895927,
463e770a02,40000,870,2775300,27753.0,101.12547051075227,4.373203664740065e-17,0.019268830145810673,0.015505958399748006,
463e770a02,40000,871,2778490,27784.9,101.12547051075227,3.121662926198296e-17,0.019268830145810673,0.016099810685939245,
463e770a02,40000,872,2781680,27816.8,101.12547051075227,3.46105645279007e-17,0.019268830145810673,0.014048298652916463,
463e770a02,40000,873,2784870,27848.7,101.12547051075227,1.9346843847651918e-17,0.019268830145810673,0.01436312788120693,
463e770a02,40000,874,2788060,27880.6,101.12547051075227,1.8467526880163137e-17,0.019268830145810673,0.014861217600855108,
463e770a02,40000,875,2791250,27912.5,101.12547051075227,5.536773510489674e-17,0.019268830145810673,0.015217072130724303,
463e770a02,40000,876,2794440,27944.4,101.12547051075227,2.7648004038275874e-17,0.019268830145810673,0.014319661934355604,
463e770a02,40000,877,2797630,27976.3,101.12547051075227,3.0488709718908844e-17,0.019268830145810673,0.016339595004434347,
463e770a02,40000,878,2800820,28008.2,101.12547051075227,5.494278566696147e-17,0.019268830145810673,0.015196067093797665,
463e770a02,40000,879,2804010,28040.1,101.12547051075227,7.190158668106312e-17,0.019268830145810673,0.014308015269722066,
463e770a02,40000,880,2807200,28072.0,101.12547051075227,3.094077869909301e-17,0.019268830145810673,0.015154053552127912,
463e770a02,40000,881,2810390,28103.9,101.12547051075227,3.1354088528671315e-17,0.019268830145810673,0.014381753636746758,
463e770a02,40000,882,2813580,28135.8,101.12547051075227,3.2013179496654335e-17,0.019268830145810673,0.01654927012527343,
463e770a02,40000,883,2816770,28167.7,101.12547051075227,2.1650948966272694e-17,0.019268830145810673,0.01430656070552671,
463e770a02,40000,884,2819960,28199.6,101.12547051075227,2.2042019508712974e-17,0.019268830145810673,0.014851913117898241,
463e770a02,40000,885,2823150,28231.5,101.12547051075227,1.7340284113704302e-17,0.019268830145810673,0.015510584391311135,
463e770a02,40000,886,2826340,28263.4,101.12547051075227,1.6786531802902834e-17,0.019268830145810673,0.014630995698181926,
463e770a02,40000,887,2829530,28295.3,101.12547051075227,2.054776000354127e-17,0.019268830145810673,0.015191161738018598,
463e770a02,40000,888,2832720,28327.2,101.12547051075227,2.03595063968368e-17,0.019268830145810673,0.015344933924918099,
463e770a02,40000,889,2835910,28359.1,101.12547051075227,1.099045945703623e-17,0.019268830145810673,0.013269318326109324,
463e770a02,40000,890,2839100,28391.0,101.12547051075227,3.603568735745331e-17,0.019268830145810673,0.01636131019185938,
463e770a02,40000,891,2842290,28422.9,101.12547051075227,1.0966663787259023e-17,0.019268830145810673,0.015299389210111829,
463e770a02,40000,892,2845480,28454.8,101.12547051075227,1.8891769786028246e-17,0.019268830145810673,0.01599117540850551,
463e770a02,40000,893,2848670,28486.7,101.12547051075227,7.994245826279474e-18,0.019268830145810673,0.016065389769683417,
463e770a02,40000,894,2851860,28518.6,101.12547051075227,1.2257121876632854e-17,0.019268830145810673,0.01574665106616658,
463e770a02,40000,895,2855050,28550.5,101.12547051075227,6.496550874791873e-18,0.019268830145810673,0.014604761368759123,
463e770a02,40000,896,2858240,28582.4,101.12547051075227,5.5534681166070116e-18,0.019268830145810673,0.01502935874815045,
463e770a02,40000,897,2861430,28614.3,101.12547051075227,7.3676535358056e-18,0.019268830145810673,0.015518597334462697,
463e770a02,40000,898,2864620,28646.2,101.12547051075227,1.093659079269733e-17,0.019268830145810673,0.014638854677563363,
463e770a02,40000,899,2867810,28678.1,101.12547051075227,9.81452293110618e-18,0.019268830145810673,0.01655894071059834,
463e770a02,40000,900,2871000,28710.0,101.12547051075227,8.255416071826215e-18,0.019268830145810673,0.014907402536679085,
463e770a02,40000,901,2874190,28741.9,101.12547051075227,9.677842526713699e-18,0.019268830145810673,0.013523620095159457,
463e770a02,40000,902,2877380,28773.8,101.12547051075227,4.457521795093423e-18,0.019268830145810673,0.014885464536869246,
463e770a02,40000,903,2880570,28805.7,101.12547051075227,5.46128040975389e-18,0.019268830145810673,0.014316535657618937,
463e770a02,40000,904,2883760,28837.6,101.12547051075227,1.973970228342472e-17,0.019268830145810673,0.014236821469035495,
463e770a02,40000,905,2886950,28869.5,101.12547051075227,6.672270374919566e-18,0.019268830145810673,0.015218683987891835,
463e770a02,40000,906,2890140,28901.4,101.12547051075227,1.2729350099152134e-17,0.019268830145810673,0.014887698672171483,
463e770a02,40000,907,2893330,28933.3,101.12547051075227,1.1666704092529869e-17,0.019268830145810673,0.014760664879638981,
463e770a02,40000,908,2896520,28965.2,101.12547051075227,2.9639571704437755e-17,0.019268830145810673,0.015770587284703225,
463e770a02,40000,909,2899710,28997.1,101.12547051075227,3.532871289001808e-17,0.019268830145810673,0.015500423646081136,
463e770a02,40000,910,2902900,29029.0,101.12547051075227,2.1806044299886554e-17,0.019268830145810673,0.01535960072787478,
463e770a02,40000,911,2906090,29060.9,101.12547051075227,9.402354233686526e-18,0.019268830145810673,0.014992801756242779,
463e770a02,40000,912,2909280,29092.8,101.12547051075227,1.0285789994356168e-17,0.019268830145810673,0.01508791275003612,
463e770a02,40000,913,2912470,29124.7,101.12547051075227,9.93623454114368e-18,0.019268830145810673,0.015219618995921653,
463e770a02,40000,914,2915660,29156.6,101.12547051075227,4.8012656692429895e-17,0.019268830145810673,0.01322614061690999,
463e770a02,40000,915,2918850,29188.5,101.12547051075227,4.7003488428452104e-17,0.019268830145810673,0.015083032591313075,
463e770a02,40000,916,2922040,29220.4,101.12547051075227,4.473553764545665e-17,0.019268830145810673,0.015416780623588042,
463e770a02,40000,917,2925230,29252.3,101.12547051075227,5.345057693833245e-17,0.019268830145810673,0.013841357408882118,
463e770a02,40000,918,2928420,29284.2,101.12547051075227,1.865079038896301e-17,0.019268830145810673,0.014517227993582946,
463e770a02,40000,919,2931610,29316.1,101.12547051075227,3.578608003839583e-17,0.019268830145810673,0.015546085912837404,
463e770a02,40000,920,2934800,29348.0,101.12547051075227,5.568763935199544e-17,0.019268830145810673,0.014784498339343212,
463e770a02,40000,921,2937990,29379.9,101.12547051075227,2.2006334491317642e-17,0.019268830145810673,0.01562138987373092,
463e770a02,40000,922,2941180,29411.8,101.12547051075227,3.315873114506703e-17,0.019268830145810673,0.0151298663237814,
463e770a02,40000,923,2944370,29443.7,101.12547051075227,2.0747197286988663e-17,0.019268830145810673,0.01676334663815662,
463e770a02,40000,924,2947560,29475.6,101.12547051075227,1.82503879113332e-17,0.019268830145810673,0.014899933590305432,
463e770a02,40000,925,2950750,29507.5,101.12547051075227,1.8316500764801257e-17,0.019268830145810673,0.013211326979630823,
463e770a02,40000,926,2953940,29539.4,101.12547051075227,2.2242594688351082e-17,0.019268830145810673,0.012755653727707336,
463e770a02,40000,927,2957130,29571.3,101.12547051075227,5.007503630248509e-17,0.019268830145810673,0.014988381638812229,
463e770a02,40000,928,2960320,29603.2,101.12547051075227,2.1898751317453772e-17,0.019268830145810673,0.015686666690559112,
463e770a02,40000,929,2963510,29635.1,101.12547051075227,1.957003599754411e-17,0.019268830145810673,0.016041230886229035,
463e770a02,40000,930,2966700,29667.0,101.12547051075227,2.7687107948641676e-17,0.019268830145810673,0.014232104405454127,
463e770a02,40000,931,2969890,29698.9,101.12547051075227,2.1864920089769056e-17,0.019268830145810673,0.015159590404866714,
463e770a02,40000,932,2973080,29730.8,101.12547051075227,5.4629526036047075e-18,0.019268830145810673,0.014561290087558592,
463e770a02,40000,933,2976270,29762.7,101.12547051075227,3.0697404896659163e-17,0.019268830145810673,0.0156659218985447,
463e770a02,40000,934,2979460,29794.6,101.12547051075227,2.4886303963722094e-17,0.019268830145810673,0.015886891390332464,
463e770a02,40000,935,2982650,29826.5,101.12547051075227,4.3351632543138803e-17,0.019268830145810673,0.014902148791161385,
463e770a02,40000,936,2985840,29858.4,101.12547051075227,2.1974462373655227e-17,0.019268830145810673,0.014498176719290504,
463e770a02,40000,937,2989030,29890.3,101.12547051075227,4.384000153092591e-17,0.019268830145810673,0.014242273866126136,
463e770a02,40000,938,2992220,29922.2,101.12547051075227,3.5153712659824815e-17,0.019268830145810673,0.015037345480040336,
463e770a02,40000,939,2995410,29954.1,101.12547051075227,2.5961782006045876e-17,0.019268830145810673,0.015602006728418692,
463e770a02,40000,940,2998600,29986.0,101.12547051075227,3.39694864734508e-17,0.019268830145810673,0.01524233290847323,
463e770a02,40000,941,3001790,30017.9,101.12547051075227,3.3523948054858326e-17,0.019268830145810673,0.014931835947515496,
463e770a02,40000,942,3004980,30049.8,101.12547051075227,2.8218126350307575e-17,0.019268830145810673,0.015465437723806716,
463e770a02,40000,943,3008170,30081.7,101.12547051075227,2.2193941465192592e-17,0.019268830145810673,0.014980672908514861,
463e770a02,40000,944,3011360,30113.6,101.12547051075227,3.3840070988964655e-17,0.019268830145810673,0.0143207565354836,
463e770a02,40000,945,3014550,30145.5,101.12547051075227,2.2058885855551035e-17,0.019268830145810673,0.013884091116637578,
463e770a02,40000,946,3017740,30177.4,101.12547051075227,6.103788892013007e-17,0.019268830145810673,0.015458984105981457,
463e770a02,40000,947,3020930,30209.3,101.12547051075227,2.6275997731475654e-17,0.019268830145810673,0.014962088408595978,
463e770a02,40000,948,3024120,30241.2,101.12547051075227,4.723548757153333e-17,0.019268830145810673,0.015093388413832972,
463e770a02,40000,949,3027310,30273.1,101.12547051075227,2.730481156915592e-17,0.019268830145810673,0.01595644428832593,
463e770a02,40000,950,3030500,30305.0,101.12547051075227,4.977910769402661e-17,0.019268830145810673,0.016662705201113768,
463e770a02,40000,951,3033690,30336.9,101.12547051075227,2.6503663089652535e-17,0.019268830145810673,0.014920875233999003,
463e770a02,40000,952,3036880,30368.8,101.12547051075227,5.606185553049188e-17,0.019268830145810673,0.016328529481242283,
463e770a02,40000,953,3040070,30400.7,101.12547051075227,1.93802223749832e-17,0.019268830145810673,0.013840331804085905,
463e770a02,40000,954,3043260,30432.6,101.12547051075227,2.6202010518495597e-17,0.019268830145810673,0.014561018730730109,
463e770a02,40000,955,3046450,30464.5,101.12547051075227,2.8687513486721625e-17,0.019268830145810673,0.015146292177272756,
463e770a02,40000,956,3049640,30496.4,101.12547051075227,4.434001813603492e-17,0.019268830145810673,0.014176456948007904,
463e770a02,40000,957,3052830,30528.3,101.12547051075227,2.883540879261969e-17,0.019268830145810673,0.014195068680288202,
463e770a02,40000,958,3056020,30560.2,101.12547051075227,4.4207431880260434e-17,0.019268830145810673,0.014012632925803306,
463e770a02,40000,959,3059210,30592.1,101.12547051075227,4.0517215938978947e-17,0.019268830145810673,0.013595710585598535,
463e770a02,40000,960,3062400,30624.0,101.12547051075227,4.7881540238059604e-17,0.019268830145810673,0.015439783194941012,
463e770a02,40000,961,3065590,30655.9,101.12547051075227,2.1994549125318656e-17,0.019268830145810673,0.014916204574493717,
463e770a02,40000,962,3068780,30687.8,101.12547051075227,2.173202113589956e-17,0.019268830145810673,0.014285702305166764,
463e770a02,40000,963,3071970,30719.7,101.12547051075227,3.142522307289443e-17,0.019268830145810673,0.01494974954357197,
463e770a02,40000,964,3075160,30751.6,101.12547051075227,6.7917265836726974e-18,0.019268830145810673,0.01497061547392708,
463e770a02,40000,965,3078350,30783.5,101.12547051075227,6.3282406721803775e-18,0.019268830145810673,0.01609470287167608,
463e770a02,40000,966,3081540,30815.4,101.12547051075227,4.681399565183754e-18,0.019268830145810673,0.01432650278893657,
463e770a02,40000,967,3084730,30847.3,101.12547051075227,4.084597540117873e-18,0.019268830145810673,0.014890418218443878,
463e770a02,40000,968,3087920,30879.2,101.12547051075227,2.0172512759246638e-17,0.019268830145810673,0.015603483518184615,
463e770a02,40000,969,3091110,30911.1,101.12547051075227,1.1120860540617464e-17,0.019268830145810673,0.014289099814814247,
463e770a02,40000,970,3094300,30943.0,101.12547051075227,6.8424206699942294e-18,0.019268830145810673,0.014218385743588744,
463e770a02,40000,971,3097490,30974.9,101.12547051075227,3.448450556136095e-18,0.019268830145810673,0.016177530880244245,
463e770a02,40000,972,3100680,31006.8,101.12547051075227,1.0477091889118923e-17,0.019268830145810673,0.016506340843565635,
463e770a02,40000,973,3103870,31038.7,101.12547051075227,2.2000706662536338e-17,0.019268830145810673,0.015830260933647054,
463e770a02,40000,974,3107060,31070.6,101.12547051075227,5.5500511151740514e-18,0.019268830145810673,0.015215884847539536,
463e770a02,40000,975,3110250,31102.5,101.12547051075227,8.189374397404743e-18,0.019268830145810673,0.014718474998449782,
463e770a02,40000,976,3113440,31134.4,101.12547051075227,7.930347744077412e-18,0.019268830145810673,0.01460436812458245,
463e770a02,40000,977,3116630,31166.3,101.12547051075227,3.861022448023194e-17,0.019268830145810673,0.014781646002761798,
463e770a02,40000,978,3119820,31198.2,101.12547051075227,2.2850005845556567e-17,0.019268830145810673,0.01398409832565646,
463e770a02,40000,979,3123010,31230.1,101.12547051075227,2.3476048177948095e-17,0.019268830145810673,0.013799223249084497,
463e770a02,40000,980,3126200,31262.0,101.12547051075227,2.0726636664081093e-17,0.019268830145810673,0.015187976301209109,
463e770a02,40000,981,3129390,31293.9,101.12547051075227,2.0581298706696066e-17,0.019268830145810673,0.015579378323375808,
463e770a02,40000,982,3132580,31325.8,101.12547051075227,5.506155226501789e-17,0.019268830145810673,0.013848683316304108,
463e770a02,40000,983,3135770,31357.7,101.12547051075227,1.9442453110550145e-17,0.019268830145810673,0.013307857788576448,
463e770a02,40000,984,3138960,31389.6,101.12547051075227,2.6773071338243787e-17,0.019268830145810673,0.014470244545745983,
463e770a02,40000,985,3142150,31421.5,101.12547051075227,2.0521287717276348e-17,0.019268830145810673,0.015758005294625656,
463e770a02,40000,986,3145340,31453.4,101.12547051075227,5.23040667159221e-18,0.019268830145810673,0.01441143196824214,
463e770a02,40000,987,3148530,31485.3,101.12547051075227,7.293668305332669e-18,0.019268830145810673,0.01635381691070168,
463e770a02,40000,988,3151720,31517.2,101.12547051075227,9.968672233949685e-18,0.019268830145810673,0.014578804803789494,
463e770a02,40000,989,3154910,31549.1,101.12547051075227,3.3442890186176716e-18,0.019268830145810673,0.015326921447144119,
463e770a02,40000,990,3158100,31581.0,101.12547051075227,1.1187620707408112e-17,0.019268830145810673,0.015188788501288797,
463e770a02,40000,991,3161290,31612.9,101.12547051075227,4.1933628743145475e-18,0.019268830145810673,0.014948285430085714,
463e770a02,40000,992,3164480,31644.8,101.12547051075227,5.0176456321117926e-18,0.019268830145810673,0.015623687422641292,
463e770a02,40000,993,3167670,31676.7,101.12547051075227,4.96951886348011e-17,0.019268830145810673,0.015996394314083628,
463e770a02,40000,994,3170860,31708.6,101.12547051075227,5.327678723720324e-18,0.019268830145810673,0.01502750141477811,
463e770a02,40000,995,3174050,31740.5,101.12547051075227,1.5038095577996958e-18,0.019268830145810673,0.016604999283447785,
463e770a02,40000,996,3177240,31772.4,101.12547051075227,7.764680672517348e-18,0.019268830145810673,0.014062571950462567,
463e770a02,40000,997,3180430,31804.3,101.12547051075227,3.839533984341947e-17,0.019268830145810673,0.015709812146457034,
463e770a02,40000,998,3183620,31836.2,101.12547051075227,2.944117397408561e-17,0.019268830145810673,0.01523407581858721,
463e770a02,40000,999,3186810,31868.1,101.12547051075227,2.2744693704214072e-17,0.019268830145810673,0.014921706443052721,
463e770a02,40000,1000,3190000,31900.0,101.12547051075227,2.3294120121533078e-17,0.019268830145810673,0.01676603774518777,
463e770a02,40000,1001,3193190,31931.9,101.12547051075227,4.252488548860691e-17,0.019268830145810673,0.01420290791440645,
463e770a02,40000,1002,3196380,31963.8,101.12547051075227,7.518137150370073e-18,0.019268830145810673,0.014368020413823278,
463e770a02,40000,1003,3199570,31995.7,101.12547051075227,7.591778567821539e-18,0.019268830145810673,0.015148722056293437,
463e770a02,40000,1004,3202760,32027.6,101.12547051075227,8.860796221003152e-18,0.019268830145810673,0.014982508575838724,
463e770a02,40000,1005,3205950,32059.5,101.12547051075227,5.931214233628868e-18,0.019268830145810673,0.015365040310559207,
463e770a02,40000,1006,3209140,32091.4,101.12547051075227,5.535178940689029e-18,0.019268830145810673,0.014388677443625604,
463e770a02,40000,1007,3212330,32123.3,101.12547051075227,1.0399793334055567e-17,0.019268830145810673,0.015310027667289937,
463e770a02,40000,1008,3215520,32155.2,101.12547051075227,6.843360505128345e-17,0.019268830145810673,0.013967512724459612,
463e770a02,40000,1009,3218710,32187.1,101.12547051075227,1.801259030410831e-17,0.019268830145810673,0.014454691495203197,
463e770a02,40000,1010,3221900,32219.0,101.12547051075227,1.561610261150968e-17,0.019268830145810673,0.016114422073644916,
463e770a02,40000,1011,3225090,32250.9,101.12547051075227,3.9025694421991225e-17,0.019268830145810673,0.015136447233812564,
463e770a02,40000,1012,3228280,32282.8,101.12547051075227,1.7231161786765296e-17,0.019268830145810673,0.01481916845633906,
463e770a02,40000,1013,3231470,32314.7,101.12547051075227,6.182239400440078e-17,0.019268830145810673,0.013894530230597935,
463e770a02,40000,1014,3234660,32346.6,101.12547051075227,2.1439143352302468e-17,0.019268830145810673,0.013599691432855573,
463e770a02,40000,1015,3237850,32378.5,101.12547051075227,5.0196267102012234e-18,0.019268830145810673,0.01588045411785868,
463e770a02,40000,1016,3241040,32410.4,101.12547051075227,1.028891717150141e-17,0.019268830145810673,0.015427936965721875,
463e770a02,40000,1017,3244230,32442.3,101.12547051075227,3.827896768932673e-18,0.019268830145810673,0.015483906812346676,
463e770a02,40000,1018,3247420,32474.2,101.12547051075227,1.7855667794224757e-18,0.019268830145810673,0.015303942512499235,
463e770a02,40000,1019,3250610,32506.1,101.12547051075227,3.5131810410771074e-18,0.019268830145810673,0.014375554593404226,
463e770a02,40000,1020,3253800,32538.0,101.12547051075227,5.286038392626656e-18,0.019268830145810673,0.013798997073795382,
463e770a02,40000,1021,3256990,32569.9,101.12547051075227,1.0770241459953004e-17,0.019268830145810673,0.015121824664236502,
463e770a02,40000,1022,3260180,32601.8,101.12547051075227,6.019118461867783e-18,0.019268830145810673,0.016520261628372095,
463e770a02,40000,1023,3263370,32633.7,101.12547051075227,8.181548153737314e-18,0.019268830145810673,0.014780236359226024,
463e770a02,40000,1024,3266560,32665.6,101.12547051075227,4.497179323772678e-17,0.019268830145810673,0.013330370267729177,
463e770a02,40000,1025,3269750,32697.5,101.12547051075227,3.4120817421914136e-17,0.019268830145810673,0.014691472294463829,
463e770a02,40000,1026,3272940,32729.4,101.12547051075227,1.0504128758368774e-16,0.019268830145810673,0.014558643788591917,
463e770a02,40000,1027,3276130,32761.3,101.12547051075158,2.2028337568106363e-17,0.01925792502833817,0.01606628664247904,
463e770a02,40000,1028,3279320,32793.2,101.12547051075158,5.586622457979156e-17,0.01925792502833817,0.01511564883257071,
463e770a02,40000,1029,3282510,32825.1,101.12547051075158,2.220325058220289e-17,0.01925792502833817,0.0151789651092731,
463e770a02,40000,1030,3285700,32857.0,101.12547051075158,2.491520499629192e-17,0.01925792502833817,0.015131608530195864,
463e770a02,40000,1031,3288890,32888.9,101.12547051075158,4.984364931920021e-17,0.01925792502833817,0.014815496680140207,
463e770a02,40000,1032,3292080,32920.8,101.12547051075158,3.4027574123089553e-17,0.01925792502833817,0.01591815640528113,
463e770a02,40000,1033,3295270,32952.7,101.12547051075158,2.5049140971288502e-17,0.01925792502833817,0.015253736284775943,
463e770a02,40000,1034,3298460,32984.6,101.12547051075158,3.088030618001245e-17,0.01925792502833817,0.0169246319524616,
463e770a02,40000,1035,3301650,33016.5,101.12547051075158,3.751758498601129e-17,0.01925792502833817,0.01560316532786806,
463e770a02,40000,1036,3304840,33048.4,101.12547051075158,3.1771059228829624e-17,0.01925792502833817,0.014916980014724536,
463e770a02,40000,1037,3308030,33080.3,101.12547051075158,4.787909864763435e-17,0.01925792502833817,0.014754405158821829,
463e770a02,40000,1038,3311220,33112.2,101.12547051075158,1.8257711462562218e-17,0.01925792502833817,0.014225542686359565,
463e770a02,40000,1039,3314410,33144.1,101.12547051075158,1.9131364789614408e-17,0.01925792502833817,0.013920350370258606,
463e770a02,40000,1040,3317600,33176.0,101.12547051075158,3.1459634065078924e-17,0.01925792502833817,0.014601488270001614,
463e770a02,40000,1041,3320790,33207.9,101.12547051075158,2.9799281683998013e-17,0.01925792502833817,0.0132284173996942,
463e770a02,40000,1042,3323980,33239.8,101.12547051075158,2.892063358735891e-17,0.01925792502833817,0.014539227360472837,
463e770a02,40000,1043,3327170,33271.7,101.12547051075158,2.0256985455693426e-17,0.01925792502833817,0.015984754610622022,
463e770a02,40000,1044,3330360,33303.6,101.12547051075158,1.8145815854197125e-17,0.01925792502833817,0.014305728120324815,
463e770a02,40000,1045,3333550,33335.5,101.12547051075158,6.360542958299024e-17,0.01925792502833817,0.01645124505031961,
463e770a02,40000,1046,3336740,33367.4,101.12547051075158,2.555462135170774e-17,0.01925792502833817,0.01678224344146056,
463e770a02,40000,1047,3339930,33399.3,101.12547051075158,3.7803121291429537e-17,0.01925792502833817,0.013740643662278475,
463e770a02,40000,1048,3343120,33431.2,101.12547051075158,3.405574355522091e-17,0.01925792502833817,0.014826988140228037,
463e770a02,40000,1049,3346310,33463.1,101.12547051075158,4.443566208505526e-17,0.01925792502833817,0.015749940694059508,
463e770a02,40000,1050,3349500,33495.0,101.12547051075158,2.1110502330729297e-17,0.01925792502833817,0.01271928965796894,
463e770a02,40000,1051,3352690,33526.9,101.12547051075158,2.554523455404539e-17,0.01925792502833817,0.01649505847131126,
463e770a02,40000,1052,3355880,33558.8,101.12547051075158,5.729349766815157e-17,0.01925792502833817,0.0165524977024714,
463e770a02,40000,1053,3359070,33590.7,101.12547051075158,3.481806412278095e-17,0.01925792502833817,0.016513079262817754,
463e770a02,40000,1054,3362260,33622.6,101.12547051075158,3.430265098003851e-17,0.01925792502833817,0.015218989247442246,
463e770a02,40000,1055,3365450,33654.5,101.12547051075158,1.9741124426026906e-17,0.01925792502833817,0.015403638465590777,
463e770a02,40000,1056,3368640,33686.4,101.12547051075158,2.0428785644742735e-17,0.01925792502833817,0.014784673464236606,
463e770a02,40000,1057,3371830,33718.3,101.12547051075158,3.0664972779400087e-17,0.01925792502833817,0.014665602628456502,
463e770a02,40000,1058,3375020,33750.2,101.12547051075158,2.2920110617394493e-17,0.01925792502833817,0.01627366014604028,
463e770a02,40000,1059,3378210,33782.1,101.12547051075158,2.6606782124267908e-17,0.01925792502833817,0.013979756951851547,
463e770a02,40000,1060,3381400,33814.0,101.12547051075158,7.346759514719874e-17,0.01925792502833817,0.015679569973343743,
463e770a02,40000,1061,3384590,33845.9,101.12547051075158,4.6875621090578874e-17,0.01925792502833817,0.015346283409334936,
463e770a02,40000,1062,3387780,33877.8,101.12547051075158,2.1997324916182522e-17,0.01925792502833817,0.01437452051255805,
463e770a02,40000,1063,3390970,33909.7,101.12547051075158,3.648852700599894e-17,0.01925792502833817,0.014456109079767772,
463e770a02,40000,1064,3394160,33941.6,101.12547051075158,1.729498148534838e-17,0.01925792502833817,0.01468446142096873,
463e770a02,40000,1065,3397350,33973.5,101.12547051075158,2.192907063642922e-17,0.01925792502833817,0.015161618698711448,
463e770a02,40000,1066,3400540,34005.4,101.12547051075158,3.355082994722014e-17,0.01925792502833817,0.01542187258353179,
463e770a02,40000,1067,3403730,34037.3,101.12547051075158,2.3086560653175088e-17,0.01925792502833817,0.01525514641814202,
463e770a02,40000,1068,3406920,34069.2,101.12547051075158,1.9641541157760963e-17,0.01925792502833817,0.015980658755864737,
463e770a02,40000,1069,3410110,34101.1,101.12547051075158,2.7380919959820114e-17,0.01925792502833817,0.015331668342398535,
463e770a02,40000,1070,3413300,34133.0,101.12547051075158,1.825551146720331e-17,0.01925792502833817,0.015590038823835299,
463e770a02,40000,1071,3416490,34164.9,101.12547051075158,3.735586582368484e-17,0.01925792502833817,0.013373647771178951,
463e770a02,40000,1072,3419680,34196.8,101.12547051075158,5.559450532921188e-17,0.01925792502833817,0.017100765717353885,
463e770a02,40000,1073,3422870,34228.7,101.1254705107396,2.1085570595552134e-17,0.019315502667855998,0.014082228880057614,
463e770a02,40000,1074,3426060,34260.6,101.1254705107396,2.005891766679799e-17,0.019315502667855998,0.015133968536539743,
463e770a02,40000,1075,3429250,34292.5,101.1254705107396,3.9630829969756886e-17,0.019315502667855998,0.014540602751430438,
463e770a02,40000,1076,3432440,34324.4,101.12547051073756,3.0839764310137587e-17,0.01930633020205723,0.01633334688854307,
463e770a02,40000,1077,3435630,34356.3,101.12547051073756,4.4245660910627536e-17,0.01930633020205723,0.015276084343004754,
463e770a02,40000,1078,3438820,34388.2,101.12547051073756,2.7641515649604506e-17,0.01930633020205723,0.014466086591880561,
463e770a02,40000,1079,3442010,34420.1,101.12547051073756,2.301741074297298e-17,0.01930633020205723,0.01562765908244919,
463e770a02,40000,1080,3445200,34452.0,101.12547051073756,4.7456317604006746e-17,0.01930633020205723,0.014256455594645709,
463e770a02,40000,1081,3448390,34483.9,101.12547051073756,2.5301079634599964e-17,0.01930633020205723,0.014724023921502521,
463e770a02,40000,1082,3451580,34515.8,101.12547051073756,1.886826362794822e-17,0.01930633020205723,0.01570232529768044,
463e770a02,40000,1083,3454770,34547.7,101.12547051073756,6.35333924040073e-17,0.01930633020205723,0.01502143347368321,
463e770a02,40000,1084,3457960,34579.6,101.12547051073756,4.134793092369687e-17,0.01930633020205723,0.01376448757297189,
463e770a02,40000,1085,3461150,34611.5,101.12547051073756,1.9854753738142495e-17,0.01930633020205723,0.01663237491107362,
463e770a02,40000,1086,3464340,34643.4,101.12547051073756,2.7675338025760052e-17,0.01930633020205723,0.015086915779377971,
463e770a02,40000,1087,3467530,34675.3,101.12547051073756,2.4878701688658383e-17,0.01930633020205723,0.015044682063545181,
463e770a02,40000,1088,3470720,34707.2,101.12547051073756,1.2149701186622788e-17,0.01930633020205723,0.015174742301631593,
463e770a02,40000,1089,3473910,34739.1,101.12547051073756,2.0272197468096098e-17,0.01930633020205723,0.014629949647912442,
463e770a02,40000,1090,3477100,34771.0,101.12547051073756,9.198593169791206e-18,0.01930633020205723,0.014387506944784858,
463e770a02,40000,1091,3480290,34802.9,101.12547051073756,1.0231192043756046e-17,0.01930633020205723,0.014324677458325904,
463e770a02,40000,1092,3483480,34834.8,101.12547051073756,1.0176385573613501e-17,0.01930633020205723,0.015110674349649253,
463e770a02,40000,1093,3486670,34866.7,101.12547051073756,5.2162367490879175e-18,0.01930633020205723,0.013942242051638616,
463e770a02,40000,1094,3489860,34898.6,101.12547051073756,4.6258947878924076e-17,0.01930633020205723,0.015599024582220537,
463e770a02,40000,1095,3493050,34930.5,101.12547051073756,3.198476484197639e-17,0.01930633020205723,0.013788682644722456,
463e770a02,40000,1096,3496240,34962.4,101.12547051073756,1.9257092773499223e-17,0.01930633020205723,0.016083246084619127,
463e770a02,40000,1097,3499430,34994.3,101.12547051073756,2.5303479877081664e-17,0.01930633020205723,0.01658635677588426,
463e770a02,40000,1098,3502620,35026.2,101.12547051073756,2.661120291329793e-17,0.01930633020205723,0.01538876520084695,
463e770a02,40000,1099,3505810,35058.1,101.12547051073756,3.2257805945458244e-17,0.01930633020205723,0.014900927626291497,
463e770a02,40000,1100,3509000,35090.0,101.12547051073756,2.1724958814244514e-17,0.01930633020205723,0.015364481975015148,
463e770a02,40000,1101,3512190,35121.9,101.12547051073756,3.4824085322141516e-17,0.01930633020205723,0.015638102613983414,
463e770a02,40000,1102,3515380,35153.8,101.12547051073756,3.864596276531336e-17,0.01930633020205723,0.014381799098799566,
463e770a02,40000,1103,3518570,35185.7,101.12547051073756,3.523309116673158e-17,0.01930633020205723,0.013424357531575407,
463e770a02,40000,1104,3521760,35217.6,101.12547051073756,1.4683739648577622e-17,0.01930633020205723,0.013211330806609562,
463e770a02,40000,1105,3524950,35249.5,101.12547051073756,9.834936659185439e-18,0.01930633020205723,0.015071493541519373,
463e770a02,40000,1106,3528140,35281.4,101.12547051073756,1.5072355195197396e-17,0.01930633020205723,0.015359862999179876,
463e770a02,40000,1107,3531330,35313.3,101.12547051073756,2.2263359885248813e-17,0.01930633020205723,0.015552563864588663,
463e770a02,40000,1108,3534520,35345.2,101.12547051073756,2.9075734904139804e-17,0.01930633020205723,0.014489809408590718,
463e770a02,40000,1109,3537710,35377.1,101.12547051073756,5.017414698340252e-17,0.01930633020205723,0.015773795657175092,
463e770a02,40000,1110,3540900,35409.0,101.12547051073756,2.1866360439799046e-17,0.01930633020205723,0.014880708735223264,
463e770a02,40000,1111,3544090,35440.9,101.12547051073756,4.036409551388626e-17,0.01930633020205723,0.015931072675996402,
463e770a02,40000,1112,3547280,35472.8,101.12547051073756,9.182309209870524e-18,0.01930633020205723,0.013926295282014374,
463e770a02,40000,1113,3550470,35504.7,101.12547051073756,1.9306781224351574e-17,0.01930633020205723,0.01645600559513977,
463e770a02,40000,1114,3553660,35536.6,101.12547051073756,3.890872094496171e-18,0.01930633020205723,0.013444141483139792,
463e770a02,40000,1115,3556850,35568.5,101.12547051073756,7.214091493441016e-18,0.01930633020205723,0.014872445639702256,
463e770a02,40000,1116,3560040,35600.4,101.12547051073756,5.929879129387294e-18,0.01930633020205723,0.014509849927432846,
463e770a02,40000,1117,3563230,35632.3,101.12547051073756,1.1428202186804323e-17,0.01930633020205723,0.014881069353108229,
463e770a02,40000,1118,3566420,35664.2,101.12547051073756,4.239397670900676e-17,0.01930633020205723,0.017067017493780656,
463e770a02,40000,1119,3569610,35696.1,101.12547051073756,2.2077604590038706e-17,0.01930633020205723,0.015586216089477144,
463e770a02,40000,1120,3572800,35728.0,101.12547051073756,6.684994035692101e-18,0.01930633020205723,0.014457510914703778,
463e770a02,40000,1121,3575990,35759.9,101.12547051073756,2.7003441526994684e-17,0.01930633020205723,0.016197519904692856,
463e770a02,40000,1122,3579180,35791.8,101.12547051073756,1.0519440048464237e-17,0.01930633020205723,0.015131582507310812,
463e770a02,40000,1123,3582370,35823.7,101.12547051073756,2.0200815121158473e-17,0.01930633020205723,0.01579525829853961,
463e770a02,40000,1124,3585560,35855.6,101.12547051073756,2.0655612399012446e-17,0.01930633020205723,0.016523128780173098,
463e770a02,40000,1125,3588750,35887.5,101.12547051073756,8.492340298454052e-18,0.01930633020205723,0.014766048248665608,
463e770a02,40000,1126,3591940,35919.4,101.12547051073756,5.0191535044017e-18,0.01930633020205723,0.014736851991709682,
463e770a02,40000,1127,3595130,35951.3,101.12547051073756,9.610280132362923e-18,0.01930633020205723,0.015935864334023525,
463e770a02,40000,1128,3598320,35983.2,101.12547051073756,6.109359634414867e-17,0.01930633020205723,0.015975526329228103,
463e770a02,40000,1129,3601510,36015.1,101.12547051073756,3.04811978763383e-17,0.01930633020205723,0.01401984384071761,
463e770a02,40000,1130,3604700,36047.0,101.12547051073756,3.072129402833106e-17,0.01930633020205723,0.016696484952978617,
463e770a02,40000,1131,3607890,36078.9,101.12547051073756,2.02247038810238e-17,0.01930633020205723,0.01451777534082391,
463e770a02,40000,1132,3611080,36110.8,101.12547051073756,2.0830386525172044e-17,0.01930633020205723,0.01401971697375774,
463e770a02,40000,1133,3614270,36142.7,101.12547051073756,4.101879650625388e-18,0.01930633020205723,0.014705898880311362,
463e770a02,40000,1134,3617460,36174.6,101.12547051073756,5.6021260718534665e-18,0.01930633020205723,0.014248937576980276,
463e770a02,40000,1135,3620650,36206.5,101.12547051073756,4.814912705319777e-17,0.01930633020205723,0.015259236730537612,
463e770a02,40000,1136,3623840,36238.4,101.12547051073756,3.082686615405457e-17,0.01930633020205723,0.014716457552285638,
463e770a02,40000,1137,3627030,36270.3,101.12547051073756,2.8397604106027024e-17,0.01930633020205723,0.013404048001749953,
463e770a02,40000,1138,3630220,36302.2,101.12547051073756,2.2218014299378897e-17,0.01930633020205723,0.014838575133114061,
463e770a02,40000,1139,3633410,36334.1,101.12547051073756,1.9657141216582717e-17,0.01930633020205723,0.015013660938177926,
463e770a02,40000,1140,3636600,36366.0,101.12547051073756,1.365954140244593e-17,0.01930633020205723,0.016394170699628473,
463e770a02,40000,1141,3639790,36397.9,101.12547051073756,6.727554406251278e-18,0.01930633020205723,0.016146594265046624,
463e770a02,40000,1142,3642980,36429.8,101.12547051073756,2.7004935304395268e-17,0.01930633020205723,0.01352250309616604,
463e770a02,40000,1143,3646170,36461.7,101.12547051073756,5.390818176466269e-18,0.01930633020205723,0.01404347807757212,
463e770a02,40000,1144,3649360,36493.6,101.12547051073756,3.637877825961864e-17,0.01930633020205723,0.013701182806848242,
463e770a02,40000,1145,3652550,36525.5,101.12547051073756,2.6530606934511785e-17,0.01930633020205723,0.014291637291883956,
463e770a02,40000,1146,3655740,36557.4,101.12547051073756,1.1971868337417235e-17,0.01930633020205723,0.014713709864645732,
463e770a02,40000,1147,3658930,36589.3,101.12547051073756,1.187190779091118e-17,0.01930633020205723,0.014380399652258515,
463e770a02,40000,1148,3662120,36621.2,101.12547051073756,2.842998878428239e-17,0.01930633020205723,0.016018422488068312,
463e770a02,40000,1149,3665310,36653.1,101.12547051073756,4.4008937413894556e-17,0.01930633020205723,0.012960725384724292,
463e770a02,40000,1150,3668500,36685.0,101.12547051073756,8.220446122727936e-18,0.01930633020205723,0.01456205393129742,
463e770a02,40000,1151,3671690,36716.9,101.12547051073756,2.25822597346333e-18,0.01930633020205723,0.015353778965507475,
463e770a02,40000,1152,3674880,36748.8,101.12547051073756,4.939075812515699e-18,0.01930633020205723,0.017033895092889047,
463e770a02,40000,1153,3678070,36780.7,101.12547051073756,1.370826790381483e-17,0.01930633020205723,0.015204049938257056,
463e770a02,40000,1154,3681260,36812.6,101.12547051073756,1.0228009727029937e-17,0.01930633020205723,0.014928148039964263,
463e770a02,40000,1155,3684450,36844.5,101.12547051073756,1.0857083853143556e-17,0.01930633020205723,0.01307536598004336,
463e770a02,40000,1156,3687640,36876.4,101.12547051073756,8.873940671349796e-18,0.01930633020205723,0.015165369989102234,
463e770a02,40000,1157,3690830,36908.3,101.12547051073756,2.9748210358143564e-17,0.01930633020205723,0.014231105460187674,
463e770a02,40000,1158,3694020,36940.2,101.12547051073756,5.8960248086543366e-18,0.01930633020205723,0.014491736511542614,
463e770a02,40000,1159,3697210,36972.1,101.12547051073756,8.289475727847761e-18,0.01930633020205723,0.014444004863064882,
463e770a02,40000,1160,3700400,37004.0,101.12547051073756,1.8062522515915723e-18,0.01930633020205723,0.016069316214506153,
463e770a02,40000,1161,3703590,37035.9,101.12547051073756,1.104298422968637e-17,0.01930633020205723,0.013844437693176486,
463e770a02,40000,1162,3706780,37067.8,101.12547051073756,3.662011468699848e-17,0.01930633020205723,0.016805556998190283,
463e770a02,40000,1163,3709970,37099.7,101.12547051073756,3.6316708750714214e-17,0.01930633020205723,0.012539384430219559,
463e770a02,40000,1164,3713160,37131.6,101.12547051073756,2.3796251385383523e-17,0.01930633020205723,0.014353986205452108,
463e770a02,40000,1165,3716350,37163.5,101.12547051073756,2.0956553823170578e-17,0.01930633020205723,0.015480324574375585,
463e770a02,40000,1166,3719540,37195.4,101.12547051073756,2.798966323451343e-17,0.01930633020205723,0.014791133875306842,
463e770a02,40000,1167,3722730,37227.3,101.12547051073756,4.142042324551419e-17,0.01930633020205723,0.01602624806327115,
463e770a02,40000,1168,3725920,37259.2,101.12547051073756,1.0221894454554572e-17,0.01930633020205723,0.014549956452134711,
463e770a02,40000,1169,3729110,37291.1,101.12547051073756,3.7996227680263945e-17,0.01930633020205723,0.015447195526920969,
463e770a02,40000,1170,3732300,37323.0,101.12547051073756,2.884087981537959e-17,0.01930633020205723,0.016129571104809795,
463e770a02,40000,1171,3735490,37354.9,101.12547051073756,4.3840360340566584e-17,0.01930633020205723,0.015468275616305907,
463e770a02,40000,1172,3738680,37386.8,101.12547051073756,1.9901573156177737e-17,0.01930633020205723,0.01485734186869083,
463e770a02,40000,1173,3741870,37418.7,101.12547051073756,2.761446371289573e-17,0.01930633020205723,0.01392439338197685,
463e770a02,40000,1174,3745060,37450.6,101.12547051073756,3.7350669392167076e-17,0.01930633020205723,0.015235737547933184,
463e770a02,40000,1175,3748250,37482.5,101.12547051073756,3.61315858645149e-17,0.01930633020205723,0.014690700540546296,
463e770a02,40000,1176,3751440,37514.4,101.12547051073756,1.7634376874612013e-17,0.01930633020205723,0.013331791262968717,
463e770a02,40000,1177,3754630,37546.3,101.12547051073756,2.558869715831248e-17,0.01930633020205723,0.01446330891705916,
463e770a02,40000,1178,3757820,37578.2,101.12547051073756,2.9293684793682933e-17,0.01930633020205723,0.014773630516271357,
463e770a02,40000,1179,3761010,37610.1,101.12547051073756,4.019134833657298e-17,0.01930633020205723,0.015441344878242804,
463e770a02,40000,1180,3764200,37642.0,101.12547051073756,4.311573766076732e-18,0.01930633020205723,0.01504690959854108,
463e770a02,40000,1181,3767390,37673.9,101.12547051073756,1.0192457953710082e-16,0.01930633020205723,0.014952448840380536,
463e770a02,40000,1182,3770580,37705.8,101.12547051073443,3.708533831413443e-17,0.019210626297514587,0.014551378521776745,
463e770a02,40000,1183,3773770,37737.7,101.12547051073443,3.772054770591605e-17,0.019210626297514587,0.015491834863423586,
463e770a02,40000,1184,3776960,37769.6,101.12547051073443,4.622782736917678e-17,0.019210626297514587,0.01683775621992654,
463e770a02,40000,1185,3780150,37801.5,101.12547051073443,3.949665024461041e-17,0.019210626297514587,0.016198657220298066,
463e770a02,40000,1186,3783340,37833.4,101.12547051073443,5.901458903145998e-17,0.019210626297514587,0.01436300964798515,
463e770a02,40000,1187,3786530,37865.3,101.12547051073443,3.833224591050146e-17,0.019210626297514587,0.01373096566817716,
463e770a02,40000,1188,3789720,37897.2,101.12547051073443,2.6068134989807104e-17,0.019210626297514587,0.015371306519612528,
463e770a02,40000,1189,3792910,37929.1,101.12547051073443,3.682040369567825e-17,0.019210626297514587,0.01559847619985513,
463e770a02,40000,1190,3796100,37961.0,101.12547051073443,2.6136324083687495e-17,0.019210626297514587,0.014322567448888844,
463e770a02,40000,1191,3799290,37992.9,101.12547051073443,2.875985636491258e-17,0.019210626297514587,0.01453585956371317,
463e770a02,40000,1192,3802480,38024.8,101.12547051073443,2.414587634069051e-17,0.019210626297514587,0.01469477117759793,
463e770a02,40000,1193,3805670,38056.7,101.12547051073443,1.9618311347773763e-17,0.019210626297514587,0.015106664634299044,
463e770a02,40000,1194,3808860,38088.6,101.12547051073443,2.2175300828596386e-17,0.019210626297514587,0.014735947427534531,
463e770a02,40000,1195,3812050,38120.5,101.12547051073443,3.025285697301178e-17,0.019210626297514587,0.01593039941048844,
463e770a02,40000,1196,3815240,38152.4,101.12547051073443,1.685942778802761e-17,0.019210626297514587,0.0158907916493956,
463e770a02,40000,1197,3818430,38184.3,101.12547051073443,1.9577324849309852e-17,0.019210626297514587,0.013425863940028544,
463e770a02,40000,1198,3821620,38216.2,101.12547051073443,5.9370488435214954e-18,0.019210626297514587,0.014091008854874111,
463e770a02,40000,1199,3824810,38248.1,101.12547051073443,8.437917371935634e-18,0.019210626297514587,0.015072253302472855,
463e770a02,40000,1200,3828000,38280.0,101.12547051073443,1.2821856730247637e-17,0.019210626297514587,0.013252170262098777,
463e770a02,40000,1201,3831190,38311.9,101.12547051073443,1.7197775573857674e-17,0.019210626297514587,0.014111551090108055,
463e770a02,40000,1202,3834380,38343.8,101.12547051073443,7.316415656656989e-18,0.019210626297514587,0.016072714226146353,
463e770a02,40000,1203,3837570,38375.7,101.12547051073443,6.0642110075319866e-18,0.019210626297514587,0.015785571316381197,
463e770a02,40000,1204,3840760,38407.6,101.12547051073443,5.474342954876332e-18,0.019210626297514587,0.01497883095090856,
463e770a02,40000,1205,3843950,38439.5,101.12547051073443,4.0446727405960334e-18,0.019210626297514587,0.014429109646895926,
463e770a02,40000,1206,3847140,38471.4,101.12547051073443,2.897049012774608e-17,0.019210626297514587,0.015397252477809984,
463e770a02,40000,1207,3850330,38503.3,101.12547051073443,2.1006557928734545e-17,0.019210626297514587,0.015492877178037876,
463e770a02,40000,1208,3853520,38535.2,101.12547051073443,3.0194885575597455e-17,0.019210626297514587,0.014243606316129,
463e770a02,40000,1209,3856710,38567.1,101.12547051073443,1.6143297205369034e-17,0.019210626297514587,0.014818295416215235,
463e770a02,40000,1210,3859900,38599.0,101.12547051073443,2.314415627160124e-17,0.019210626297514587,0.015361939360264839,
463e770a02,40000,1211,3863090,38630.9,101.12547051073443,6.173657717042114e-18,0.019210626297514587,0.014576573598438277,
463e770a02,40000,1212,3866280,38662.8,101.12547051073443,2.826412368118199e-17,0.019210626297514587,0.01551459094007012,
463e770a02,40000,1213,3869470,38694.7,101.12547051073443,3.369885124144241e-17,0.019210626297514587,0.0152159762574178,
463e770a02,40000,1214,3872660,38726.6,101.12547051073443,4.2958161161188595e-17,0.019210626297514587,0.01455793428757923,
463e770a02,40000,1215,3875850,38758.5,101.12547051073443,3.598135661201463e-17,0.019210626297514587,0.015364179440925744,
463e770a02,40000,1216,3879040,38790.4,101.12547051073443,2.9186336280551615e-17,0.019210626297514587,0.01588916987429125,
463e770a02,40000,1217,3882230,38822.3,101.12547051073443,6.567292170048956e-18,0.019210626297514587,0.014516939626065928,
463e770a02,40000,1218,3885420,38854.2,101.12547051073443,1.2563639424099659e-17,0.019210626297514587,0.01366999649216161,
463e770a02,40000,1219,3888610,38886.1,101.12547051073443,1.0906562104807972e-17,0.019210626297514587,0.01505046222440062,
463e770a02,40000,1220,3891800,38918.0,101.12547051073443,8.38709904372318e-18,0.019210626297514587,0.01515939138249644,
463e770a02,40000,1221,3894990,38949.9,101.12547051073443,5.504656584772701e-18,0.019210626297514587,0.013825148484659693,
463e770a02,40000,1222,3898180,38981.8,101.12547051073443,2.728284237314604e-17,0.019210626297514587,0.015420434510794204,
463e770a02,40000,1223,3901370,39013.7,101.12547051073443,2.9487678606357567e-18,0.019210626297514587,0.015165459316556426,
463e770a02,40000,1224,3904560,39045.6,101.12547051073443,5.478627564387174e-18,0.019210626297514587,0.015121030514652047,
463e770a02,40000,1225,3907750,39077.5,101.12547051073443,4.467662357682486e-18,0.019210626297514587,0.014956398713420353,
463e770a02,40000,1226,3910940,39109.4,101.12547051073443,7.45387879350458e-17,0.019210626297514587,0.014756104635325392,
463e770a02,40000,1227,3914130,39141.3,101.12547051073443,2.6199349797741943e-17,0.019210626297514587,0.015076522935515152,
463e770a02,40000,1228,3917320,39173.2,101.12547051073443,2.5338682296495524e-17,0.019210626297514587,0.015402067230568223,
463e770a02,40000,1229,3920510,39205.1,101.12547051073443,5.860514496309338e-17,0.019210626297514587,0.015337749136339974,
463e770a02,40000,1230,3923700,39237.0,101.12547051073443,2.2576134281572178e-17,0.019210626297514587,0.014428420841452974,
463e770a02,40000,1231,3926890,39268.9,101.12547051073443,2.1152479850356072e-17,0.019210626297514587,0.014055253830931591,
463e770a02,40000,1232,3930080,39300.8,101.12547051073443,4.485311358802694e-18,0.019210626297514587,0.013568872275875596,
463e770a02,40000,1233,3933270,39332.7,101.12547051073443,2.787575566382836e-17,0.019210626297514587,0.013736954990297152,
463e770a02,40000,1234,3936460,39364.6,101.12547051073443,2.910611823972956e-17,0.019210626297514587,0.016336692667315633,
463e770a02,40000,1235,3939650,39396.5,101.12547051073443,3.443423014105592e-17,0.019210626297514587,0.015017936380637113,
463e770a02,40000,1236,3942840,39428.4,101.12547051073443,1.7124527028019772e-17,0.019210626297514587,0.014351075607190681,
463e770a02,40000,1237,3946030,39460.3,101.12547051073443,1.4370372431681876e-17,0.019210626297514587,0.014078751594565725,
463e770a02,40000,1238,3949220,39492.2,101.12547051073443,4.734268889262067e-18,0.019210626297514587,0.015693152152828356,
463e770a02,40000,1239,3952410,39524.1,101.12547051073443,5.929624778350339e-18,0.019210626297514587,0.014520573964354584,
463e770a02,40000,1240,3955600,39556.0,101.12547051073443,4.010205329867855e-18,0.019210626297514587,0.015849827688288468,
463e770a02,40000,1241,3958790,39587.9,101.12547051073443,5.371244064617129e-18,0.019210626297514587,0.01445549787804418,
463e770a02,40000,1242,3961980,39619.8,101.12547051073443,5.519336042028391e-18,0.019210626297514587,0.015218156672193056,
463e770a02,40000,1243,3965170,39651.7,101.12547051073443,4.400890183061834e-18,0.019210626297514587,0.015050978995227988,
463e770a02,40000,1244,3968360,39683.6,101.12547051073443,2.832103167280556e-18,0.019210626297514587,0.015313500147593506,
463e770a02,40000,1245,3971550,39715.5,101.12547051073443,3.81164171896387e-18,0.019210626297514587,0.015004149806708908,
463e770a02,40000,1246,3974740,39747.4,101.12547051073443,6.340966627533749e-18,0.019210626297514587,0.015200108466982306,
463e770a02,40000,1247,3977930,39779.3,101.12547051073443,5.532898345178463e-17,0.019210626297514587,0.01494570641066736,
463e770a02,40000,1248,3981120,39811.2,101.12547051073443,7.831843086282409e-17,0.019210626297514587,0.013339620796856692,
463e770a02,40000,1249,3984310,39843.1,101.12547051073443,1.8105775910325504e-17,0.019210626297514587,0.013804723922593557,
463e770a02,40000,1250,3987500,39875.0,101.12547051073443,6.196702136339892e-17,0.019210626297514587,0.014409414869988861,
463e770a02,40000,1251,3990690,39906.9,101.12547051073443,5.278988755006436e-17,0.019210626297514587,0.014985925199383824,
463e770a02,40000,1252,3993880,39938.8,101.12547051073443,2.989671203029867e-17,0.019210626297514587,0.014200634345383698,
463e770a02,40000,1253,3997070,39970.7,101.12547051073443,,0.019210626297514587,0.012977633215723127,
885146fca0,40000,0,0,0.0,516651013610901.0,4.988933218580704,119640441474639.08,93766344082108.5,"ProjectedCommonDirectionsConfig(subspace_frac_grads=0.1, subspace_frac_updates=0.1, subspace_frac_random=0.1, direction_str=newton, use_hess=True, random_proj=True, random_proj_dim_frac=0.6, ensemble=haar, inner_use_full_grad=True, reg_lambda=0, orth_P_k=True, beta=0.001, tau=0.5, c_const=inf, N_try=200, alpha_max=1, p_const=1)"
885146fca0,40000,1,3190,31.9,129162753402801.22,7.269851624877738,59820220737319.55,46894294109406.17,
885146fca0,40000,2,6380,63.8,101.1254705152839,3.4699996204309904e-16,0.004617638491054988,0.0035863020510268568,
885146fca0,40000,3,9570,95.7,101.12547051525137,1.4823570086173584e-06,0.0014044416962017926,0.0011219115061674614,
885146fca0,40000,4,12760,127.6,101.12547051489143,1.2988024285200995e-06,0.0002043199006953229,0.0001587106135624151,
885146fca0,40000,5,15950,159.5,101.125470514448,1.6180644485779317e-06,0.001153040934217538,0.000918352465110944,
885146fca0,40000,6,19140,191.4,101.12547051384345,1.1799952052717601e-17,0.0006410259571483273,0.0005224210837021332,
885146fca0,40000,7,22330,223.3,101.12547051384152,2.3341694601543018e-07,0.0006333207406049663,0.0005103929216638623,
885146fca0,40000,8,25520,255.2,101.12547051381014,2.1427784488656768e-06,0.0008257613698142987,0.0006605877479463729,
885146fca0,40000,9,28710,287.1,101.12547051318872,9.07977468383609e-12,0.0002893233819426344,0.00020686877249633198,
885146fca0,40000,10,31900,319.0,101.12547051296971,9.366075912059052e-15,0.0004988754355891011,0.0003612195548767956,
885146fca0,40000,11,35090,350.9,101.12547051269608,5.074097670028747e-16,0.00043150531796834967,0.00032568668593061233,
885146fca0,40000,12,38280,382.8,101.12547051240216,2.7568694619961592e-18,0.0006032370056089115,0.00037120005595402963,
885146fca0,40000,13,41470,414.7,101.12547051240216,1.434018055891903e-16,0.0006032370056089115,0.00048275207748948507,
885146fca0,40000,14,44660,446.6,101.12547051237243,2.1618208943157556e-17,0.0005117589306757693,0.0004165350078823072,
885146fca0,40000,15,47850,478.5,101.12547051236889,2.2761006234937635e-15,0.0004977958052262651,0.00036711928219864526,
885146fca0,40000,16,51040,510.4,101.12547051235781,3.554967609406455e-17,0.000802013405737565,0.000635918191545509,
885146fca0,40000,17,54230,542.3,101.12547051235283,5.783733389666226e-17,0.0007930802222404027,0.0006067726697802951,
885146fca0,40000,18,57420,574.2,101.12547051232262,7.529907057774853e-16,0.000589355350845905,0.00048145331055753305,
885146fca0,40000,19,60610,606.1,101.12547051217469,2.4367376076343593e-17,0.0002251729000751951,0.00019907373575271895,
885146fca0,40000,20,63800,638.0,101.12547051217264,3.0160648517075937e-16,0.00021950782702462657,0.00015511266012011677,
885146fca0,40000,21,66990,669.9,101.1254705121296,1.9681357774635863e-16,0.0007220333514847477,0.0005807530601607167,
885146fca0,40000,22,70180,701.8,101.1254705120815,4.791548411921421e-17,0.000577664248951125,0.00046574624996747387,
885146fca0,40000,23,73370,733.7,101.12547051206005,6.289342556135854e-18,0.0006075163834541176,0.000448445481595743,
885146fca0,40000,24,76560,765.6,101.12547051206005,5.4332815258483426e-18,0.0006075163834541176,0.0004890006792846709,
885146fca0,40000,25,79750,797.5,101.12547051206005,6.1751023298171594e-18,0.0006075163834541176,0.00047997753584413624,
885146fca0,40000,26,82940,829.4,101.12547051206005,5.482155970668102e-16,0.0006075163834541176,0.0004193350561257027,
885146fca0,40000,27,86130,861.3,101.1254705119487,5.030535764574223e-16,0.000246941229888945,0.00019487462781060387,
885146fca0,40000,28,89320,893.2,101.12547051194443,1.1533859574564042e-16,0.0002463780990582949,0.00018111956116191632,
885146fca0,40000,29,92510,925.1,101.1254705119168,2.6409676433877163e-17,0.00038709944366700544,0.00029952650390892006,
885146fca0,40000,30,95700,957.0,101.1254705119168,1.4217940567247334e-17,0.00038709944366700544,0.00030483864011192043,
885146fca0,40000,31,98890,988.9,101.12547051191585,2.349498660341405e-18,0.0003690736509878621,0.00027293095865805415,
885146fca0,40000,32,102080,1020.8,101.12547051191585,7.809454204979597e-16,0.0003690736509878621,0.0002387878802435049,
885146fca0,40000,33,105270,1052.7,101.12547051183486,8.965587483026778e-16,0.0005867408361384615,0.0004189150638794486,
885146fca0,40000,34,108460,1084.6,101.1254705115352,9.035400866510112e-16,0.0005203980625405228,0.00041005872739296583,
885146fca0,40000,35,111650,1116.5,101.12547051148334,9.918409429196543e-17,6.489636881939114e-06,5.18449540671336e-06,
885146fca0,40000,36,114840,1148.4,101.12547051147024,7.198219138743616e-18,5.056622464739433e-05,3.92551729383015e-05,
885146fca0,40000,37,118030,1180.3,101.12547051147024,6.404040097639912e-16,5.056622464739433e-05,3.860926396299777e-05,
885146fca0,40000,38,121220,1212.2,101.12547051127895,5.638711113912138e-17,9.692984255079815e-05,6.952536749081372e-05,
885146fca0,40000,39,124410,1244.1,101.12547051126793,1.317126836221749e-16,0.0001296254000983886,9.665307418754551e-05,
885146fca0,40000,40,127600,1276.0,101.12547051119692,1.114314092699868e-16,9.764948867820779e-05,7.341139473843918e-05,
885146fca0,40000,41,130790,1307.9,101.12547051119292,6.855456575337449e-18,0.00011705772949589509,9.783988800374701e-05,
885146fca0,40000,42,133980,1339.8,101.12547051119292,1.185896180677799e-16,0.00011705772949589509,8.763828658168104e-05,
885146fca0,40000,43,137170,1371.7,101.12547051114161,5.76472709124873e-18,0.00010203327150258152,7.961941526812293e-05,
885146fca0,40000,44,140360,1403.6,101.12547051114161,4.879797138604137e-17,0.00010203327150258152,7.728232896720396e-05,
885146fca0,40000,45,143550,1435.5,101.12547051111443,1.304842592173539e-16,0.00011404146532380458,9.853357215246421e-05,
885146fca0,40000,46,146740,1467.4,101.125470511109,5.133007330955255e-16,0.0002633051082184847,0.0002061639671481393,
885146fca0,40000,47,149930,1499.3,101.12547051110566,3.636153505746462e-16,0.00051352699371266,0.0003722220852268751,
885146fca0,40000,48,153120,1531.2,101.12547051096593,7.274422410635732e-17,0.00027080740400462123,0.00021187974028259854,
885146fca0,40000,49,156310,1563.1,101.12547051094441,1.955992567696002e-16,0.00035282368254390735,0.00027456546189525593,
885146fca0,40000,50,159500,1595.0,101.12547051092213,6.69313198879405e-17,0.0004223911646226762,0.00031189800450270795,
885146fca0,40000,51,162690,1626.9,101.12547051090263,7.968700269747458e-17,0.00047704324824436275,0.00038257896980230737,
885146fca0,40000,52,165880,1658.8,101.12547051089864,1.0661517604939514e-17,0.00038631427227369574,0.00028086937702880455,
885146fca0,40000,53,169070,1690.7,101.12547051089864,9.102666737839537e-17,0.00038631427227369574,0.0002909808303529133,
885146fca0,40000,54,172260,1722.6,101.12547051085166,1.1219078283835778e-17,0.0004122600213068497,0.00028356302412144987,
885146fca0,40000,55,175450,1754.5,101.12547051085166,1.147509057291978e-17,0.0004122600213068497,0.0003314347765580406,
885146fca0,40000,56,178640,1786.4,101.12547051085166,1.3587052625674315e-17,0.0004122600213068497,0.0003384056258621933,
885146fca0,40000,57,181830,1818.3,101.12547051085166,1.0901221715362225e-17,0.0004122600213068497,0.0003197177708772843,
885146fca0,40000,58,185020,1850.2,101.12547051085166,4.03240756973235e-17,0.0004122600213068497,0.0002877710825877519,
885146fca0,40000,59,188210,1882.1,101.12547051084978,1.6876001792477398e-17,0.00045751127832441155,0.0003302007746457824,
885146fca0,40000,60,191400,1914.0,101.12547051084978,1.0231919737114453e-17,0.00045751127832441155,0.0003807484814123021,
885146fca0,40000,61,194590,1945.9,101.12547051084978,9.857933999734762e-18,0.00045751127832441155,0.0003642850315350719,
885146fca0,40000,62,197780,1977.8,101.12547051084587,1.0385260543315723e-17,0.0004648923534158527,0.00038190094958912615,
885146fca0,40000,63,200970,2009.7,101.12547051084587,7.427034269225078e-18,0.0004648923534158527,0.0003786348738941337,
885146fca0,40000,64,204160,2041.6,101.12547051084587,5.478998745860338e-18,0.0004648923534158527,0.00031601711407710056,
885146fca0,40000,65,207350,2073.5,101.12547051084587,1.3058824330978487e-17,0.0004648923534158527,0.0003520833684385936,
885146fca0,40000,66,210540,2105.4,101.12547051084587,6.123771582014518e-18,0.0004648923534158527,0.0003708142159164761,
885146fca0,40000,67,213730,2137.3,101.12547051084587,5.258156855398585e-18,0.0004648923534158527,0.00033523648330734986,
885146fca0,40000,68,216920,2169.2,101.12547051084587,7.43912374101336e-18,0.0004648923534158527,0.00037706221953942424,
885146fca0,40000,69,220110,2201.1,101.12547051084587,8.59980858448464e-18,0.0004648923534158527,0.000350063785913243,
885146fca0,40000,70,223300,2233.0,101.12547051084587,7.492497813795534e-17,0.0004648923534158527,0.000365876531528293,
885146fca0,40000,71,226490,2264.9,101.12547051083496,1.1512068642245925e-17,0.0005759510015757063,0.000465747712816196,
885146fca0,40000,72,229680,2296.8,101.12547051083496,1.1514997424678502e-17,0.0005759510015757063,0.0004233888927538212,
885146fca0,40000,73,232870,2328.7,101.12547051083241,2.7587264117684306e-16,0.0005847828081389776,0.0004521514260251422,
885146fca0,40000,74,236060,2360.6,101.12547051081859,1.1957927960360656e-16,0.0001989360873961622,0.0001633411687382117,
885146fca0,40000,75,239250,2392.5,101.12547051073687,2.14979989406429e-17,0.00031444060371984894,0.0002707969958697591,
885146fca0,40000,76,242440,2424.4,101.12547051072622,3.7399347604533704e-17,0.00030720299123845163,0.00023244950900978684,
885146fca0,40000,77,245630,2456.3,101.12547051070666,1.3060525831021585e-16,0.00027908212698637,0.00023017616921534883,
885146fca0,40000,78,248820,2488.2,101.12547051063378,2.252617504292968e-17,0.000288357732840332,0.00021997754813152563,
885146fca0,40000,79,252010,2520.1,101.12547051063378,1.141323127453255e-17,0.000288357732840332,0.00021592569971750852,
885146fca0,40000,80,255200,2552.0,101.12547051063378,1.4635721725471793e-17,0.000288357732840332,0.0002131139641750114,
885146fca0,40000,81,258390,2583.9,101.12547051063378,1.2905003603001691e-17,0.000288357732840332,0.00022892085330044793,
885146fca0,40000,82,261580,2615.8,101.12547051063378,1.058533802191098e-17,0.000288357732840332,0.00021588114741821017,
885146fca0,40000,83,264770,2647.7,101.12547051063378,1.0595941521335721e-17,0.000288357732840332,0.00022818657824696248,
885146fca0,40000,84,267960,2679.6,101.12547051063378,6.552077313691085e-18,0.000288357732840332,0.00023377579185620016,
885146fca0,40000,85,271150,2711.5,101.12547051063378,6.700172442387791e-18,0.000288357732840332,0.0002472469713177246,
885146fca0,40000,86,274340,2743.4,101.12547051063378,2.6352453035404263e-18,0.000288357732840332,0.00022727060868548142,
885146fca0,40000,87,277530,2775.3,101.12547051063378,1.0162999027800031e-17,0.000288357732840332,0.0002433583726081493,
885146fca0,40000,88,280720,2807.2,101.12547051063378,1.376605201565334e-18,0.000288357732840332,0.00020783910475070992,
885146fca0,40000,89,283910,2839.1,101.12547051063378,2.0257161989929454e-18,0.000288357732840332,0.00020679115993193063,
885146fca0,40000,90,287100,2871.0,101.12547051063378,1.669714623831184e-18,0.000288357732840332,0.00025668514217492915,
885146fca0,40000,91,290290,2902.9,101.12547051063378,1.690653625769247e-17,0.000288357732840332,0.00021762707740590213,
885146fca0,40000,92,293480,2934.8,101.12547051063378,4.4095679340726674e-17,0.000288357732840332,0.00024236156722593123,
885146fca0,40000,93,296670,2966.7,101.12547051063272,1.1388600388619045e-17,0.0002666112746217425,0.0002073547414943149,
885146fca0,40000,94,299860,2998.6,101.12547051063272,4.54432668767281e-18,0.0002666112746217425,0.00021715153314367822,
885146fca0,40000,95,303050,3030.5,101.12547051063272,1.4884812110994385e-18,0.0002666112746217425,0.00021052727288307005,
885146fca0,40000,96,306240,3062.4,101.12547051063272,1.5048978148286457e-17,0.0002666112746217425,0.00022564014365792945,
885146fca0,40000,97,309430,3094.3,101.12547051062207,4.206435300945179e-18,0.00025937350367391765,0.00021063613574718006,
885146fca0,40000,98,312620,3126.2,101.12547051062207,1.3808946452255246e-17,0.00025937350367391765,0.00020365255549470356,
885146fca0,40000,99,315810,3158.1,101.12547051062207,3.809167904692867e-18,0.00025937350367391765,0.00019572188697862024,
885146fca0,40000,100,319000,3190.0,101.12547051062207,3.694684308552134e-18,0.00025937350367391765,0.0002025493095031113,
885146fca0,40000,101,322190,3221.9,101.12547051062207,2.035123388130482e-18,0.00025937350367391765,0.00019723410296890908,
885146fca0,40000,102,325380,3253.8,101.12547051062207,2.0624818514288637e-18,0.00025937350367391765,0.00020289327252830526,
885146fca0,40000,103,328570,3285.7,101.12547051062207,8.69725531141038e-18,0.00025937350367391765,0.0001826217495287019,
885146fca0,40000,104,331760,3317.6,101.12547051062207,8.5634740286094e-18,0.00025937350367391765,0.00018467531178840762,
885146fca0,40000,105,334950,3349.5,101.12547051062207,2.450641524610609e-18,0.00025937350367391765,0.00020798731156140748,
885146fca0,40000,106,338140,3381.4,101.12547051062207,2.393348925105294e-18,0.00025937350367391765,0.00020275076519565423,
885146fca0,40000,107,341330,3413.3,101.12547051062207,2.1366523116267797e-18,0.00025937350367391765,0.00022216088097008383,
885146fca0,40000,108,344520,3445.2,101.12547051062207,4.74712020329426e-18,0.00025937350367391765,0.00018914500902221732,
885146fca0,40000,109,347710,3477.1,101.12547051062207,9.335662146593389e-18,0.00025937350367391765,0.00019309451757799171,
885146fca0,40000,110,350900,3509.0,101.12547051062207,1.6736994343262462e-18,0.00025937350367391765,0.0002009557998412004,
885146fca0,40000,111,354090,3540.9,101.12547051062207,1.9150241927439575e-17,0.00025937350367391765,0.0001906276794728363,
885146fca0,40000,112,357280,3572.8,101.12547051062207,7.26432651460166e-18,0.00025937350367391765,0.0001991789854526233,
885146fca0,40000,113,360470,3604.7,101.12547051062207,8.648827917866303e-18,0.00025937350367391765,0.00019794959624843428,
885146fca0,40000,114,363660,3636.6,101.12547051062207,4.177178728509027e-18,0.00025937350367391765,0.00017277947773473376,
885146fca0,40000,115,366850,3668.5,101.12547051062207,2.83949327028657e-18,0.00025937350367391765,0.0002242882161341144,
885146fca0,40000,116,370040,3700.4,101.12547051062207,1.2834952412859935e-17,0.00025937350367391765,0.0001934117895073468,
885146fca0,40000,117,373230,3732.3,101.12547051062207,5.20498025775279e-18,0.00025937350367391765,0.00018398632716270583,
885146fca0,40000,118,376420,3764.2,101.12547051062207,3.315675235602512e-17,0.00025937350367391765,0.00020856191500627944,
885146fca0,40000,119,379610,3796.1,101.12547051060687,7.754911089759305e-18,0.00024396343038827128,0.00020006668867950518,
885146fca0,40000,120,382800,3828.0,101.12547051060687,4.75669010725437e-18,0.00024396343038827128,0.0001848456311650597,
885146fca0,40000,121,385990,3859.9,101.12547051060687,6.83912996702263e-18,0.00024396343038827128,0.0001807000297416935,
885146fca0,40000,122,389180,3891.8,101.12547051060687,7.146871211688818e-18,0.00024396343038827128,0.0001727422006793242,
885146fca0,40000,123,392370,3923.7,101.12547051060687,7.291269539618501e-18,0.00024396343038827128,0.00017296950363480937,
885146fca0,40000,124,395560,3955.6,101.12547051060687,9.92652179453104e-18,0.00024396343038827128,0.0001952793304381592,
885146fca0,40000,125,398750,3987.5,101.12547051060687,4.650592118976971e-18,0.00024396343038827128,0.00017912357166201357,
885146fca0,40000,126,401940,4019.4,101.12547051060687,3.7284659038033394e-18,0.00024396343038827128,0.00018606510269985577,
885146fca0,40000,127,405130,4051.3,101.12547051060687,3.826456087242391e-18,0.00024396343038827128,0.0001899456820693262,
885146fca0,40000,128,408320,4083.2,101.12547051060687,4.4955515802700614e-18,0.00024396343038827128,0.00018885739995274024,
885146fca0,40000,129,411510,4115.1,101.12547051060687,4.064546866655381e-18,0.00024396343038827128,0.00018183535505983528,
885146fca0,40000,130,414700,4147.0,101.12547051060687,1.6956911446273213e-17,0.00024396343038827128,0.00020582687652401642,
885146fca0,40000,131,417890,4178.9,101.12547051060687,5.6481031849664575e-18,0.00024396343038827128,0.00016698277080100262,
885146fca0,40000,132,421080,4210.8,101.12547051060687,6.689599678394486e-18,0.00024396343038827128,0.00020078047798657102,
885146fca0,40000,133,424270,4242.7,101.12547051060687,2.196074999890521e-18,0.00024396343038827128,0.00018736182549589114,
885146fca0,40000,134,427460,4274.6,101.12547051060687,3.3086477008397742e-18,0.00024396343038827128,0.00017467878918274403,
885146fca0,40000,135,430650,4306.5,101.12547051060687,4.451706423619807e-18,0.00024396343038827128,0.00019414194721969897,
885146fca0,40000,136,433840,4338.4,101.12547051060687,2.9316615470473577e-18,0.00024396343038827128,0.00018732965922050844,
885146fca0,40000,137,437030,4370.3,101.12547051060687,2.8836433292433627e-18,0.00024396343038827128,0.00019349332585774117,
885146fca0,40000,138,440220,4402.2,101.12547051060687,3.5604669963568165e-18,0.00024396343038827128,0.00018488632127581394,
885146fca0,40000,139,443410,4434.1,101.12547051060687,7.927028840102997e-18,0.00024396343038827128,0.00020725682782782044,
885146fca0,40000,140,446600,4466.0,101.12547051060687,1.4480736934302618e-17,0.00024396343038827128,0.00016462947881841383,
885146fca0,40000,141,449790,4497.9,101.12547051060687,6.6553570102348064e-18,0.00024396343038827128,0.00019203103124389208,
885146fca0,40000,142,452980,4529.8,101.12547051060687,7.403020908790582e-18,0.00024396343038827128,0.00019296698880736775,
885146fca0,40000,143,456170,4561.7,101.12547051060687,7.531506282534402e-18,0.00024396343038827128,0.00020311264338554528,
885146fca0,40000,144,459360,4593.6,101.12547051060687,7.442999456838333e-18,0.00024396343038827128,0.00019620775404390926,
885146fca0,40000,145,462550,4625.5,101.12547051060687,5.413204602863667e-18,0.00024396343038827128,0.00018344869816482243,
885146fca0,40000,146,465740,4657.4,101.12547051060687,4.115643997364129e-18,0.00024396343038827128,0.00018060711493086365,
885146fca0,40000,147,468930,4689.3,101.12547051060687,2.033880350722034e-18,0.00024396343038827128,0.00018598963288198752,
885146fca0,40000,148,472120,4721.2,101.12547051060687,4.507057283616661e-18,0.00024396343038827128,0.0001937128832372419,
885146fca0,40000,149,475310,4753.1,101.12547051060687,7.701716858077064e-18,0.00024396343038827128,0.0001800739343708698,
885146fca0,40000,150,478500,4785.0,101.12547051060687,3.1210154976654277e-18,0.00024396343038827128,0.0001818755652457529,
885146fca0,40000,151,481690,4816.9,101.12547051060687,4.487090198508377e-18,0.00024396343038827128,0.00016326581672969546,
885146fca0,40000,152,484880,4848.8,101.12547051060687,1.2979315715768555e-17,0.00024396343038827128,0.0001656663739744208,
885146fca0,40000,153,488070,4880.7,101.12547051060687,4.480522337889609e-18,0.00024396343038827128,0.00020296184656504158,
885146fca0,40000,154,491260,4912.6,101.12547051060687,2.5577539677357027e-18,0.00024396343038827128,0.00019478925377557272,
885146fca0,40000,155,494450,4944.5,101.12547051060687,4.746164191056391e-18,0.00024396343038827128,0.000186747143773103,
885146fca0,40000,156,497640,4976.4,101.12547051060687,2.428930467087613e-18,0.00024396343038827128,0.00019966243927543336,
885146fca0,40000,157,500830,5008.3,101.12547051060687,4.0547750797354064e-18,0.00024396343038827128,0.00018494802884750183,
885146fca0,40000,158,504020,5040.2,101.12547051060687,2.299073640800524e-18,0.00024396343038827128,0.0001810396279495222,
885146fca0,40000,159,507210,5072.1,101.12547051060687,2.204271685695563e-18,0.00024396343038827128,0.0001673076482761093,
885146fca0,40000,160,510400,5104.0,101.12547051060687,6.54203457656754e-18,0.00024396343038827128,0.0001922203286899206,
885146fca0,40000,161,513590,5135.9,101.12547051060687,2.1267275509255868e-18,0.00024396343038827128,0.0001790737407722299,
885146fca0,40000,162,516780,5167.8,101.12547051060687,1.390939987378956e-17,0.00024396343038827128,0.00018940735295174509,
885146fca0,40000,163,519970,5199.7,101.12547051060687,1.3079177465726112e-17,0.00024396343038827128,0.00017821269008512416,
885146fca0,40000,164,523160,5231.6,101.12547051060687,3.77388325413179e-18,0.00024396343038827128,0.00019215898427240997,
885146fca0,40000,165,526350,5263.5,101.12547051060687,9.004865633082639e-18,0.00024396343038827128,0.0001837164392485897,
885146fca0,40000,166,529540,5295.4,101.12547051060687,6.532129589946791e-18,0.00024396343038827128,0.00020229333329512526,
885146fca0,40000,167,532730,5327.3,101.12547051060687,6.8259793036706804e-18,0.00024396343038827128,0.0001935504175298972,
885146fca0,40000,168,535920,5359.2,101.12547051060687,1.4265144894260444e-17,0.00024396343038827128,0.0001934409714161757,
885146fca0,40000,169,539110,5391.1,101.12547051060687,4.539224849710306e-18,0.00024396343038827128,0.0001630288511205719,
885146fca0,40000,170,542300,5423.0,101.12547051060687,2.260337468144408e-18,0.00024396343038827128,0.00021358840980046902,
885146fca0,40000,171,545490,5454.9,101.12547051060687,4.397689263498025e-18,0.00024396343038827128,0.00015029715956109196,
885146fca0,40000,172,548680,5486.8,101.12547051060687,3.2099904717935144e-18,0.00024396343038827128,0.0001887089956490235,
885146fca0,40000,173,551870,5518.7,101.12547051060687,2.6366507242575117e-18,0.00024396343038827128,0.00019819229495357068,
885146fca0,40000,174,555060,5550.6,101.12547051060687,1.938243603700768e-18,0.00024396343038827128,0.00019317729211598003,
885146fca0,40000,175,558250,5582.5,101.12547051060687,3.842314426938547e-18,0.00024396343038827128,0.00019645674654060903,
885146fca0,40000,176,561440,5614.4,101.12547051060687,3.905096900037297e-18,0.00024396343038827128,0.0001677273933792606,
885146fca0,40000,177,564630,5646.3,101.12547051060687,8.459655402482222e-18,0.00024396343038827128,0.00018310810161952757,
885146fca0,40000,178,567820,5678.2,101.12547051060687,4.266732563140919e-18,0.00024396343038827128,0.00019094172609228238,
885146fca0,40000,179,571010,5710.1,101.12547051060687,5.0156055284515575e-18,0.00024396343038827128,0.00019924716973312035,
885146fca0,40000,180,574200,5742.0,101.12547051060687,3.1110476691992212e-18,0.00024396343038827128,0.00019658352041663157,
885146fca0,40000,181,577390,5773.9,101.12547051060687,3.529012384919301e-18,0.00024396343038827128,0.00019834062341573622,
885146fca0,40000,182,580580,5805.8,101.12547051060687,2.2531008013730546e-18,0.00024396343038827128,0.0001701781721932414,
885146fca0,40000,183,583770,5837.7,101.12547051060687,2.8396376381463063e-18,0.00024396343038827128,0.00016920262786909143,
885146fca0,40000,184,586960,5869.6,101.12547051060687,2.2414789715668555e-18,0.00024396343038827128,0.00018255194458606102,
885146fca0,40000,185,590150,5901.5,101.12547051060687,2.4344528925866972e-18,0.00024396343038827128,0.00018953003135099662,
885146fca0,40000,186,593340,5933.4,101.12547051060687,3.806644064521727e-18,0.00024396343038827128,0.00019354803440190053,
885146fca0,40000,187,596530,5965.3,101.12547051060687,2.2362786932592636e-18,0.00024396343038827128,0.00018631787539960233,
885146fca0,40000,188,599720,5997.2,101.12547051060687,3.469521603089403e-18,0.00024396343038827128,0.00018414366777156762,
885146fca0,40000,189,602910,6029.1,101.12547051060687,3.0941887389925714e-18,0.00024396343038827128,0.0001789032180408744,
885146fca0,40000,190,606100,6061.0,101.12547051060687,2.6881144872977303e-18,0.00024396343038827128,0.00020046848001750226,
885146fca0,40000,191,609290,6092.9,101.12547051060687,2.4549232437680494e-18,0.00024396343038827128,0.00018216902258762164,
885146fca0,40000,192,612480,6124.8,101.12547051060687,2.4571798144710825e-18,0.00024396343038827128,0.00019052036922234398,
885146fca0,40000,193,615670,6156.7,101.12547051060687,1.7826702709506798e-17,0.00024396343038827128,0.0001726880437273305,
885146fca0,40000,194,618860,6188.6,101.12547051060687,7.066251657448625e-18,0.00024396343038827128,0.00019443153471356364,
885146fca0,40000,195,622050,6220.5,101.12547051060687,2.1608565491211867e-18,0.00024396343038827128,0.0001685056987580553,
885146fca0,40000,196,625240,6252.4,101.12547051060687,7.341529219693213e-18,0.00024396343038827128,0.00018786891639825402,
885146fca0,40000,197,628430,6284.3,101.12547051060687,3.628127817435697e-18,0.00024396343038827128,0.0001935344283678789,
885146fca0,40000,198,631620,6316.2,101.12547051060687,4.519997362545039e-18,0.00024396343038827128,0.00016579981005116834,
885146fca0,40000,199,634810,6348.1,101.12547051060687,3.866947295790557e-18,0.00024396343038827128,0.000208405729903907,
885146fca0,40000,200,638000,6380.0,101.12547051060687,7.092997852343748e-18,0.00024396343038827128,0.00018896283665531012,
885146fca0,40000,201,641190,6411.9,101.12547051060687,1.3017814994514961e-17,0.00024396343038827128,0.00017888580235408396,
885146fca0,40000,202,644380,6443.8,101.12547051060687,2.351870103105647e-18,0.00024396343038827128,0.00020588505754310664,
885146fca0,40000,203,647570,6475.7,101.12547051060687,2.3847491869528532e-18,0.00024396343038827128,0.00019631047581946062,
885146fca0,40000,204,650760,6507.6,101.12547051060687,8.64409639370589e-18,0.00024396343038827128,0.000179253983027155,
885146fca0,40000,205,653950,6539.5,101.12547051060687,8.980248457425426e-18,0.00024396343038827128,0.0001772291125802048,
885146fca0,40000,206,657140,6571.4,101.12547051060687,7.2298041817793e-18,0.00024396343038827128,0.00019341432041889445,
885146fca0,40000,207,660330,6603.3,101.12547051060687,7.374640280486773e-18,0.00024396343038827128,0.00016508183093797595,
885146fca0,40000,208,663520,6635.2,101.12547051060687,1.9568049332710905e-18,0.00024396343038827128,0.00018647945868436447,
885146fca0,40000,209,666710,6667.1,101.12547051060687,3.413730689582129e-18,0.00024396343038827128,0.00019612012755808184,
885146fca0,40000,210,669900,6699.0,101.12547051060687,4.135619863269068e-18,0.00024396343038827128,0.00018534394617042706,
885146fca0,40000,211,673090,6730.9,101.12547051060687,7.516177068815101e-18,0.00024396343038827128,0.0001925535720322697,
885146fca0,40000,212,676280,6762.8,101.12547051060687,3.302550430872489e-18,0.00024396343038827128,0.00018232810576750526,
885146fca0,40000,213,679470,6794.7,101.12547051060687,3.0904883221060727e-18,0.00024396343038827128,0.000183165718026899,
885146fca0,40000,214,682660,6826.6,101.12547051060687,4.7607061070024396e-18,0.00024396343038827128,0.00019632741659928845,
885146fca0,40000,215,685850,6858.5,101.12547051060687,3.509475561748922e-18,0.00024396343038827128,0.00018276015922471077,
885146fca0,40000,216,689040,6890.4,101.12547051060687,2.186604656623192e-18,0.00024396343038827128,0.0001886755077855053,
885146fca0,40000,217,692230,6922.3,101.12547051060687,5.0840629833686945e-18,0.00024396343038827128,0.00019964484007415132,
885146fca0,40000,218,695420,6954.2,101.12547051060687,4.719432680467081e-18,0.00024396343038827128,0.00018821509447574273,
885146fca0,40000,219,698610,6986.1,101.12547051060687,3.3461163369151234e-18,0.00024396343038827128,0.0001928112003974558,
885146fca0,40000,220,701800,7018.0,101.12547051060687,2.396051457743627e-18,0.00024396343038827128,0.00019797019277996666,
885146fca0,40000,221,704990,7049.9,101.12547051060687,1.9354547299167056e-18,0.00024396343038827128,0.00017960575488798906,
885146fca0,40000,222,708180,7081.8,101.12547051060687,2.8738533083613537e-18,0.00024396343038827128,0.00017065353185981112,
885146fca0,40000,223,711370,7113.7,101.12547051060687,3.949825244263706e-18,0.00024396343038827128,0.00019709632184684576,
885146fca0,40000,224,714560,7145.6,101.12547051060687,4.061021422393261e-18,0.00024396343038827128,0.00018502950483751713,
885146fca0,40000,225,717750,7177.5,101.12547051060687,4.166663828041107e-18,0.00024396343038827128,0.00019486160728854676,
885146fca0,40000,226,720940,7209.4,101.12547051060687,4.482942671574301e-18,0.00024396343038827128,0.00018683476191297638,
885146fca0,40000,227,724130,7241.3,101.12547051060687,4.4622407742709695e-18,0.00024396343038827128,0.00019260200658990906,
885146fca0,40000,228,727320,7273.2,101.12547051060687,4.522573181935185e-18,0.00024396343038827128,0.00018500390036590303,
885146fca0,40000,229,730510,7305.1,101.12547051060687,3.957647609576853e-18,0.00024396343038827128,0.00020461670167142842,
885146fca0,40000,230,733700,7337.0,101.12547051060687,3.689752970743338e-18,0.00024396343038827128,0.00018858417902754411,
885146fca0,40000,231,736890,7368.9,101.12547051060687,4.096879051305359e-18,0.00024396343038827128,0.00018534638480703812,
885146fca0,40000,232,740080,7400.8,101.12547051060687,3.696834785370864e-18,0.00024396343038827128,0.00020172614403460128,
885146fca0,40000,233,743270,7432.7,101.12547051060687,3.1906463199191363e-18,0.00024396343038827128,0.00018429877072294827,
885146fca0,40000,234,746460,7464.6,101.12547051060687,6.195103208766706e-18,0.00024396343038827128,0.0001865466629499548,
885146fca0,40000,235,749650,7496.5,101.12547051060687,2.4356079185598416e-18,0.00024396343038827128,0.00019091338122842604,
885146fca0,40000,236,752840,7528.4,101.12547051060687,3.0513675859220618e-18,0.00024396343038827128,0.00020780848328712744,
885146fca0,40000,237,756030,7560.3,101.12547051060687,2.8787490620052193e-18,0.00024396343038827128,0.000198477703785888,
885146fca0,40000,238,759220,7592.2,101.12547051060687,4.479043947779408e-18,0.00024396343038827128,0.00019238322636903378,
885146fca0,40000,239,762410,7624.1,101.12547051060687,4.539388919006767e-18,0.00024396343038827128,0.00018538111321507878,
885146fca0,40000,240,765600,7656.0,101.12547051060687,4.55465084224909e-18,0.00024396343038827128,0.0001859334620264132,
885146fca0,40000,241,768790,7687.9,101.12547051060687,2.1857823977577904e-18,0.00024396343038827128,0.00018948442473984956,
885146fca0,40000,242,771980,7719.8,101.12547051060687,3.1649878622955285e-18,0.00024396343038827128,0.00017827359647991394,
885146fca0,40000,243,775170,7751.7,101.12547051060687,2.762310655362864e-18,0.00024396343038827128,0.00020326910667665761,
885146fca0,40000,244,778360,7783.6,101.12547051060687,1.03921902545036e-17,0.00024396343038827128,0.00019257828920659313,
885146fca0,40000,245,781550,7815.5,101.12547051060687,1.4214388683077182e-17,0.00024396343038827128,0.00018885264164952354,
885146fca0,40000,246,784740,7847.4,101.12547051060687,8.867470344761535e-18,0.00024396343038827128,0.00019354581050473873,
885146fca0,40000,247,787930,7879.3,101.12547051060687,4.719940371759013e-18,0.00024396343038827128,0.00019783614818111496,
885146fca0,40000,248,791120,7911.2,101.12547051060687,7.096288512514292e-18,0.00024396343038827128,0.00018455529385900767,
885146fca0,40000,249,794310,7943.1,101.12547051060687,1.1083437227448904e-17,0.00024396343038827128,0.0001752693312149831,
885146fca0,40000,250,797500,7975.0,101.12547051060687,6.940726319359377e-18,0.00024396343038827128,0.00018612285200901265,
885146fca0,40000,251,800690,8006.9,101.12547051060687,3.096877716333708e-18,0.00024396343038827128,0.00019267557241745245,
885146fca0,40000,252,803880,8038.8,101.12547051060687,4.4286592325240435e-18,0.00024396343038827128,0.00019164513713142262,
885146fca0,40000,253,807070,8070.7,101.12547051060687,3.717997981971058e-18,0.00024396343038827128,0.00016591951334872103,
885146fca0,40000,254,810260,8102.6,101.12547051060687,4.612946556312318e-18,0.00024396343038827128,0.0001682335851465252,
885146fca0,40000,255,813450,8134.5,101.12547051060687,8.420714128644724e-18,0.00024396343038827128,0.00017460855630230582,
885146fca0,40000,256,816640,8166.4,101.12547051060687,4.4206416546799764e-18,0.00024396343038827128,0.0001771322087882326,
885146fca0,40000,257,819830,8198.3,101.12547051060687,4.067311347928684e-18,0.00024396343038827128,0.0001737936683452676,
885146fca0,40000,258,823020,8230.2,101.12547051060687,2.746280539990103e-18,0.00024396343038827128,0.00019312174842855756,
885146fca0,40000,259,826210,8262.1,101.12547051060687,4.123890996845647e-18,0.00024396343038827128,0.00017549239589197702,
885146fca0,40000,260,829400,8294.0,101.12547051060687,3.3814715254021483e-18,0.00024396343038827128,0.00019635047140120982,
885146fca0,40000,261,832590,8325.9,101.12547051060687,6.346872211562318e-18,0.00024396343038827128,0.00019708426082766273,
885146fca0,40000,262,835780,8357.8,101.12547051060687,4.53325656814339e-18,0.00024396343038827128,0.00019717409109684973,
885146fca0,40000,263,838970,8389.7,101.12547051060687,2.4104180528017356e-18,0.00024396343038827128,0.0001953399286813477,
885146fca0,40000,264,842160,8421.6,101.12547051060687,1.4534603279440257e-17,0.00024396343038827128,0.00019980321521239017,
885146fca0,40000,265,845350,8453.5,101.12547051060687,9.349554587427956e-18,0.00024396343038827128,0.00019380772897850811,
885146fca0,40000,266,848540,8485.4,101.12547051060687,4.413790821166412e-18,0.00024396343038827128,0.00018154772839152342,
885146fca0,40000,267,851730,8517.3,101.12547051060687,4.215293357870268e-18,0.00024396343038827128,0.00020515267838600235,
885146fca0,40000,268,854920,8549.2,101.12547051060687,4.106444667142211e-18,0.00024396343038827128,0.00018727384816975002,
885146fca0,40000,269,858110,8581.1,101.12547051060687,2.7692087178498003e-18,0.00024396343038827128,0.0001560343707321841,
885146fca0,40000,270,861300,8613.0,101.12547051060687,5.228985291240222e-18,0.00024396343038827128,0.00018925563460230106,
885146fca0,40000,271,864490,8644.9,101.12547051060687,8.80938048733243e-18,0.00024396343038827128,0.0001865119885144774,
885146fca0,40000,272,867680,8676.8,101.12547051060687,4.562288612618309e-18,0.00024396343038827128,0.0001914991672596918,
885146fca0,40000,273,870870,8708.7,101.12547051060687,4.413269041325021e-18,0.00024396343038827128,0.0001820900379050482,
885146fca0,40000,274,874060,8740.6,101.12547051060687,4.573065276323574e-18,0.00024396343038827128,0.00020764475438713882,
885146fca0,40000,275,877250,8772.5,101.12547051060687,5.7630594922500274e-18,0.00024396343038827128,0.0001975794935518444,
885146fca0,40000,276,880440,8804.4,101.12547051060687,7.216949350523838e-18,0.00024396343038827128,0.00020922618373801872,
885146fca0,40000,277,883630,8836.3,101.12547051060687,1.6712978515006433e-17,0.00024396343038827128,0.0001901766292131931,
885146fca0,40000,278,886820,8868.2,101.12547051060687,3.6450392515788866e-18,0.00024396343038827128,0.00018659143141118892,
885146fca0,40000,279,890010,8900.1,101.12547051060687,3.4132659957519827e-18,0.00024396343038827128,0.00019609611246727677,
885146fca0,40000,280,893200,8932.0,101.12547051060687,3.938893925924228e-18,0.00024396343038827128,0.00018086973778604654,
885146fca0,40000,281,896390,8963.9,101.12547051060687,3.8078953608760496e-18,0.00024396343038827128,0.00018641552645656128,
885146fca0,40000,282,899580,8995.8,101.12547051060687,3.852114187626954e-18,0.00024396343038827128,0.0001874132626072767,
885146fca0,40000,283,902770,9027.7,101.12547051060687,4.409597227500448e-18,0.00024396343038827128,0.00017743982810493783,
885146fca0,40000,284,905960,9059.6,101.12547051060687,1.3694902569776863e-17,0.00024396343038827128,0.00018145859811158254,
885146fca0,40000,285,909150,9091.5,101.12547051060687,3.982011707994183e-18,0.00024396343038827128,0.0001929392249968702,
885146fca0,40000,286,912340,9123.4,101.12547051060687,4.454764821217601e-18,0.00024396343038827128,0.00020059689112171604,
885146fca0,40000,287,915530,9155.3,101.12547051060687,2.1973727162385746e-18,0.00024396343038827128,0.00019169906199847413,
885146fca0,40000,288,918720,9187.2,101.12547051060687,8.8370005368293e-18,0.00024396343038827128,0.00019642523109646666,
885146fca0,40000,289,921910,9219.1,101.12547051060687,1.1481066767270862e-17,0.00024396343038827128,0.00019792377525701762,
885146fca0,40000,290,925100,9251.0,101.12547051060687,1.915812222177753e-17,0.00024396343038827128,0.00019745128772186079,
885146fca0,40000,291,928290,9282.9,101.12547051060687,3.733325720806589e-18,0.00024396343038827128,0.00019618270587739005,
885146fca0,40000,292,931480,9314.8,101.12547051060687,5.589210911340037e-18,0.00024396343038827128,0.0001924789086141167,
885146fca0,40000,293,934670,9346.7,101.12547051060687,5.65714821629824e-18,0.00024396343038827128,0.00018428512139582144,
885146fca0,40000,294,937860,9378.6,101.12547051060687,3.967209960318091e-18,0.00024396343038827128,0.00019046068992797412,
885146fca0,40000,295,941050,9410.5,101.12547051060687,4.4655053323928846e-18,0.00024396343038827128,0.00018064490188731503,
885146fca0,40000,296,944240,9442.4,101.12547051060687,6.612390767150067e-18,0.00024396343038827128,0.00020409076512315156,
885146fca0,40000,297,947430,9474.3,101.12547051060687,9.293350136655384e-18,0.00024396343038827128,0.00020196885803983175,
885146fca0,40000,298,950620,9506.2,101.12547051060687,4.12220866669709e-18,0.00024396343038827128,0.00016732607914445233,
885146fca0,40000,299,953810,9538.1,101.12547051060687,3.856840309996164e-18,0.00024396343038827128,0.00020035755127656443,
885146fca0,40000,300,957000,9570.0,101.12547051060687,4.055204438583235e-18,0.00024396343038827128,0.0002043204114269543,
885146fca0,40000,301,960190,9601.9,101.12547051060687,1.3598916303612896e-17,0.00024396343038827128,0.00019912179147285573,
885146fca0,40000,302,963380,9633.8,101.12547051060687,6.46979286065756e-18,0.00024396343038827128,0.00017696171851362412,
885146fca0,40000,303,966570,9665.7,101.12547051060687,5.9444988464747024e-18,0.00024396343038827128,0.00019690633564300983,
885146fca0,40000,304,969760,9697.6,101.12547051060687,3.535508105459304e-18,0.00024396343038827128,0.00018137220276567535,
885146fca0,40000,305,972950,9729.5,101.12547051060687,5.7033180165419756e-18,0.00024396343038827128,0.00017910084470330976,
885146fca0,40000,306,976140,9761.4,101.12547051060687,3.845457941167798e-18,0.00024396343038827128,0.0001872967432060473,
885146fca0,40000,307,979330,9793.3,101.12547051060687,6.2804000283731e-18,0.00024396343038827128,0.0001931574110109953,
885146fca0,40000,308,982520,9825.2,101.12547051060687,5.2609383737832165e-18,0.00024396343038827128,0.00019295150979282608,
885146fca0,40000,309,985710,9857.1,101.12547051060687,5.141727630345599e-18,0.00024396343038827128,0.0002085045302899121,
885146fca0,40000,310,988900,9889.0,101.12547051060687,2.686061578498451e-18,0.00024396343038827128,0.00020055051351100233,
885146fca0,40000,311,992090,9920.9,101.12547051060687,4.436053137784081e-18,0.00024396343038827128,0.00016409996443261476,
885146fca0,40000,312,995280,9952.8,101.12547051060687,2.1939244871239214e-18,0.00024396343038827128,0.00019575630880865812,
885146fca0,40000,313,998470,9984.7,101.12547051060687,1.795538513389516e-17,0.00024396343038827128,0.00019602534354007972,
885146fca0,40000,314,1001660,10016.6,101.12547051060687,9.208571020661491e-18,0.00024396343038827128,0.0001920253245305798,
885146fca0,40000,315,1004850,10048.5,101.12547051060687,4.678522150937995e-18,0.00024396343038827128,0.00020041563377819544,
885146fca0,40000,316,1008040,10080.4,101.12547051060687,8.105144809068807e-18,0.00024396343038827128,0.00020248544129299146,
885146fca0,40000,317,1011230,10112.3,101.12547051060687,9.248371347712837e-18,0.00024396343038827128,0.00018726130368399587,
885146fca0,40000,318,1014420,10144.2,101.12547051060687,3.5175916452854774e-18,0.00024396343038827128,0.00017763320203736087,
885146fca0,40000,319,1017610,10176.1,101.12547051060687,1.8065155726768148e-17,0.00024396343038827128,0.0001952298119042804,
885146fca0,40000,320,1020800,10208.0,101.12547051060687,4.658619950799423e-18,0.00024396343038827128,0.00019071850775165695,
885146fca0,40000,321,1023990,10239.9,101.12547051060687,3.534166166393302e-18,0.00024396343038827128,0.00017872933901728801,
885146fca0,40000,322,1027180,10271.8,101.12547051060687,7.143663153367623e-18,0.00024396343038827128,0.00018668815959650253,
885146fca0,40000,323,1030370,10303.7,101.12547051060687,4.740563836410041e-18,0.00024396343038827128,0.00019256278344326804,
885146fca0,40000,324,1033560,10335.6,101.12547051060687,3.849154881886559e-18,0.00024396343038827128,0.0001831084820089075,
885146fca0,40000,325,1036750,10367.5,101.12547051060687,5.0823031355580694e-18,0.00024396343038827128,0.000197611235812751,
885146fca0,40000,326,1039940,10399.4,101.12547051060687,6.404435981236229e-18,0.00024396343038827128,0.0002062155627798698,
885146fca0,40000,327,1043130,10431.3,101.12547051060687,4.701500290642998e-18,0.00024396343038827128,0.00017924816836798512,
885146fca0,40000,328,1046320,10463.2,101.12547051060687,4.265270719767537e-18,0.00024396343038827128,0.00020063567974928323,
885146fca0,40000,329,1049510,10495.1,101.12547051060687,2.705133596225489e-18,0.00024396343038827128,0.00018250336961020977,
885146fca0,40000,330,1052700,10527.0,101.12547051060687,4.287071500961373e-18,0.00024396343038827128,0.00019052811155713249,
885146fca0,40000,331,1055890,10558.9,101.12547051060687,1.1333282024914556e-17,0.00024396343038827128,0.00018170996615668239,
885146fca0,40000,332,1059080,10590.8,101.12547051060687,3.398317745154709e-18,0.00024396343038827128,0.00019893479438475023,
885146fca0,40000,333,1062270,10622.7,101.12547051060687,9.142469175373975e-18,0.00024396343038827128,0.0002021611357315105,
885146fca0,40000,334,1065460,10654.6,101.12547051060687,2.2699419505976983e-18,0.00024396343038827128,0.0001946806137100096,
885146fca0,40000,335,1068650,10686.5,101.12547051060687,4.159650373306406e-18,0.00024396343038827128,0.00019902204088354913,
885146fca0,40000,336,1071840,10718.4,101.12547051060687,4.224587516398542e-18,0.00024396343038827128,0.00019322840031074325,
885146fca0,40000,337,1075030,10750.3,101.12547051060687,3.603330556974906e-18,0.00024396343038827128,0.00018214432602614846,
885146fca0,40000,338,1078220,10782.2,101.12547051060687,6.2870173054525584e-18,0.00024396343038827128,0.00018978908635448278,
885146fca0,40000,339,1081410,10814.1,101.12547051060687,1.0909718103633716e-17,0.00024396343038827128,0.00018871037572111362,
885146fca0,40000,340,1084600,10846.0,101.12547051060687,3.326049460599952e-18,0.00024396343038827128,0.00020129063194529673,
885146fca0,40000,341,1087790,10877.9,101.12547051060687,6.59451655871349e-18,0.00024396343038827128,0.00019478841091204063,
885146fca0,40000,342,1090980,10909.8,101.12547051060687,1.0224294795680002e-17,0.00024396343038827128,0.00019277342212677064,
885146fca0,40000,343,1094170,10941.7,101.12547051060687,8.32985844057989e-18,0.00024396343038827128,0.00017799154667116578,
885146fca0,40000,344,1097360,10973.6,101.12547051060687,4.4837678944191925e-18,0.00024396343038827128,0.00020305606391315603,
885146fca0,40000,345,1100550,11005.5,101.12547051060687,4.15645008726544e-18,0.00024396343038827128,0.00020589650443628702,
885146fca0,40000,346,1103740,11037.4,101.12547051060687,4.323349634885215e-18,0.00024396343038827128,0.00019070352119319043,
885146fca0,40000,347,1106930,11069.3,101.12547051060687,5.066571367893685e-18,0.00024396343038827128,0.00019726278693392847,
885146fca0,40000,348,1110120,11101.2,101.12547051060687,4.738801143164563e-18,0.00024396343038827128,0.00018682870088084118,
885146fca0,40000,349,1113310,11133.1,101.12547051060687,3.4810134967368534e-17,0.00024396343038827128,0.00018114469484801167,
885146fca0,40000,350,1116500,11165.0,101.12547051060687,4.001023382620612e-18,0.00024396343038827128,0.0001942478615034567,
885146fca0,40000,351,1119690,11196.9,101.12547051060687,7.930946291144687e-18,0.00024396343038827128,0.00017204257793698962,
885146fca0,40000,352,1122880,11228.8,101.12547051060687,6.6019947185073005e-18,0.00024396343038827128,0.00018751070135424508,
885146fca0,40000,353,1126070,11260.7,101.12547051060687,6.879339953857082e-18,0.00024396343038827128,0.00017537032905512535,
885146fca0,40000,354,1129260,11292.6,101.12547051060687,8.883166432535609e-18,0.00024396343038827128,0.00018385311525938812,
885146fca0,40000,355,1132450,11324.5,101.12547051060687,1.025363387739355e-17,0.00024396343038827128,0.00020254135970465068,
885146fca0,40000,356,1135640,11356.4,101.12547051060687,4.141423464686872e-18,0.00024396343038827128,0.00018061611152906748,
885146fca0,40000,357,1138830,11388.3,101.12547051060687,4.5234896213215544e-18,0.00024396343038827128,0.00020500068264626872,
885146fca0,40000,358,1142020,11420.2,101.12547051060687,8.81955680762927e-18,0.00024396343038827128,0.00019196672850965813,
885146fca0,40000,359,1145210,11452.1,101.12547051060687,5.17086823365263e-18,0.00024396343038827128,0.00019281062394523214,
885146fca0,40000,360,1148400,11484.0,101.12547051060687,5.922064784042942e-18,0.00024396343038827128,0.00020222039509178047,
885146fca0,40000,361,1151590,11515.9,101.12547051060687,2.2516157848267472e-18,0.00024396343038827128,0.00018505598610164635,
885146fca0,40000,362,1154780,11547.8,101.12547051060687,2.3307218935623545e-18,0.00024396343038827128,0.00018857646259605261,
885146fca0,40000,363,1157970,11579.7,101.12547051060687,1.700326874558347e-17,0.00024396343038827128,0.00019386654442539079,
885146fca0,40000,364,1161160,11611.6,101.12547051060687,1.0460198723198235e-17,0.00024396343038827128,0.00018423445103185883,
885146fca0,40000,365,1164350,11643.5,101.12547051060687,1.3017583280812298e-17,0.00024396343038827128,0.00019579260763457314,
885146fca0,40000,366,1167540,11675.4,101.12547051060687,4.2937058952715256e-18,0.00024396343038827128,0.00017857090567650893,
885146fca0,40000,367,1170730,11707.3,101.12547051060687,5.91266681964532e-18,0.00024396343038827128,0.00019710961834812498,
885146fca0,40000,368,1173920,11739.2,101.12547051060687,5.597804515346914e-18,0.00024396343038827128,0.00018902801473916138,
885146fca0,40000,369,1177110,11771.1,101.12547051060687,8.967367012280372e-18,0.00024396343038827128,0.00019031355880414099,
885146fca0,40000,370,1180300,11803.0,101.12547051060687,4.4616957207853215e-18,0.00024396343038827128,0.00020308100210336908,
885146fca0,40000,371,1183490,11834.9,101.12547051060687,2.880618584528216e-18,0.00024396343038827128,0.00019969647406234848,
885146fca0,40000,372,1186680,11866.8,101.12547051060687,2.2244820549473536e-18,0.00024396343038827128,0.00020063043929202434,
885146fca0,40000,373,1189870,11898.7,101.12547051060687,2.2509528903350345e-18,0.00024396343038827128,0.0001924940447376338,
885146fca0,40000,374,1193060,11930.6,101.12547051060687,1.7131043230667173e-17,0.00024396343038827128,0.00018620215393506546,
885146fca0,40000,375,1196250,11962.5,101.12547051060687,9.917943091089525e-18,0.00024396343038827128,0.0001996644220002485,
885146fca0,40000,376,1199440,11994.4,101.12547051060687,3.935666064910455e-18,0.00024396343038827128,0.0001960268891159187,
885146fca0,40000,377,1202630,12026.3,101.12547051060687,6.319513276546646e-18,0.00024396343038827128,0.00017927478619321786,
885146fca0,40000,378,1205820,12058.2,101.12547051060687,2.8352903054200366e-18,0.00024396343038827128,0.00019012140054423061,
885146fca0,40000,379,1209010,12090.1,101.12547051060687,4.437287391558536e-18,0.00024396343038827128,0.0001757572906742059,
885146fca0,40000,380,1212200,12122.0,101.12547051060687,3.738017876192497e-18,0.00024396343038827128,0.00021369718136546052,
885146fca0,40000,381,1215390,12153.9,101.12547051060687,2.539498780968288e-18,0.00024396343038827128,0.00019178051526310587,
885146fca0,40000,382,1218580,12185.8,101.12547051060687,9.084307962837586e-18,0.00024396343038827128,0.00018780182598558258,
885146fca0,40000,383,1221770,12217.7,101.12547051060687,1.1163944254156679e-17,0.00024396343038827128,0.00018292794551938958,
885146fca0,40000,384,1224960,12249.6,101.12547051060687,4.045511417570365e-18,0.00024396343038827128,0.0001567581566617734,
885146fca0,40000,385,1228150,12281.5,101.12547051060687,3.0667186334977884e-18,0.00024396343038827128,0.0001655406104806203,
885146fca0,40000,386,1231340,12313.4,101.12547051060687,1.7180983802270622e-18,0.00024396343038827128,0.00018747572703483657,
885146fca0,40000,387,1234530,12345.3,101.12547051060687,6.037855192902118e-18,0.00024396343038827128,0.00017952813224375727,
885146fca0,40000,388,1237720,12377.2,101.12547051060687,1.6636949824806483e-18,0.00024396343038827128,0.0001891740405503426,
885146fca0,40000,389,1240910,12409.1,101.12547051060687,5.525152062374318e-18,0.00024396343038827128,0.00019884057120277666,
885146fca0,40000,390,1244100,12441.0,101.12547051060687,2.0819912557693148e-18,0.00024396343038827128,0.00019080029062188978,
885146fca0,40000,391,1247290,12472.9,101.12547051060687,3.053421449993101e-18,0.00024396343038827128,0.00018307683080720695,
885146fca0,40000,392,1250480,12504.8,101.12547051060687,4.335019176330036e-18,0.00024396343038827128,0.00019105957375663383,
885146fca0,40000,393,1253670,12536.7,101.12547051060687,2.3985006823306584e-18,0.00024396343038827128,0.00018928222776218382,
885146fca0,40000,394,1256860,12568.6,101.12547051060687,1.402632499269616e-17,0.00024396343038827128,0.00019048994993072505,
885146fca0,40000,395,1260050,12600.5,101.12547051060687,7.166183845174866e-18,0.00024396343038827128,0.00017651926179842214,
885146fca0,40000,396,1263240,12632.4,101.12547051060687,1.3502035563718289e-18,0.00024396343038827128,0.00018631288391376995,
885146fca0,40000,397,1266430,12664.3,101.12547051060687,2.372985727771012e-18,0.00024396343038827128,0.0002067146483925578,
885146fca0,40000,398,1269620,12696.2,101.12547051060687,9.302293527761082e-18,0.00024396343038827128,0.0001743648643257312,
885146fca0,40000,399,1272810,12728.1,101.12547051060687,4.628703228575844e-18,0.00024396343038827128,0.00019753272044980218,
885146fca0,40000,400,1276000,12760.0,101.12547051060687,5.244743055358003e-18,0.00024396343038827128,0.00019440502008971842,
885146fca0,40000,401,1279190,12791.9,101.12547051060687,4.6283568923363355e-18,0.00024396343038827128,0.00018623705284111266,
885146fca0,40000,402,1282380,12823.8,101.12547051060687,4.543396303735471e-18,0.00024396343038827128,0.00018095229996904698,
885146fca0,40000,403,1285570,12855.7,101.12547051060687,2.80028732499296e-18,0.00024396343038827128,0.0002064510651407443,
885146fca0,40000,404,1288760,12887.6,101.12547051060687,2.6041936474861514e-18,0.00024396343038827128,0.00019454643848007043,
885146fca0,40000,405,1291950,12919.5,101.12547051060687,2.240460001727787e-18,0.00024396343038827128,0.0001996209174868662,
885146fca0,40000,406,1295140,12951.4,101.12547051060687,2.318906079279682e-18,0.00024396343038827128,0.00021327376706425103,
885146fca0,40000,407,1298330,12983.3,101.12547051060687,2.319542045999174e-18,0.00024396343038827128,0.00017762777822801653,
885146fca0,40000,408,1301520,13015.2,101.12547051060687,2.232246076511324e-18,0.00024396343038827128,0.00018759459274059038,
885146fca0,40000,409,1304710,13047.1,101.12547051060687,2.640542856696315e-18,0.00024396343038827128,0.00016543253776227774,
885146fca0,40000,410,1307900,13079.0,101.12547051060687,2.161265762189349e-17,0.00024396343038827128,0.00018349177142715838,
885146fca0,40000,411,1311090,13110.9,101.12547051060687,6.124046927352772e-18,0.00024396343038827128,0.00020437419190245143,
885146fca0,40000,412,1314280,13142.8,101.12547051060687,4.2527177346459926e-18,0.00024396343038827128,0.00017220734173657351,
885146fca0,40000,413,1317470,13174.7,101.12547051060687,1.1814330431309e-17,0.00024396343038827128,0.00016892939448869457,
885146fca0,40000,414,1320660,13206.6,101.12547051060687,2.2834081023880627e-18,0.00024396343038827128,0.00019779100793008777,
885146fca0,40000,415,1323850,13238.5,101.12547051060687,2.2192441401983675e-18,0.00024396343038827128,0.0001957474310179952,
885146fca0,40000,416,1327040,13270.4,101.12547051060687,1.6510032170819737e-18,0.00024396343038827128,0.00017448004547578538,
885146fca0,40000,417,1330230,13302.3,101.12547051060687,2.6094688862630554e-18,0.00024396343038827128,0.00017810451885763064,
885146fca0,40000,418,1333420,13334.2,101.12547051060687,6.401367575015723e-18,0.00024396343038827128,0.00018948931693335002,
885146fca0,40000,419,1336610,13366.1,101.12547051060687,4.4283012401159715e-18,0.00024396343038827128,0.00019629779826862683,
885146fca0,40000,420,1339800,13398.0,101.12547051060687,2.7739329545463404e-18,0.00024396343038827128,0.00019556309607640868,
885146fca0,40000,421,1342990,13429.9,101.12547051060687,3.2160359170655876e-18,0.00024396343038827128,0.0001834367669358304,
885146fca0,40000,422,1346180,13461.8,101.12547051060687,4.4248341848306156e-18,0.00024396343038827128,0.00019851321218385066,
885146fca0,40000,423,1349370,13493.7,101.12547051060687,1.1927045080705517e-17,0.00024396343038827128,0.00019618420624219592,
885146fca0,40000,424,1352560,13525.6,101.12547051060687,5.2703056651729775e-18,0.00024396343038827128,0.00019260197187512861,
885146fca0,40000,425,1355750,13557.5,101.12547051060687,4.274560137212262e-18,0.00024396343038827128,0.0001793849468520343,
885146fca0,40000,426,1358940,13589.4,101.12547051060687,3.5401212838766125e-18,0.00024396343038827128,0.0001872634594972067,
885146fca0,40000,427,1362130,13621.3,101.12547051060687,2.2850535952034598e-18,0.00024396343038827128,0.00019562837867462556,
885146fca0,40000,428,1365320,13653.2,101.12547051060687,5.056395007420094e-18,0.00024396343038827128,0.00019536479826537926,
885146fca0,40000,429,1368510,13685.1,101.12547051060687,3.0107336075626253e-18,0.00024396343038827128,0.0001740377659352472,
885146fca0,40000,430,1371700,13717.0,101.12547051060687,2.00946671851245e-17,0.00024396343038827128,0.00020067471461370049,
885146fca0,40000,431,1374890,13748.9,101.12547051060687,7.214820949441536e-18,0.00024396343038827128,0.00016964113272767913,
885146fca0,40000,432,1378080,13780.8,101.12547051060687,5.410026611808918e-18,0.00024396343038827128,0.00020824147548259778,
885146fca0,40000,433,1381270,13812.7,101.12547051060687,8.670461939931925e-18,0.00024396343038827128,0.00019451380495225622,
885146fca0,40000,434,1384460,13844.6,101.12547051060687,3.8146404366544716e-18,0.00024396343038827128,0.0001932984364905577,
885146fca0,40000,435,1387650,13876.5,101.12547051060687,8.832359907102558e-18,0.00024396343038827128,0.00019269036835060693,
885146fca0,40000,436,1390840,13908.4,101.12547051060687,7.691362417130088e-18,0.00024396343038827128,0.0002006296406766371,
885146fca0,40000,437,1394030,13940.3,101.12547051060687,3.543299547428722e-18,0.00024396343038827128,0.00018240758736643277,
885146fca0,40000,438,1397220,13972.2,101.12547051060687,3.4133428210471937e-18,0.00024396343038827128,0.00018917637106305232,
885146fca0,40000,439,1400410,14004.1,101.12547051060687,2.250661423777965e-18,0.00024396343038827128,0.0001932958993812192,
885146fca0,40000,440,1403600,14036.0,101.12547051060687,2.242385827219462e-18,0.00024396343038827128,0.00018864720600538003,
885146fca0,40000,441,1406790,14067.9,101.12547051060687,5.9287471185900015e-18,0.00024396343038827128,0.00017804321893727615,
885146fca0,40000,442,1409980,14099.8,101.12547051060687,2.495910963844385e-18,0.00024396343038827128,0.000182556880318043,
885146fca0,40000,443,1413170,14131.7,101.12547051060687,5.22511248079277e-18,0.00024396343038827128,0.00019661876537047457,
885146fca0,40000,444,1416360,14163.6,101.12547051060687,4.176874657600591e-18,0.00024396343038827128,0.00018431271448763616,
885146fca0,40000,445,1419550,14195.5,101.12547051060687,8.071860267112474e-18,0.00024396343038827128,0.0001858537271843516,
885146fca0,40000,446,1422740,14227.4,101.12547051060687,2.8381631573629413e-18,0.00024396343038827128,0.00020613790251244621,
885146fca0,40000,447,1425930,14259.3,101.12547051060687,2.2261672289697228e-18,0.00024396343038827128,0.00020530336247710448,
885146fca0,40000,448,1429120,14291.2,101.12547051060687,3.286418959562487e-18,0.00024396343038827128,0.00019342641559904207,
885146fca0,40000,449,1432310,14323.1,101.12547051060687,6.876881633364847e-18,0.00024396343038827128,0.00019382472162895198,
885146fca0,40000,450,1435500,14355.0,101.12547051060687,2.593681676337963e-18,0.00024396343038827128,0.00020058038924216002,
885146fca0,40000,451,1438690,14386.9,101.12547051060687,3.885700184056682e-18,0.00024396343038827128,0.00016329389051294914,
885146fca0,40000,452,1441880,14418.8,101.12547051060687,3.693219903371424e-18,0.00024396343038827128,0.0001854123333653834,
885146fca0,40000,453,1445070,14450.7,101.12547051060687,3.8981973217295305e-18,0.00024396343038827128,0.00020298153183472993,
885146fca0,40000,454,1448260,14482.6,101.12547051060687,5.1852001000970195e-18,0.00024396343038827128,0.00019036090163990977,
885146fca0,40000,455,1451450,14514.5,101.12547051060687,3.926038888664008e-18,0.00024396343038827128,0.00016840963486883622,
885146fca0,40000,456,1454640,14546.4,101.12547051060687,4.861573601730928e-18,0.00024396343038827128,0.00015997440277832,
885146fca0,40000,457,1457830,14578.3,101.12547051060687,2.4107292510606603e-18,0.00024396343038827128,0.00017373761107285937,
885146fca0,40000,458,1461020,14610.2,101.12547051060687,3.816284860043616e-18,0.00024396343038827128,0.00019297004288383238,
885146fca0,40000,459,1464210,14642.1,101.12547051060687,3.4881971103287145e-18,0.00024396343038827128,0.00020892148160566105,
885146fca0,40000,460,1467400,14674.0,101.12547051060687,3.807675207093523e-18,0.00024396343038827128,0.00019018714693491934,
885146fca0,40000,461,1470590,14705.9,101.12547051060687,2.2617845816573308e-18,0.00024396343038827128,0.0001903440696576516,
885146fca0,40000,462,1473780,14737.8,101.12547051060687,5.380321941279634e-18,0.00024396343038827128,0.00019391807479164332,
885146fca0,40000,463,1476970,14769.7,101.12547051060687,4.549371689314688e-18,0.00024396343038827128,0.00019493605662034886,
885146fca0,40000,464,1480160,14801.6,101.12547051060687,6.619790903811699e-18,0.00024396343038827128,0.00019863197108815003,
885146fca0,40000,465,1483350,14833.5,101.12547051060687,5.214912873380679e-18,0.00024396343038827128,0.00018465104996791168,
885146fca0,40000,466,1486540,14865.4,101.12547051060687,5.719814063541052e-18,0.00024396343038827128,0.00018929743402160457,
885146fca0,40000,467,1489730,14897.3,101.12547051060687,5.438039757200835e-18,0.00024396343038827128,0.00019320691020810078,
885146fca0,40000,468,1492920,14929.2,101.12547051060687,1.9579328355966236e-18,0.00024396343038827128,0.00018736256703668133,
885146fca0,40000,469,1496110,14961.1,101.12547051060687,9.404627481069366e-18,0.00024396343038827128,0.00018361974240424243,
885146fca0,40000,470,1499300,14993.0,101.12547051060687,5.131490808701923e-18,0.00024396343038827128,0.00017401279403423282,
885146fca0,40000,471,1502490,15024.9,101.12547051060687,3.1615476292484217e-18,0.00024396343038827128,0.0001827339697157153,
885146fca0,40000,472,1505680,15056.8,101.12547051060687,3.4485306811507283e-18,0.00024396343038827128,0.00017096755671638765,
885146fca0,40000,473,1508870,15088.7,101.12547051060687,4.49778521307489e-18,0.00024396343038827128,0.0001711314606868052,
885146fca0,40000,474,1512060,15120.6,101.12547051060687,7.920041913893619e-18,0.00024396343038827128,0.00020098484465820704,
885146fca0,40000,475,1515250,15152.5,101.12547051060687,2.652539945671596e-18,0.00024396343038827128,0.0001753719236746454,
885146fca0,40000,476,1518440,15184.4,101.12547051060687,7.105458529480834e-18,0.00024396343038827128,0.0001834320854445958,
885146fca0,40000,477,1521630,15216.3,101.12547051060687,4.462754399037616e-18,0.00024396343038827128,0.00019612715285722426,
885146fca0,40000,478,1524820,15248.2,101.12547051060687,4.2587968937844836e-18,0.00024396343038827128,0.00018327692699553007,
885146fca0,40000,479,1528010,15280.1,101.12547051060687,9.680913482702597e-18,0.00024396343038827128,0.0001809893665697562,
885146fca0,40000,480,1531200,15312.0,101.12547051060687,4.900054645040169e-18,0.00024396343038827128,0.00020081121721303967,
885146fca0,40000,481,1534390,15343.9,101.12547051060687,3.499316337548072e-18,0.00024396343038827128,0.00017319474183833042,
885146fca0,40000,482,1537580,15375.8,101.12547051060687,4.0153429960033e-18,0.00024396343038827128,0.00019245971672921165,
885146fca0,40000,483,1540770,15407.7,101.12547051060687,3.512903421257915e-18,0.00024396343038827128,0.00020511265813009995,
885146fca0,40000,484,1543960,15439.6,101.12547051060687,3.925979408552901e-18,0.00024396343038827128,0.00017043033631905196,
885146fca0,40000,485,1547150,15471.5,101.12547051060687,1.4773786279373711e-18,0.00024396343038827128,0.0001980622658196951,
885146fca0,40000,486,1550340,15503.4,101.12547051060687,2.882188253320866e-18,0.00024396343038827128,0.0001997432824605248,
885146fca0,40000,487,1553530,15535.3,101.12547051060687,1.3591007247215245e-17,0.00024396343038827128,0.0001801479596709316,
885146fca0,40000,488,1556720,15567.2,101.12547051060687,5.00374061675869e-18,0.00024396343038827128,0.00019217250078601292,
885146fca0,40000,489,1559910,15599.1,101.12547051060687,3.9027916893748934e-18,0.00024396343038827128,0.00019441944433620337,
885146fca0,40000,490,1563100,15631.0,101.12547051060687,5.2092382992285614e-18,0.00024396343038827128,0.00018085738734966795,
885146fca0,40000,491,1566290,15662.9,101.12547051060687,4.524704384444086e-18,0.00024396343038827128,0.00020837475274603585,
885146fca0,40000,492,1569480,15694.8,101.12547051060687,5.8942822356563225e-18,0.00024396343038827128,0.00018995299180374272,
885146fca0,40000,493,1572670,15726.7,101.12547051060687,6.802137947309255e-18,0.00024396343038827128,0.00019644044968960644,
885146fca0,40000,494,1575860,15758.6,101.12547051060687,4.528343003114719e-18,0.00024396343038827128,0.00018716532066321716,
885146fca0,40000,495,1579050,15790.5,101.12547051060687,4.48614764837138e-18,0.00024396343038827128,0.0002046437356234413,
885146fca0,40000,496,1582240,15822.4,101.12547051060687,4.465626814003759e-18,0.00024396343038827128,0.00016957697736492877,
885146fca0,40000,497,1585430,15854.3,101.12547051060687,3.2140675650050635e-18,0.00024396343038827128,0.00018671143358194516,
885146fca0,40000,498,1588620,15886.2,101.12547051060687,4.4555332932880445e-18,0.00024396343038827128,0.0001717072489878193,
885146fca0,40000,499,1591810,15918.1,101.12547051060687,5.360798869629345e-18,0.00024396343038827128,0.00018679344168903196,
885146fca0,40000,500,1595000,15950.0,101.12547051060687,4.708061445126499e-18,0.00024396343038827128,0.0001870160338542855,
885146fca0,40000,501,1598190,15981.9,101.12547051060687,4.190077713161772e-18,0.00024396343038827128,0.00016722302333062523,
885146fca0,40000,502,1601380,16013.8,101.12547051060687,1.5240903314676714e-17,0.00024396343038827128,0.00020500155207272639,
885146fca0,40000,503,1604570,16045.7,101.12547051060687,6.121254686084599e-18,0.00024396343038827128,0.0001908009487324998,
885146fca0,40000,504,1607760,16077.6,101.12547051060687,3.8674214622585464e-18,0.00024396343038827128,0.000190422688842088,
885146fca0,40000,505,1610950,16109.5,101.12547051060687,2.291828256897643e-17,0.00024396343038827128,0.00019651172476115708,
885146fca0,40000,506,1614140,16141.4,101.12547051060687,5.831901113279367e-18,0.00024396343038827128,0.0001924297062755266,
885146fca0,40000,507,1617330,16173.3,101.12547051060687,3.763144839298948e-18,0.00024396343038827128,0.00019624975841497414,
885146fca0,40000,508,1620520,16205.2,101.12547051060687,6.7283536956016436e-18,0.00024396343038827128,0.00019028492088411433,
885146fca0,40000,509,1623710,16237.1,101.12547051060687,1.5900054288655602e-17,0.00024396343038827128,0.00018864782743710807,
885146fca0,40000,510,1626900,16269.0,101.12547051060687,4.558979972688717e-18,0.00024396343038827128,0.0001967809121697206,
885146fca0,40000,511,1630090,16300.9,101.12547051060687,3.2563176429786267e-18,0.00024396343038827128,0.00020187518650712882,
885146fca0,40000,512,1633280,16332.8,101.12547051060687,4.527215245008568e-18,0.00024396343038827128,0.00020001008341162145,
885146fca0,40000,513,1636470,16364.7,101.12547051060687,3.005695076658733e-18,0.00024396343038827128,0.00016907679246955373,
885146fca0,40000,514,1639660,16396.6,101.12547051060687,3.2511860200542867e-18,0.00024396343038827128,0.0001919359677927032,
885146fca0,40000,515,1642850,16428.5,101.12547051060687,8.016261486714503e-18,0.00024396343038827128,0.00019374156165144073,
885146fca0,40000,516,1646040,16460.4,101.12547051060687,3.866679556856612e-18,0.00024396343038827128,0.0001779854385230502,
885146fca0,40000,517,1649230,16492.3,101.12547051060687,1.594652471444014e-17,0.00024396343038827128,0.0001881707335947529,
885146fca0,40000,518,1652420,16524.2,101.12547051060687,3.750727976721779e-18,0.00024396343038827128,0.00018420276360568642,
885146fca0,40000,519,1655610,16556.1,101.12547051060687,6.334673975218692e-18,0.00024396343038827128,0.0001744341977641581,
885146fca0,40000,520,1658800,16588.0,101.12547051060687,1.3160506409117895e-17,0.00024396343038827128,0.00019039989234964744,
885146fca0,40000,521,1661990,16619.9,101.12547051060687,8.951045908165841e-18,0.00024396343038827128,0.00017021516371737615,
885146fca0,40000,522,1665180,16651.8,101.12547051060687,4.463468153716812e-18,0.00024396343038827128,0.00017399193867152077,
885146fca0,40000,523,1668370,16683.7,101.12547051060687,3.644003445564182e-18,0.00024396343038827128,0.00020128364102674808,
885146fca0,40000,524,1671560,16715.6,101.12547051060687,1.1691790866430068e-17,0.00024396343038827128,0.00019674637576729516,
885146fca0,40000,525,1674750,16747.5,101.12547051060687,4.079349879372348e-18,0.00024396343038827128,0.00019783649261539385,
885146fca0,40000,526,1677940,16779.4,101.12547051060687,4.743332748997778e-18,0.00024396343038827128,0.00019178431657433908,
885146fca0,40000,527,1681130,16811.3,101.12547051060687,4.740503743185534e-18,0.00024396343038827128,0.0001851561030779919,
885146fca0,40000,528,1684320,16843.2,101.12547051060687,2.7458114211146246e-18,0.00024396343038827128,0.00020939099787847047,
885146fca0,40000,529,1687510,16875.1,101.12547051060687,3.4416582085922265e-18,0.00024396343038827128,0.0002012143660486335,
885146fca0,40000,530,1690700,16907.0,101.12547051060687,5.0906977460437e-18,0.00024396343038827128,0.0001851042661367589,
885146fca0,40000,531,1693890,16938.9,101.12547051060687,6.22074840896852e-18,0.00024396343038827128,0.00018955780742310204,
885146fca0,40000,532,1697080,16970.8,101.12547051060687,2.746549112975919e-18,0.00024396343038827128,0.00017622098118675157,
885146fca0,40000,533,1700270,17002.7,101.12547051060687,5.807217107230677e-18,0.00024396343038827128,0.00019533414994234036,
885146fca0,40000,534,1703460,17034.6,101.12547051060687,4.484979003577591e-18,0.00024396343038827128,0.0001960540747189769,
885146fca0,40000,535,1706650,17066.5,101.12547051060687,7.94466225533893e-18,0.00024396343038827128,0.00018094255446369782,
885146fca0,40000,536,1709840,17098.4,101.12547051060687,2.4561856186911284e-18,0.00024396343038827128,0.00018145763857090887,
885146fca0,40000,537,1713030,17130.3,101.12547051060687,4.4623873580627065e-18,0.00024396343038827128,0.000174298347309104,
885146fca0,40000,538,1716220,17162.2,101.12547051060687,1.906513109855793e-18,0.00024396343038827128,0.00017816272147810273,
885146fca0,40000,539,1719410,17194.1,101.12547051060687,5.890415303786891e-18,0.00024396343038827128,0.0001892983910682958,
885146fca0,40000,540,1722600,17226.0,101.12547051060687,6.502125146766756e-18,0.00024396343038827128,0.00018730150069560774,
885146fca0,40000,541,1725790,17257.9,101.12547051060687,3.41824954732336e-18,0.00024396343038827128,0.00019347360088864962,
885146fca0,40000,542,1728980,17289.8,101.12547051060687,4.1541416403607196e-18,0.00024396343038827128,0.00017933221644097743,
885146fca0,40000,543,1732170,17321.7,101.12547051060687,4.098363825244317e-18,0.00024396343038827128,0.00018673764524195982,
885146fca0,40000,544,1735360,17353.6,101.12547051060687,2.8831959509711282e-18,0.00024396343038827128,0.0001882087974907223,
885146fca0,40000,545,1738550,17385.5,101.12547051060687,1.2377675433410714e-18,0.00024396343038827128,0.00019965962366912923,
885146fca0,40000,546,1741740,17417.4,101.12547051060687,7.168111565767429e-18,0.00024396343038827128,0.0001886651339983108,
885146fca0,40000,547,1744930,17449.3,101.12547051060687,3.552838329284834e-18,0.00024396343038827128,0.00020843068794734794,
885146fca0,40000,548,1748120,17481.2,101.12547051060687,1.0162717959385068e-17,0.00024396343038827128,0.00018814803174388914,
885146fca0,40000,549,1751310,17513.1,101.12547051060687,2.983628288859233e-18,0.00024396343038827128,0.00020479376361425043,
885146fca0,40000,550,1754500,17545.0,101.12547051060687,2.9022534603685132e-18,0.00024396343038827128,0.00018710456260552158,
885146fca0,40000,551,1757690,17576.9,101.12547051060687,3.987784717886833e-18,0.00024396343038827128,0.0002013791633702606,
885146fca0,40000,552,1760880,17608.8,101.12547051060687,2.9302260077333884e-18,0.00024396343038827128,0.00019539801785000582,
885146fca0,40000,553,1764070,17640.7,101.12547051060687,3.7701179361628735e-18,0.00024396343038827128,0.00017636566682694134,
885146fca0,40000,554,1767260,17672.6,101.12547051060687,2.397924472508276e-18,0.00024396343038827128,0.00018838518503513343,
885146fca0,40000,555,1770450,17704.5,101.12547051060687,6.720374048295185e-18,0.00024396343038827128,0.0001809942307280738,
885146fca0,40000,556,1773640,17736.4,101.12547051060687,4.504661888134834e-18,0.00024396343038827128,0.00016218655131006879,
885146fca0,40000,557,1776830,17768.3,101.12547051060687,2.3200138783932193e-18,0.00024396343038827128,0.00017110083930797567,
885146fca0,40000,558,1780020,17800.2,101.12547051060687,1.4156383402882013e-17,0.00024396343038827128,0.0001830818633933085,
885146fca0,40000,559,1783210,17832.1,101.12547051060687,4.682577674076933e-18,0.00024396343038827128,0.0002042018437646819,
885146fca0,40000,560,1786400,17864.0,101.12547051060687,8.9056228607211e-18,0.00024396343038827128,0.00019910283235160574,
885146fca0,40000,561,1789590,17895.9,101.12547051060687,1.4154762250800792e-17,0.00024396343038827128,0.0002102318478282142,
885146fca0,40000,562,1792780,17927.8,101.12547051060687,3.792851135257331e-18,0.00024396343038827128,0.00017490516162253815,
885146fca0,40000,563,1795970,17959.7,101.12547051060687,3.8723381313992696e-18,0.00024396343038827128,0.00019900903937065123,
885146fca0,40000,564,1799160,17991.6,101.12547051060687,3.768621711861623e-18,0.00024396343038827128,0.00020512071277187875,
885146fca0,40000,565,1802350,18023.5,101.12547051060687,3.495154399308049e-18,0.00024396343038827128,0.00019998678066276046,
885146fca0,40000,566,1805540,18055.4,101.12547051060687,2.298382346024949e-18,0.00024396343038827128,0.00018924153165405803,
885146fca0,40000,567,1808730,18087.3,101.12547051060687,2.2416876692372013e-18,0.00024396343038827128,0.00020037277569864612,
885146fca0,40000,568,1811920,18119.2,101.12547051060687,6.785023817458925e-18,0.00024396343038827128,0.00016935832740984675,
885146fca0,40000,569,1815110,18151.1,101.12547051060687,3.3446203749446262e-18,0.00024396343038827128,0.0001859197311322337,
885146fca0,40000,570,1818300,18183.0,101.12547051060687,3.4508149940216655e-18,0.00024396343038827128,0.00019373205756987756,
885146fca0,40000,571,1821490,18214.9,101.12547051060687,3.679770166768771e-18,0.00024396343038827128,0.00019004233275843194,
885146fca0,40000,572,1824680,18246.8,101.12547051060687,2.709841996602994e-18,0.00024396343038827128,0.0001999105173049867,
885146fca0,40000,573,1827870,18278.7,101.12547051060687,4.487275534936729e-18,0.00024396343038827128,0.00018926651057996532,
885146fca0,40000,574,1831060,18310.6,101.12547051060687,3.083441327444021e-18,0.00024396343038827128,0.0001911473127970764,
885146fca0,40000,575,1834250,18342.5,101.12547051060687,1.146004325053044e-17,0.00024396343038827128,0.0001995539735293445,
885146fca0,40000,576,1837440,18374.4,101.12547051060687,8.935332664497797e-18,0.00024396343038827128,0.00020622389131505004,
885146fca0,40000,577,1840630,18406.3,101.12547051060687,2.2238815837418826e-18,0.00024396343038827128,0.00018814539962600538,
885146fca0,40000,578,1843820,18438.2,101.12547051060687,2.5205741332084136e-18,0.00024396343038827128,0.00017938106598136563,
885146fca0,40000,579,1847010,18470.1,101.12547051060687,3.86014533772486e-18,0.00024396343038827128,0.00019097368223663466,
885146fca0,40000,580,1850200,18502.0,101.12547051060687,2.2925882998764664e-18,0.00024396343038827128,0.00018218309036737134,
885146fca0,40000,581,1853390,18533.9,101.12547051060687,6.952272635392045e-18,0.00024396343038827128,0.0001999469362892228,
885146fca0,40000,582,1856580,18565.8,101.12547051060687,3.732483629072493e-18,0.00024396343038827128,0.00018865525013776445,
885146fca0,40000,583,1859770,18597.7,101.12547051060687,9.719249292285662e-18,0.00024396343038827128,0.00019373573752482493,
885146fca0,40000,584,1862960,18629.6,101.12547051060687,4.44447982752442e-18,0.00024396343038827128,0.0001858567619623475,
885146fca0,40000,585,1866150,18661.5,101.12547051060687,7.117267675522301e-18,0.00024396343038827128,0.00018707433342612324,
885146fca0,40000,586,1869340,18693.4,101.12547051060687,8.847395357935726e-18,0.00024396343038827128,0.00018808988499588236,
885146fca0,40000,587,1872530,18725.3,101.12547051060687,9.0486132575919e-18,0.00024396343038827128,0.00018992394179575455,
885146fca0,40000,588,1875720,18757.2,101.12547051060687,3.47207333644311e-18,0.00024396343038827128,0.00019996672456387707,
885146fca0,40000,589,1878910,18789.1,101.12547051060687,2.533558008592423e-18,0.00024396343038827128,0.0001741652697139401,
885146fca0,40000,590,1882100,18821.0,101.12547051060687,1.9906111126108545e-18,0.00024396343038827128,0.0001871809283963132,
885146fca0,40000,591,1885290,18852.9,101.12547051060687,9.11094072461591e-18,0.00024396343038827128,0.00017527890817039507,
885146fca0,40000,592,1888480,18884.8,101.12547051060687,2.913447202053849e-18,0.00024396343038827128,0.00018527523933289074,
885146fca0,40000,593,1891670,18916.7,101.12547051060687,2.312413859723774e-18,0.00024396343038827128,0.00019211142430705574,
885146fca0,40000,594,1894860,18948.6,101.12547051060687,3.606097168055502e-18,0.00024396343038827128,0.0001793855762925977,
885146fca0,40000,595,1898050,18980.5,101.12547051060687,9.84926835878356e-18,0.00024396343038827128,0.00020367009629413419,
885146fca0,40000,596,1901240,19012.4,101.12547051060687,2.395154443439176e-18,0.00024396343038827128,0.0001861675895050445,
885146fca0,40000,597,1904430,19044.3,101.12547051060687,3.80321974277685e-18,0.00024396343038827128,0.00020177209755351813,
885146fca0,40000,598,1907620,19076.2,101.12547051060687,6.800449498968546e-18,0.00024396343038827128,0.0002076860269817095,
885146fca0,40000,599,1910810,19108.1,101.12547051060687,3.923564063621567e-18,0.00024396343038827128,0.0001872638532677337,
885146fca0,40000,600,1914000,19140.0,101.12547051060687,2.6820648712834003e-18,0.00024396343038827128,0.00019781844438767913,
885146fca0,40000,601,1917190,19171.9,101.12547051060687,2.6693213051206714e-18,0.00024396343038827128,0.0001991975185943974,
885146fca0,40000,602,1920380,19203.8,101.12547051060687,4.499183601778666e-18,0.00024396343038827128,0.00019194084636347633,
885146fca0,40000,603,1923570,19235.7,101.12547051060687,3.1190606909393912e-18,0.00024396343038827128,0.00019675804561255714,
885146fca0,40000,604,1926760,19267.6,101.12547051060687,1.2982968394217236e-17,0.00024396343038827128,0.00017677535039758668,
885146fca0,40000,605,1929950,19299.5,101.12547051060687,3.52479023359625e-18,0.00024396343038827128,0.00019486790281092816,
885146fca0,40000,606,1933140,19331.4,101.12547051060687,3.809582863962199e-18,0.00024396343038827128,0.00019885611821544218,
885146fca0,40000,607,1936330,19363.3,101.12547051060687,8.954061350625183e-18,0.00024396343038827128,0.00018862363098606978,
885146fca0,40000,608,1939520,19395.2,101.12547051060687,3.689985019969246e-18,0.00024396343038827128,0.00020108064378652368,
885146fca0,40000,609,1942710,19427.1,101.12547051060687,3.0763921093546513e-18,0.00024396343038827128,0.00018786944242754568,
885146fca0,40000,610,1945900,19459.0,101.12547051060687,4.014083883852298e-18,0.00024396343038827128,0.0001894717674341898,
885146fca0,40000,611,1949090,19490.9,101.12547051060687,8.273623933504063e-18,0.00024396343038827128,0.00019919634050521775,
885146fca0,40000,612,1952280,19522.8,101.12547051060687,6.192726235704077e-18,0.00024396343038827128,0.00017582581724573295,
885146fca0,40000,613,1955470,19554.7,101.12547051060687,5.673428057414049e-18,0.00024396343038827128,0.00018976112893334974,
885146fca0,40000,614,1958660,19586.6,101.12547051060687,6.472739552914598e-18,0.00024396343038827128,0.00017562912522909384,
885146fca0,40000,615,1961850,19618.5,101.12547051060687,3.8089776552997574e-18,0.00024396343038827128,0.00019145542685585444,
885146fca0,40000,616,1965040,19650.4,101.12547051060687,2.2755528775263597e-17,0.00024396343038827128,0.00017767609312888718,
885146fca0,40000,617,1968230,19682.3,101.12547051060687,3.665857928479496e-18,0.00024396343038827128,0.0001724888244151539,
885146fca0,40000,618,1971420,19714.2,101.12547051060687,4.23629824350438e-18,0.00024396343038827128,0.00018144368057753526,
885146fca0,40000,619,1974610,19746.1,101.12547051060687,4.299283866044842e-18,0.00024396343038827128,0.00018479267405946854,
885146fca0,40000,620,1977800,19778.0,101.12547051060687,6.762510984726824e-18,0.00024396343038827128,0.00018028817640783663,
885146fca0,40000,621,1980990,19809.9,101.12547051060687,4.553303556178552e-18,0.00024396343038827128,0.0001979054555121847,
885146fca0,40000,622,1984180,19841.8,101.12547051060687,8.977923366799882e-18,0.00024396343038827128,0.00018609450532388396,
885146fca0,40000,623,1987370,19873.7,101.12547051060687,6.895209032867494e-18,0.00024396343038827128,0.00017606686949210514,
885146fca0,40000,624,1990560,19905.6,101.12547051060687,8.940192493745735e-18,0.00024396343038827128,0.0001833960160940945,
885146fca0,40000,625,1993750,19937.5,101.12547051060687,3.30622891871573e-18,0.00024396343038827128,0.00017711033539257967,
885146fca0,40000,626,1996940,19969.4,101.12547051060687,5.1075735006325065e-18,0.00024396343038827128,0.00020388175037730857,
885146fca0,40000,627,2000130,20001.3,101.12547051060687,2.22355702030193e-18,0.00024396343038827128,0.00018000027803146277,
885146fca0,40000,628,2003320,20033.2,101.12547051060687,5.5471888024842e-18,0.00024396343038827128,0.00018491188605518317,
885146fca0,40000,629,2006510,20065.1,101.12547051060687,4.575379745486641e-18,0.00024396343038827128,0.00020870919722291843,
885146fca0,40000,630,2009700,20097.0,101.12547051060687,4.46284744698047e-18,0.00024396343038827128,0.00017735640366658387,
885146fca0,40000,631,2012890,20128.9,101.12547051060687,3.973700167970059e-18,0.00024396343038827128,0.00017983238239916978,
885146fca0,40000,632,2016080,20160.8,101.12547051060687,5.703365981794853e-18,0.00024396343038827128,0.00017381044655555002,
885146fca0,40000,633,2019270,20192.7,101.12547051060687,6.437467604458018e-18,0.00024396343038827128,0.00018538307960149853,
885146fca0,40000,634,2022460,20224.6,101.12547051060687,4.3646322379042316e-18,0.00024396343038827128,0.00018548928389772233,
885146fca0,40000,635,2025650,20256.5,101.12547051060687,2.637308542422704e-18,0.00024396343038827128,0.00021113984679608995,
885146fca0,40000,636,2028840,20288.4,101.12547051060687,1.5996582217147242e-17,0.00024396343038827128,0.00019596229271432974,
885146fca0,40000,637,2032030,20320.3,101.12547051060687,4.427950039545364e-18,0.00024396343038827128,0.00017464985514042587,
885146fca0,40000,638,2035220,20352.2,101.12547051060687,4.4262160740313e-18,0.00024396343038827128,0.00018574925816732844,
885146fca0,40000,639,2038410,20384.1,101.12547051060687,6.187782597912876e-18,0.00024396343038827128,0.00019616766518963611,
885146fca0,40000,640,2041600,20416.0,101.12547051060687,5.3703299972675e-18,0.00024396343038827128,0.00017872780303891195,
885146fca0,40000,641,2044790,20447.9,101.12547051060687,4.4814511647758904e-18,0.00024396343038827128,0.00017593530565475124,
885146fca0,40000,642,2047980,20479.8,101.12547051060687,7.728976378650918e-18,0.00024396343038827128,0.00019939009627886536,
885146fca0,40000,643,2051170,20511.7,101.12547051060687,7.075073829489232e-18,0.00024396343038827128,0.000200778495981397,
885146fca0,40000,644,2054360,20543.6,101.12547051060687,6.714365880351126e-18,0.00024396343038827128,0.0001988938886993489,
885146fca0,40000,645,2057550,20575.5,101.12547051060687,3.899456386898245e-18,0.00024396343038827128,0.00019599531134841187,
885146fca0,40000,646,2060740,20607.4,101.12547051060687,6.151598797810071e-18,0.00024396343038827128,0.00020495704698242102,
885146fca0,40000,647,2063930,20639.3,101.12547051060687,5.426603117658006e-18,0.00024396343038827128,0.00017362456356655875,
885146fca0,40000,648,2067120,20671.2,101.12547051060687,1.4781800007276246e-17,0.00024396343038827128,0.00019323721856866183,
885146fca0,40000,649,2070310,20703.1,101.12547051060687,2.003519827701576e-18,0.00024396343038827128,0.00017758030680502324,
885146fca0,40000,650,2073500,20735.0,101.12547051060687,1.3090627147761214e-18,0.00024396343038827128,0.00018431009394354817,
885146fca0,40000,651,2076690,20766.9,101.12547051060687,7.285042110601088e-18,0.00024396343038827128,0.00018055333128088404,
885146fca0,40000,652,2079880,20798.8,101.12547051060687,3.6123446810034956e-18,0.00024396343038827128,0.00018905232665200042,
885146fca0,40000,653,2083070,20830.7,101.12547051060687,9.750659667044047e-18,0.00024396343038827128,0.00018577607767961035,
885146fca0,40000,654,2086260,20862.6,101.12547051060687,5.4620317084318684e-18,0.00024396343038827128,0.00019256896447226418,
885146fca0,40000,655,2089450,20894.5,101.12547051060687,8.963878049253702e-18,0.00024396343038827128,0.0001998617715835599,
885146fca0,40000,656,2092640,20926.4,101.12547051060687,1.9055493401341343e-17,0.00024396343038827128,0.0002057927879082914,
885146fca0,40000,657,2095830,20958.3,101.12547051060687,4.677370166502924e-18,0.00024396343038827128,0.00019206780751396068,
885146fca0,40000,658,2099020,20990.2,101.12547051060687,3.890991651857424e-18,0.00024396343038827128,0.00019373252518795233,
885146fca0,40000,659,2102210,21022.1,101.12547051060687,9.254078248135829e-18,0.00024396343038827128,0.00018759731938736574,
885146fca0,40000,660,2105400,21054.0,101.12547051060687,5.4502116679971614e-18,0.00024396343038827128,0.0001988501686808868,
885146fca0,40000,661,2108590,21085.9,101.12547051060687,3.842528635790696e-18,0.00024396343038827128,0.0001910082848082106,
885146fca0,40000,662,2111780,21117.8,101.12547051060687,3.580245519129911e-18,0.00024396343038827128,0.00019631327752806082,
885146fca0,40000,663,2114970,21149.7,101.12547051060687,3.700431437644512e-18,0.00024396343038827128,0.00016514753768772438,
885146fca0,40000,664,2118160,21181.6,101.12547051060687,3.6331455789099224e-18,0.00024396343038827128,0.00017657392296388074,
885146fca0,40000,665,2121350,21213.5,101.12547051060687,3.918036298986703e-18,0.00024396343038827128,0.00018387941269942728,
885146fca0,40000,666,2124540,21245.4,101.12547051060687,4.329172034013822e-18,0.00024396343038827128,0.00020295944887181407,
885146fca0,40000,667,2127730,21277.3,101.12547051060687,4.447510317521552e-18,0.00024396343038827128,0.00017469207650326903,
885146fca0,40000,668,2130920,21309.2,101.12547051060687,8.955108778243152e-18,0.00024396343038827128,0.00020141842122360767,
885146fca0,40000,669,2134110,21341.1,101.12547051060687,2.912624515519336e-18,0.00024396343038827128,0.00017730092497416603,
885146fca0,40000,670,2137300,21373.0,101.12547051060687,4.566354343048446e-18,0.00024396343038827128,0.0001711841446638499,
885146fca0,40000,671,2140490,21404.9,101.12547051060687,7.984068374790535e-18,0.00024396343038827128,0.00017303336945030193,
885146fca0,40000,672,2143680,21436.8,101.12547051060687,4.592323580689731e-18,0.00024396343038827128,0.000169889202656847,
885146fca0,40000,673,2146870,21468.7,101.12547051060687,3.253447033990546e-18,0.00024396343038827128,0.0001843962910982062,
885146fca0,40000,674,2150060,21500.6,101.12547051060687,3.299688953674645e-18,0.00024396343038827128,0.0001713209118680256,
885146fca0,40000,675,2153250,21532.5,101.12547051060687,1.0754364534828515e-18,0.00024396343038827128,0.00017980959632250178,
885146fca0,40000,676,2156440,21564.4,101.12547051060687,2.2825559933700617e-18,0.00024396343038827128,0.00018461928439799023,
885146fca0,40000,677,2159630,21596.3,101.12547051060687,4.1470184920219506e-18,0.00024396343038827128,0.00018990785390429488,
885146fca0,40000,678,2162820,21628.2,101.12547051060687,4.03873423980797e-18,0.00024396343038827128,0.0001879307615687019,
885146fca0,40000,679,2166010,21660.1,101.12547051060687,1.2551879370170502e-17,0.00024396343038827128,0.00019558493855970308,
885146fca0,40000,680,2169200,21692.0,101.12547051060687,4.073563656212099e-18,0.00024396343038827128,0.00018970247139179393,
885146fca0,40000,681,2172390,21723.9,101.12547051060687,2.0702518352949915e-18,0.00024396343038827128,0.00020484035598048315,
885146fca0,40000,682,2175580,21755.8,101.12547051060687,3.4193699403016715e-18,0.00024396343038827128,0.00018420181943473837,
885146fca0,40000,683,2178770,21787.7,101.12547051060687,4.560370434344267e-18,0.00024396343038827128,0.00017787702440399985,
885146fca0,40000,684,2181960,21819.6,101.12547051060687,3.5315781710985844e-18,0.00024396343038827128,0.00018478749052922315,
885146fca0,40000,685,2185150,21851.5,101.12547051060687,1.613575503848345e-17,0.00024396343038827128,0.00017541296196444601,
885146fca0,40000,686,2188340,21883.4,101.12547051060687,8.999979670766925e-18,0.00024396343038827128,0.00019223416267841339,
885146fca0,40000,687,2191530,21915.3,101.12547051060687,3.7853962578149775e-18,0.00024396343038827128,0.00018920133961815403,
885146fca0,40000,688,2194720,21947.2,101.12547051060687,3.112057814038499e-18,0.00024396343038827128,0.0001692666732260871,
885146fca0,40000,689,2197910,21979.1,101.12547051060687,6.3720753649552735e-18,0.00024396343038827128,0.00017514757763409936,
885146fca0,40000,690,2201100,22011.0,101.12547051060687,8.030413765959815e-18,0.00024396343038827128,0.00017374990466103413,
885146fca0,40000,691,2204290,22042.9,101.12547051060687,2.993385632501544e-18,0.00024396343038827128,0.0002003012211436149,
885146fca0,40000,692,2207480,22074.8,101.12547051060687,3.4452063721458864e-18,0.00024396343038827128,0.00019020876366498198,
885146fca0,40000,693,2210670,22106.7,101.12547051060687,3.724006388009343e-18,0.00024396343038827128,0.000182293683906535,
885146fca0,40000,694,2213860,22138.6,101.12547051060687,3.3514653746128946e-18,0.00024396343038827128,0.00017970920684359006,
885146fca0,40000,695,2217050,22170.5,101.12547051060687,1.969646524945432e-17,0.00024396343038827128,0.00017618010960061698,
885146fca0,40000,696,2220240,22202.4,101.12547051060687,2.1692068081181906e-16,0.00024396343038827128,0.00018284580541144663,
885146fca0,40000,697,2223430,22234.3,101.12547051056765,1.009871075698764e-17,0.0002506733118423801,0.00020537910232756442,
885146fca0,40000,698,2226620,22266.2,101.12547051056707,3.1444478146235953e-18,0.0002590656078481179,0.00020464399104277067,
885146fca0,40000,699,2229810,22298.1,101.12547051056707,1.2208735635347476e-17,0.0002590656078481179,0.0001974305295288628,
885146fca0,40000,700,2233000,22330.0,101.12547051056707,2.1411064236249735e-18,0.0002590656078481179,0.00020539482386964473,
885146fca0,40000,701,2236190,22361.9,101.12547051056707,2.2369783858877847e-18,0.0002590656078481179,0.0002084089688970992,
885146fca0,40000,702,2239380,22393.8,101.12547051056707,4.475326637856494e-18,0.0002590656078481179,0.0001884538061042104,
885146fca0,40000,703,2242570,22425.7,101.12547051056707,3.962759240482339e-17,0.0002590656078481179,0.0002020424682694095,
885146fca0,40000,704,2245760,22457.6,101.12547051055232,1.6142779228240098e-18,0.000270172446177115,0.00021449448614946717,
885146fca0,40000,705,2248950,22489.5,101.12547051055232,2.5340378813845644e-18,0.000270172446177115,0.00022427862653892153,
885146fca0,40000,706,2252140,22521.4,101.12547051055232,1.637487999472111e-18,0.000270172446177115,0.00021801571980540715,
885146fca0,40000,707,2255330,22553.3,101.12547051055232,3.185309838103794e-18,0.000270172446177115,0.00022360050514125352,
885146fca0,40000,708,2258520,22585.2,101.12547051055232,3.907977639132353e-18,0.000270172446177115,0.0002055964368323458,
885146fca0,40000,709,2261710,22617.1,101.12547051055232,4.116988776269736e-18,0.000270172446177115,0.00021008116598048701,
885146fca0,40000,710,2264900,22649.0,101.12547051055232,1.280585151672491e-17,0.000270172446177115,0.0002013898454944178,
885146fca0,40000,711,2268090,22680.9,101.12547051055232,4.308442073830791e-18,0.000270172446177115,0.00020319711078502535,
885146fca0,40000,712,2271280,22712.8,101.12547051055232,1.7618059428782613e-18,0.000270172446177115,0.0002176273514982205,
885146fca0,40000,713,2274470,22744.7,101.12547051055232,3.197271276334983e-18,0.000270172446177115,0.000217360510471199,
885146fca0,40000,714,2277660,22776.6,101.12547051055232,2.4706376509963385e-18,0.000270172446177115,0.00021642328029472042,
885146fca0,40000,715,2280850,22808.5,101.12547051055232,1.9068555120430795e-18,0.000270172446177115,0.00020509434205492422,
885146fca0,40000,716,2284040,22840.4,101.12547051055232,1.9383473904664228e-18,0.000270172446177115,0.00019049041308738304,
885146fca0,40000,717,2287230,22872.3,101.12547051055232,2.5346255781633413e-18,0.000270172446177115,0.00021067740191870713,
885146fca0,40000,718,2290420,22904.2,101.12547051055232,2.4620923477386106e-18,0.000270172446177115,0.00020750495610474609,
885146fca0,40000,719,2293610,22936.1,101.12547051055232,2.730721346168083e-18,0.000270172446177115,0.0001946668118432752,
885146fca0,40000,720,2296800,22968.0,101.12547051055232,2.874430080705166e-18,0.000270172446177115,0.00021334460209843182,
885146fca0,40000,721,2299990,22999.9,101.12547051055232,1.800995957823607e-18,0.000270172446177115,0.0002044459956338158,
885146fca0,40000,722,2303180,23031.8,101.12547051055232,2.610864647948114e-18,0.000270172446177115,0.00020525709024763847,
885146fca0,40000,723,2306370,23063.7,101.12547051055232,1.866816509126569e-18,0.000270172446177115,0.00020053699005570923,
885146fca0,40000,724,2309560,23095.6,101.12547051055232,3.332980853511244e-18,0.000270172446177115,0.0002187716408291113,
885146fca0,40000,725,2312750,23127.5,101.12547051055232,8.41284174403793e-18,0.000270172446177115,0.00020807193166670884,
885146fca0,40000,726,2315940,23159.4,101.12547051055232,9.667541723625264e-18,0.000270172446177115,0.00021722085511554688,
885146fca0,40000,727,2319130,23191.3,101.12547051055232,4.904442009923279e-18,0.000270172446177115,0.00019814590966064024,
885146fca0,40000,728,2322320,23223.2,101.12547051055232,3.0648676043630447e-18,0.000270172446177115,0.00018665167243193663,
885146fca0,40000,729,2325510,23255.1,101.12547051055232,3.085171141036941e-18,0.000270172446177115,0.0001924427877430188,
885146fca0,40000,730,2328700,23287.0,101.12547051055232,2.6571477796142664e-18,0.000270172446177115,0.00021237387736838646,
885146fca0,40000,731,2331890,23318.9,101.12547051055232,2.36295227958464e-18,0.000270172446177115,0.00020816217645883855,
885146fca0,40000,732,2335080,23350.8,101.12547051055232,2.326718325187344e-18,0.000270172446177115,0.00018390037638568146,
885146fca0,40000,733,2338270,23382.7,101.12547051055232,3.6373927554739e-18,0.000270172446177115,0.00019914593014944785,
885146fca0,40000,734,2341460,23414.6,101.12547051055232,3.678318487143902e-18,0.000270172446177115,0.0002095171800829897,
885146fca0,40000,735,2344650,23446.5,101.12547051055232,4.895105734886435e-18,0.000270172446177115,0.00020613434534861121,
885146fca0,40000,736,2347840,23478.4,101.12547051055232,3.59335298621968e-17,0.000270172446177115,0.00022222422548777513,
885146fca0,40000,737,2351030,23510.3,101.12547051054051,3.294096618704974e-17,0.00030028172964083224,0.00022200586061161499,
885146fca0,40000,738,2354220,23542.2,101.12547051053997,2.0603170514759053e-17,0.0003080051432772188,0.00023654104507823408,
885146fca0,40000,739,2357410,23574.1,101.12547051053997,2.635498134084294e-18,0.0003080051432772188,0.00024015995397096604,
885146fca0,40000,740,2360600,23606.0,101.12547051053997,5.776950911804296e-18,0.0003080051432772188,0.0002308449981922722,
885146fca0,40000,741,2363790,23637.9,101.12547051053997,6.980556989961243e-18,0.0003080051432772188,0.0002314105408094298,
885146fca0,40000,742,2366980,23669.8,101.12547051053997,5.336382559387733e-18,0.0003080051432772188,0.00023289248727419848,
885146fca0,40000,743,2370170,23701.7,101.12547051053997,4.466097979697287e-18,0.0003080051432772188,0.00024783138684969,
885146fca0,40000,744,2373360,23733.6,101.12547051053997,2.8510527964978666e-18,0.0003080051432772188,0.00023726034180131586,
885146fca0,40000,745,2376550,23765.5,101.12547051053997,2.511248352937016e-17,0.0003080051432772188,0.0002398468240891752,
885146fca0,40000,746,2379740,23797.4,101.12547051052005,1.3457384452501004e-17,0.0002640778223056935,0.00021782908569981387,
885146fca0,40000,747,2382930,23829.3,101.12547051051949,4.498840567313379e-18,0.00027180122748089464,0.0002272199383590029,
885146fca0,40000,748,2386120,23861.2,101.12547051051949,3.343623172796104e-18,0.00027180122748089464,0.0002168888224794385,
885146fca0,40000,749,2389310,23893.1,101.12547051051949,3.0891776792849486e-18,0.00027180122748089464,0.00022145187162858927,
885146fca0,40000,750,2392500,23925.0,101.12547051051949,3.4617321069407827e-18,0.00027180122748089464,0.00017337159976991997,
885146fca0,40000,751,2395690,23956.9,101.12547051051949,5.177868459979185e-18,0.00027180122748089464,0.0002101615935635387,
885146fca0,40000,752,2398880,23988.8,101.12547051051949,1.1714348920081063e-17,0.00027180122748089464,0.0002169136007460464,
885146fca0,40000,753,2402070,24020.7,101.12547051051949,8.985178458916777e-18,0.00027180122748089464,0.00021086310599759773,
885146fca0,40000,754,2405260,24052.6,101.12547051051949,3.469727777796691e-18,0.00027180122748089464,0.00020137489905125511,
885146fca0,40000,755,2408450,24084.5,101.12547051051949,3.581470931259053e-18,0.00027180122748089464,0.00023278334105876028,
885146fca0,40000,756,2411640,24116.4,101.12547051051949,3.670570450964312e-18,0.00027180122748089464,0.0002138206993968169,
885146fca0,40000,757,2414830,24148.3,101.12547051051949,5.033942456055671e-18,0.00027180122748089464,0.00019475170878137924,
885146fca0,40000,758,2418020,24180.2,101.12547051051949,1.3431298730871962e-17,0.00027180122748089464,0.00021919957778946617,
885146fca0,40000,759,2421210,24212.1,101.12547051051949,3.802474586089576e-18,0.00027180122748089464,0.00020942440643519306,
885146fca0,40000,760,2424400,24244.0,101.12547051051949,5.736610018362027e-18,0.00027180122748089464,0.00020521362061296525,
885146fca0,40000,761,2427590,24275.9,101.12547051051949,4.92810029619063e-18,0.00027180122748089464,0.0002165219609674696,
885146fca0,40000,762,2430780,24307.8,101.12547051051949,3.422753066960107e-17,0.00027180122748089464,0.00021903056721770528,
885146fca0,40000,763,2433970,24339.7,101.12547051051949,3.4511338122821456e-18,0.00027180122748089464,0.00021135204375010138,
885146fca0,40000,764,2437160,24371.6,101.12547051051949,3.4448298928594725e-18,0.00027180122748089464,0.00021471497609849765,
885146fca0,40000,765,2440350,24403.5,101.12547051051949,2.6087015184830976e-18,0.00027180122748089464,0.00020410993106092628,
885146fca0,40000,766,2443540,24435.4,101.12547051051949,3.3481721782530372e-18,0.00027180122748089464,0.00020807052100960994,
885146fca0,40000,767,2446730,24467.3,101.12547051051949,1.0052129474783114e-17,0.00027180122748089464,0.00022296961385265957,
885146fca0,40000,768,2449920,24499.2,101.12547051051949,4.628323609295172e-18,0.00027180122748089464,0.00021841522713402322,
885146fca0,40000,769,2453110,24531.1,101.12547051051949,4.7142008445749e-18,0.00027180122748089464,0.000204174490162684,
885146fca0,40000,770,2456300,24563.0,101.12547051051949,5.536104809818034e-18,0.00027180122748089464,0.00018881625506897675,
885146fca0,40000,771,2459490,24594.9,101.12547051051949,3.357573815374806e-18,0.00027180122748089464,0.0002069489500929579,
885146fca0,40000,772,2462680,24626.8,101.12547051051949,3.512315179458783e-18,0.00027180122748089464,0.0002038090201850818,
885146fca0,40000,773,2465870,24658.7,101.12547051051949,1.804665648670146e-17,0.00027180122748089464,0.00020404049667418933,
885146fca0,40000,774,2469060,24690.6,101.12547051051634,3.4239508809069184e-18,0.00028875804465176364,0.00023883376561141688,
885146fca0,40000,775,2472250,24722.5,101.12547051051634,4.4420645000471414e-18,0.00028875804465176364,0.000231837678788495,
885146fca0,40000,776,2475440,24754.4,101.12547051051634,3.4579726880749315e-18,0.00028875804465176364,0.00021741526428945124,
885146fca0,40000,777,2478630,24786.3,101.12547051051634,5.068344801294599e-18,0.00028875804465176364,0.00021247440377034982,
885146fca0,40000,778,2481820,24818.2,101.12547051051634,4.785577235470536e-18,0.00028875804465176364,0.00022414932082437576,
885146fca0,40000,779,2485010,24850.1,101.12547051051634,4.1026888185491356e-18,0.00028875804465176364,0.00022694077216298217,
885146fca0,40000,780,2488200,24882.0,101.12547051051634,1.2852093243243767e-17,0.00028875804465176364,0.000245663965555853,
885146fca0,40000,781,2491390,24913.9,101.12547051051634,3.093092109748811e-18,0.00028875804465176364,0.0002500729769831183,
885146fca0,40000,782,2494580,24945.8,101.12547051051634,9.955383678172113e-18,0.00028875804465176364,0.0002276118476085817,
885146fca0,40000,783,2497770,24977.7,101.12547051051634,1.0992696619462995e-17,0.00028875804465176364,0.00022271187016332096,
885146fca0,40000,784,2500960,25009.6,101.12547051051634,1.963900173112322e-17,0.00028875804465176364,0.00024135532871847384,
885146fca0,40000,785,2504150,25041.5,101.12547051051317,9.874621006946705e-18,0.00030446883834692434,0.00024958442665750475,
885146fca0,40000,786,2507340,25073.4,101.125470510512,7.405814331907342e-18,0.0003126696040767862,0.000246647065224624,
885146fca0,40000,787,2510530,25105.3,101.125470510512,5.793429728373468e-18,0.0003126696040767862,0.00022267289202116707,
885146fca0,40000,788,2513720,25137.2,101.125470510512,5.7468511179507805e-18,0.0003126696040767862,0.0002551475464898749,
885146fca0,40000,789,2516910,25169.1,101.125470510512,4.436897981999561e-18,0.0003126696040767862,0.00026016218080099514,
885146fca0,40000,790,2520100,25201.0,101.125470510512,6.719928489432566e-18,0.0003126696040767862,0.00024644642134473817,
885146fca0,40000,791,2523290,25232.9,101.125470510512,6.797334517803938e-18,0.0003126696040767862,0.00019805026122688178,
885146fca0,40000,792,2526480,25264.8,101.125470510512,5.7243931534112575e-18,0.0003126696040767862,0.0002451575455906682,
885146fca0,40000,793,2529670,25296.7,101.125470510512,4.7782956627244635e-18,0.0003126696040767862,0.00023388018558085106,
885146fca0,40000,794,2532860,25328.6,101.125470510512,5.693863290433375e-18,0.0003126696040767862,0.00022997614917178656,
885146fca0,40000,795,2536050,25360.5,101.125470510512,8.77021414124945e-18,0.0003126696040767862,0.0002424296393941119,
885146fca0,40000,796,2539240,25392.4,101.125470510512,6.215966590611635e-18,0.0003126696040767862,0.00022986954682569188,
885146fca0,40000,797,2542430,25424.3,101.125470510512,6.984544427630459e-18,0.0003126696040767862,0.00024122491577163382,
885146fca0,40000,798,2545620,25456.2,101.125470510512,4.692000423342089e-18,0.0003126696040767862,0.00022019167256302711,
885146fca0,40000,799,2548810,25488.1,101.125470510512,5.678330047259913e-18,0.0003126696040767862,0.00024898055825443323,
885146fca0,40000,800,2552000,25520.0,101.125470510512,2.3593769688557873e-18,0.0003126696040767862,0.00024701699378966397,
885146fca0,40000,801,2555190,25551.9,101.125470510512,1.2920690287914858e-17,0.0003126696040767862,0.00023997341541861128,
885146fca0,40000,802,2558380,25583.8,101.125470510512,4.5193361290326105e-18,0.0003126696040767862,0.00023606480470483897,
885146fca0,40000,803,2561570,25615.7,101.125470510512,1.4474319389607846e-17,0.0003126696040767862,0.0002647608865270786,
885146fca0,40000,804,2564760,25647.6,101.125470510512,5.7728504443596025e-18,0.0003126696040767862,0.0002714647784487626,
885146fca0,40000,805,2567950,25679.5,101.125470510512,5.977160115807986e-18,0.0003126696040767862,0.00026047230187536,
885146fca0,40000,806,2571140,25711.4,101.125470510512,5.607833172746706e-18,0.0003126696040767862,0.0002325778954176142,
885146fca0,40000,807,2574330,25743.3,101.125470510512,3.2401283118435564e-18,0.0003126696040767862,0.0002408158480438611,
885146fca0,40000,808,2577520,25775.2,101.125470510512,3.645273869007976e-18,0.0003126696040767862,0.0002459157927057411,
885146fca0,40000,809,2580710,25807.1,101.125470510512,9.625734392650132e-18,0.0003126696040767862,0.00023225655493168914,
885146fca0,40000,810,2583900,25839.0,101.125470510512,3.4046751392781787e-18,0.0003126696040767862,0.00023577096184794168,
885146fca0,40000,811,2587090,25870.9,101.125470510512,4.1209322433397716e-18,0.0003126696040767862,0.0002504581132415115,
885146fca0,40000,812,2590280,25902.8,101.125470510512,5.50857550810898e-18,0.0003126696040767862,0.0002431726289005435,
885146fca0,40000,813,2593470,25934.7,101.125470510512,3.907374948312777e-18,0.0003126696040767862,0.0002526945731197719,
885146fca0,40000,814,2596660,25966.6,101.125470510512,6.919364574619235e-18,0.0003126696040767862,0.00025221685576604075,
885146fca0,40000,815,2599850,25998.5,101.125470510512,3.0039216555599764e-18,0.0003126696040767862,0.0002504475413599623,
885146fca0,40000,816,2603040,26030.4,101.125470510512,2.541668902711135e-18,0.0003126696040767862,0.00021908190219352625,
885146fca0,40000,817,2606230,26062.3,101.125470510512,3.500765788558908e-18,0.0003126696040767862,0.00025069073261666945,
885146fca0,40000,818,2609420,26094.2,101.125470510512,3.617475065870519e-18,0.0003126696040767862,0.00023858977168748536,
885146fca0,40000,819,2612610,26126.1,101.125470510512,2.8463401841498217e-18,0.0003126696040767862,0.00024768974623975564,
885146fca0,40000,820,2615800,26158.0,101.125470510512,6.0585665311815635e-18,0.0003126696040767862,0.00020901290209561233,
885146fca0,40000,821,2618990,26189.9,101.125470510512,4.9471059567503995e-18,0.0003126696040767862,0.00024992427828783744,
885146fca0,40000,822,2622180,26221.8,101.125470510512,5.746587166807288e-18,0.0003126696040767862,0.000221397674283334,
885146fca0,40000,823,2625370,26253.7,101.125470510512,1.8744726801184872e-18,0.0003126696040767862,0.00024057623989491092,
885146fca0,40000,824,2628560,26285.6,101.125470510512,3.9400353574346385e-18,0.0003126696040767862,0.0002662515006978957,
885146fca0,40000,825,2631750,26317.5,101.125470510512,4.492162338278939e-18,0.0003126696040767862,0.00024635495648448304,
885146fca0,40000,826,2634940,26349.4,101.125470510512,1.0857136874282342e-18,0.0003126696040767862,0.00021568185343204824,
885146fca0,40000,827,2638130,26381.3,101.125470510512,3.4235442661726153e-18,0.0003126696040767862,0.00023549414438343012,
885146fca0,40000,828,2641320,26413.2,101.125470510512,3.48765161565685e-18,0.0003126696040767862,0.0002405077589786984,
885146fca0,40000,829,2644510,26445.1,101.125470510512,3.158247486580022e-18,0.0003126696040767862,0.00023283832560061203,
885146fca0,40000,830,2647700,26477.0,101.125470510512,4.290215868634619e-18,0.0003126696040767862,0.000269378524084657,
885146fca0,40000,831,2650890,26508.9,101.125470510512,5.0994240740917774e-18,0.0003126696040767862,0.0002385654761694999,
885146fca0,40000,832,2654080,26540.8,101.125470510512,2.846344351064694e-18,0.0003126696040767862,0.00024854241569789476,
885146fca0,40000,833,2657270,26572.7,101.125470510512,2.8435361136008904e-18,0.0003126696040767862,0.00024510614937388087,
885146fca0,40000,834,2660460,26604.6,101.125470510512,1.2979016899774582e-17,0.0003126696040767862,0.00022076971133045946,
885146fca0,40000,835,2663650,26636.5,101.125470510512,5.2347130895255956e-18,0.0003126696040767862,0.00023575538270721865,
885146fca0,40000,836,2666840,26668.4,101.125470510512,3.7650521926612175e-18,0.0003126696040767862,0.00024389514379123854,
885146fca0,40000,837,2670030,26700.3,101.125470510512,6.319841299974657e-18,0.0003126696040767862,0.0002478428137679003,
885146fca0,40000,838,2673220,26732.2,101.125470510512,4.647225198274101e-18,0.0003126696040767862,0.0002453455871365066,
885146fca0,40000,839,2676410,26764.1,101.125470510512,6.4470484441344976e-18,0.0003126696040767862,0.0002340985244966854,
885146fca0,40000,840,2679600,26796.0,101.125470510512,5.668506163226884e-18,0.0003126696040767862,0.0002466819766699751,
885146fca0,40000,841,2682790,26827.9,101.125470510512,1.3010949298903796e-17,0.0003126696040767862,0.00025526385025031697,
885146fca0,40000,842,2685980,26859.8,101.125470510512,5.940663506166508e-18,0.0003126696040767862,0.00022768133792457908,
885146fca0,40000,843,2689170,26891.7,101.125470510512,1.0180411969125783e-17,0.0003126696040767862,0.00023343176500877845,
885146fca0,40000,844,2692360,26923.6,101.125470510512,4.744319345309559e-18,0.0003126696040767862,0.0002241438813919903,
885146fca0,40000,845,2695550,26955.5,101.125470510512,4.616842770896327e-18,0.0003126696040767862,0.00022757063035266692,
885146fca0,40000,846,2698740,26987.4,101.125470510512,1.6093845560799296e-17,0.0003126696040767862,0.00021942352842499365,
885146fca0,40000,847,2701930,27019.3,101.125470510512,3.8014212417913296e-18,0.0003126696040767862,0.0002361887171047926,
885146fca0,40000,848,2705120,27051.2,101.125470510512,4.943862224442085e-18,0.0003126696040767862,0.00022496089654389873,
885146fca0,40000,849,2708310,27083.1,101.125470510512,3.869738273526312e-18,0.0003126696040767862,0.00023741684306160995,
885146fca0,40000,850,2711500,27115.0,101.125470510512,9.050369934140407e-18,0.0003126696040767862,0.0002433818495675475,
885146fca0,40000,851,2714690,27146.9,101.125470510512,6.816466833622879e-18,0.0003126696040767862,0.0002336692619421632,
885146fca0,40000,852,2717880,27178.8,101.125470510512,5.284396085401505e-18,0.0003126696040767862,0.00026250826488964006,
885146fca0,40000,853,2721070,27210.7,101.125470510512,3.7705151012444066e-18,0.0003126696040767862,0.0002629393238888541,
885146fca0,40000,854,2724260,27242.6,101.125470510512,8.54278922712356e-18,0.0003126696040767862,0.00024550271502896766,
885146fca0,40000,855,2727450,27274.5,101.125470510512,3.582992418955325e-18,0.0003126696040767862,0.0002478320811874647,
885146fca0,40000,856,2730640,27306.4,101.125470510512,3.977311632175265e-18,0.0003126696040767862,0.0002650130542192372,
885146fca0,40000,857,2733830,27338.3,101.125470510512,5.1959457565161334e-18,0.0003126696040767862,0.0002365692431173443,
885146fca0,40000,858,2737020,27370.2,101.125470510512,5.858059532750546e-18,0.0003126696040767862,0.00026205293114988786,
885146fca0,40000,859,2740210,27402.1,101.125470510512,6.345372386306235e-18,0.0003126696040767862,0.00024974836962551606,
885146fca0,40000,860,2743400,27434.0,101.125470510512,3.7478574878045854e-18,0.0003126696040767862,0.00020370630417601348,
885146fca0,40000,861,2746590,27465.9,101.125470510512,2.8722068069656472e-18,0.0003126696040767862,0.00023627669739624936,
885146fca0,40000,862,2749780,27497.8,101.125470510512,2.8562990948571917e-18,0.0003126696040767862,0.0002598396102054415,
885146fca0,40000,863,2752970,27529.7,101.125470510512,1.0041695701932566e-17,0.0003126696040767862,0.0002451019639604212,
885146fca0,40000,864,2756160,27561.6,101.125470510512,1.3026599187303095e-17,0.0003126696040767862,0.00023306228047183068,
885146fca0,40000,865,2759350,27593.5,101.125470510512,3.350818735617632e-18,0.0003126696040767862,0.00024051614447737326,
885146fca0,40000,866,2762540,27625.4,101.125470510512,6.089441456502842e-18,0.0003126696040767862,0.0002430805376807504,
885146fca0,40000,867,2765730,27657.3,101.125470510512,2.845122546885673e-18,0.0003126696040767862,0.00021633492464710229,
885146fca0,40000,868,2768920,27689.2,101.125470510512,5.993348289944576e-18,0.0003126696040767862,0.000230535152012113,
885146fca0,40000,869,2772110,27721.1,101.125470510512,8.080720490085945e-18,0.0003126696040767862,0.0002285337547903243,
885146fca0,40000,870,2775300,27753.0,101.125470510512,6.275297842954967e-18,0.0003126696040767862,0.0002298842746958725,
885146fca0,40000,871,2778490,27784.9,101.125470510512,3.2857902311639314e-18,0.0003126696040767862,0.0002663211987102084,
885146fca0,40000,872,2781680,27816.8,101.125470510512,5.7761681864166376e-18,0.0003126696040767862,0.00023439266390301732,
885146fca0,40000,873,2784870,27848.7,101.125470510512,3.671774972074515e-18,0.0003126696040767862,0.00022639120189878943,
885146fca0,40000,874,2788060,27880.6,101.125470510512,2.8369302390784532e-18,0.0003126696040767862,0.0002581886593803662,
885146fca0,40000,875,2791250,27912.5,101.125470510512,6.076464682355148e-18,0.0003126696040767862,0.0002641817502043158,
885146fca0,40000,876,2794440,27944.4,101.125470510512,5.4560709112085784e-18,0.0003126696040767862,0.00022094090787333536,
885146fca0,40000,877,2797630,27976.3,101.125470510512,4.226246955942146e-18,0.0003126696040767862,0.0002407410823601175,
885146fca0,40000,878,2800820,28008.2,101.125470510512,4.554843162131049e-18,0.0003126696040767862,0.00026164916336504846,
885146fca0,40000,879,2804010,28040.1,101.125470510512,4.3005293646922254e-18,0.0003126696040767862,0.00024748055399244286,
885146fca0,40000,880,2807200,28072.0,101.125470510512,2.8334639212841642e-18,0.0003126696040767862,0.00023705459377667214,
885146fca0,40000,881,2810390,28103.9,101.125470510512,6.784417391666389e-18,0.0003126696040767862,0.00024115304409602276,
885146fca0,40000,882,2813580,28135.8,101.125470510512,4.579144345717612e-18,0.0003126696040767862,0.0002549130071626471,
885146fca0,40000,883,2816770,28167.7,101.125470510512,2.8306688315213768e-18,0.0003126696040767862,0.00025065597550930324,
885146fca0,40000,884,2819960,28199.6,101.125470510512,2.152101708762129e-18,0.0003126696040767862,0.00024589722265488213,
885146fca0,40000,885,2823150,28231.5,101.125470510512,1.7331910953171927e-17,0.0003126696040767862,0.0002329629384577432,
885146fca0,40000,886,2826340,28263.4,101.125470510512,8.324974704325046e-18,0.0003126696040767862,0.00023031598904502633,
885146fca0,40000,887,2829530,28295.3,101.125470510512,4.807792755700844e-18,0.0003126696040767862,0.00023092382847428235,
885146fca0,40000,888,2832720,28327.2,101.125470510512,3.8367609794223815e-18,0.0003126696040767862,0.00024277757260804758,
885146fca0,40000,889,2835910,28359.1,101.125470510512,6.850215644225583e-18,0.0003126696040767862,0.00025603973558972244,
885146fca0,40000,890,2839100,28391.0,101.125470510512,3.7140895039492086e-18,0.0003126696040767862,0.00023441435985766988,
885146fca0,40000,891,2842290,28422.9,101.125470510512,5.786308216850259e-18,0.0003126696040767862,0.00023511344376602353,
885146fca0,40000,892,2845480,28454.8,101.125470510512,3.8386502047238794e-18,0.0003126696040767862,0.00025085725823633905,
885146fca0,40000,893,2848670,28486.7,101.125470510512,5.124029837088711e-18,0.0003126696040767862,0.0002356484422753968,
885146fca0,40000,894,2851860,28518.6,101.125470510512,5.481926314419839e-18,0.0003126696040767862,0.00023330146769520645,
885146fca0,40000,895,2855050,28550.5,101.125470510512,5.952554042282614e-18,0.0003126696040767862,0.00024436447444701716,
885146fca0,40000,896,2858240,28582.4,101.125470510512,1.1230664766607297e-17,0.0003126696040767862,0.00022987635350036915,
885146fca0,40000,897,2861430,28614.3,101.125470510512,7.653043447900448e-18,0.0003126696040767862,0.0002462514659792467,
885146fca0,40000,898,2864620,28646.2,101.125470510512,1.2284515544836733e-17,0.0003126696040767862,0.00020664208797003148,
885146fca0,40000,899,2867810,28678.1,101.125470510512,4.980651262993379e-18,0.0003126696040767862,0.0002465488172297073,
885146fca0,40000,900,2871000,28710.0,101.125470510512,6.0912740718971115e-18,0.0003126696040767862,0.0002529070246734871,
885146fca0,40000,901,2874190,28741.9,101.125470510512,7.244307716706475e-18,0.0003126696040767862,0.00023764555677766074,
885146fca0,40000,902,2877380,28773.8,101.125470510512,3.769401624010384e-18,0.0003126696040767862,0.00024002663013145825,
885146fca0,40000,903,2880570,28805.7,101.125470510512,8.696118274803425e-18,0.0003126696040767862,0.00025535449066814924,
885146fca0,40000,904,2883760,28837.6,101.125470510512,6.032276167625313e-18,0.0003126696040767862,0.00024475516703233895,
885146fca0,40000,905,2886950,28869.5,101.125470510512,5.8487843896644e-18,0.0003126696040767862,0.00024440640074892153,
885146fca0,40000,906,2890140,28901.4,101.125470510512,5.6672980795974906e-18,0.0003126696040767862,0.00023478166268105439,
885146fca0,40000,907,2893330,28933.3,101.125470510512,3.988437920551104e-18,0.0003126696040767862,0.00025241104316341617,
885146fca0,40000,908,2896520,28965.2,101.125470510512,3.82508711128949e-18,0.0003126696040767862,0.0002297224199500784,
885146fca0,40000,909,2899710,28997.1,101.125470510512,6.013835210582303e-18,0.0003126696040767862,0.0002393658384329673,
885146fca0,40000,910,2902900,29029.0,101.125470510512,5.814119331695927e-18,0.0003126696040767862,0.0002524554512560129,
885146fca0,40000,911,2906090,29060.9,101.125470510512,5.10213429260404e-18,0.0003126696040767862,0.00023789431233141946,
885146fca0,40000,912,2909280,29092.8,101.125470510512,7.810054295034856e-18,0.0003126696040767862,0.00021747872482716021,
885146fca0,40000,913,2912470,29124.7,101.125470510512,5.399740365542526e-18,0.0003126696040767862,0.0002243327827599818,
885146fca0,40000,914,2915660,29156.6,101.125470510512,5.029368980774571e-18,0.0003126696040767862,0.00023062697002555773,
885146fca0,40000,915,2918850,29188.5,101.125470510512,4.352967279191307e-18,0.0003126696040767862,0.0002480734946972106,
885146fca0,40000,916,2922040,29220.4,101.125470510512,2.3249601399844518e-18,0.0003126696040767862,0.0002514961526251678,
885146fca0,40000,917,2925230,29252.3,101.125470510512,3.596052211170786e-18,0.0003126696040767862,0.000244864781256733,
885146fca0,40000,918,2928420,29284.2,101.125470510512,7.468895482464949e-18,0.0003126696040767862,0.00023617018129483622,
885146fca0,40000,919,2931610,29316.1,101.125470510512,5.4613475130599e-18,0.0003126696040767862,0.00024902424125532017,
885146fca0,40000,920,2934800,29348.0,101.125470510512,6.086862135484813e-18,0.0003126696040767862,0.00024947467160137295,
885146fca0,40000,921,2937990,29379.9,101.125470510512,1.652225111392879e-17,0.0003126696040767862,0.0002214936780882862,
885146fca0,40000,922,2941180,29411.8,101.125470510512,7.91102386236746e-18,0.0003126696040767862,0.000245377119872308,
885146fca0,40000,923,2944370,29443.7,101.125470510512,5.347294239415018e-18,0.0003126696040767862,0.00021618019711306953,
885146fca0,40000,924,2947560,29475.6,101.125470510512,2.8753156061538105e-18,0.0003126696040767862,0.00024818766961304175,
885146fca0,40000,925,2950750,29507.5,101.125470510512,6.712494138838827e-18,0.0003126696040767862,0.0002565235729201409,
885146fca0,40000,926,2953940,29539.4,101.125470510512,3.72504325024494e-18,0.0003126696040767862,0.00023348339180416695,
885146fca0,40000,927,2957130,29571.3,101.125470510512,3.676776775937342e-18,0.0003126696040767862,0.0002507655989219342,
885146fca0,40000,928,2960320,29603.2,101.125470510512,3.9751716993670593e-17,0.0003126696040767862,0.00023265177325909134,
885146fca0,40000,929,2963510,29635.1,101.125470510512,3.9225005551313935e-18,0.0003126696040767862,0.00022626207820671416,
885146fca0,40000,930,2966700,29667.0,101.125470510512,1.2754274910894084e-17,0.0003126696040767862,0.0002303823830852284,
885146fca0,40000,931,2969890,29698.9,101.125470510512,6.567878629442293e-18,0.0003126696040767862,0.00023663868918967764,
885146fca0,40000,932,2973080,29730.8,101.125470510512,5.178104637547117e-18,0.0003126696040767862,0.0002462719966398662,
885146fca0,40000,933,2976270,29762.7,101.125470510512,1.7011349530913985e-18,0.0003126696040767862,0.00024047314588192048,
885146fca0,40000,934,2979460,29794.6,101.125470510512,2.8480312981641017e-18,0.0003126696040767862,0.0002624954247466189,
885146fca0,40000,935,2982650,29826.5,101.125470510512,6.5225334184556566e-18,0.0003126696040767862,0.0002546244338487475,
885146fca0,40000,936,2985840,29858.4,101.125470510512,2.2921947702004466e-18,0.0003126696040767862,0.00021605008520449113,
885146fca0,40000,937,2989030,29890.3,101.125470510512,7.836781609570905e-18,0.0003126696040767862,0.00024141429718233895,
885146fca0,40000,938,2992220,29922.2,101.125470510512,6.0037886189176405e-18,0.0003126696040767862,0.00021244913067196882,
885146fca0,40000,939,2995410,29954.1,101.125470510512,1.0118021751957957e-16,0.0003126696040767862,0.0002320794482557596,
885146fca0,40000,940,2998600,29986.0,101.12547051048462,4.6486808597665725e-18,0.00027819968138926925,0.00020971464998489702,
885146fca0,40000,941,3001790,30017.9,101.12547051048462,2.29251462801544e-17,0.00027819968138926925,0.0002398721406010754,
885146fca0,40000,942,3004980,30049.8,101.12547051046596,2.522858783580752e-17,0.00033808481513760905,0.00026237428205506177,
885146fca0,40000,943,3008170,30081.7,101.12547051046351,4.2127639160272745e-17,0.0004089510632058394,0.0003160262729458117,
885146fca0,40000,944,3011360,30113.6,101.1254705104484,4.893220625257041e-18,0.00037563077555030383,0.0002962799647014149,
885146fca0,40000,945,3014550,30145.5,101.1254705104484,5.183961602701279e-18,0.00037563077555030383,0.0003193506647754992,
885146fca0,40000,946,3017740,30177.4,101.1254705104484,9.859920393567484e-18,0.00037563077555030383,0.00030702817718874126,
885146fca0,40000,947,3020930,30209.3,101.1254705104484,1.155925032932429e-17,0.00037563077555030383,0.0003049677218735792,
885146fca0,40000,948,3024120,30241.2,101.1254705104484,4.1310640150418404e-18,0.00037563077555030383,0.00028797891057234825,
885146fca0,40000,949,3027310,30273.1,101.1254705104484,8.655843824981059e-18,0.00037563077555030383,0.00027960009558938793,
885146fca0,40000,950,3030500,30305.0,101.1254705104484,8.029113253877316e-18,0.00037563077555030383,0.00028918824643049294,
885146fca0,40000,951,3033690,30336.9,101.1254705104484,5.527962864041833e-18,0.00037563077555030383,0.00027621176083377223,
885146fca0,40000,952,3036880,30368.8,101.1254705104484,4.892451233330209e-18,0.00037563077555030383,0.0002704333021063278,
885146fca0,40000,953,3040070,30400.7,101.1254705104484,6.993840620657416e-18,0.00037563077555030383,0.00030183163955846225,
885146fca0,40000,954,3043260,30432.6,101.1254705104484,3.4616406399471413e-18,0.00037563077555030383,0.00030793726427409695,
885146fca0,40000,955,3046450,30464.5,101.1254705104484,7.5431291544286e-18,0.00037563077555030383,0.0002848975528264462,
885146fca0,40000,956,3049640,30496.4,101.1254705104484,3.99072784798517e-18,0.00037563077555030383,0.00030913879690545133,
885146fca0,40000,957,3052830,30528.3,101.1254705104484,3.538228022901984e-18,0.00037563077555030383,0.00030523137258981126,
885146fca0,40000,958,3056020,30560.2,101.1254705104484,3.844393931490081e-18,0.00037563077555030383,0.0002801989363023156,
885146fca0,40000,959,3059210,30592.1,101.1254705104484,5.631170209866332e-18,0.00037563077555030383,0.00033163766646261895,
885146fca0,40000,960,3062400,30624.0,101.1254705104484,1.1751159925168632e-17,0.00037563077555030383,0.000291340904382164,
885146fca0,40000,961,3065590,30655.9,101.1254705104484,4.260555836653502e-18,0.00037563077555030383,0.0002996101280790884,
885146fca0,40000,962,3068780,30687.8,101.1254705104484,3.975542876058665e-18,0.00037563077555030383,0.0003044558764985841,
885146fca0,40000,963,3071970,30719.7,101.1254705104484,3.421436210168594e-18,0.00037563077555030383,0.0002903508126023182,
885146fca0,40000,964,3075160,30751.6,101.1254705104484,4.10670482923371e-18,0.00037563077555030383,0.00027902412694416916,
885146fca0,40000,965,3078350,30783.5,101.1254705104484,5.760567949657551e-18,0.00037563077555030383,0.0003105546489275864,
885146fca0,40000,966,3081540,30815.4,101.1254705104484,8.468362280691405e-18,0.00037563077555030383,0.0002818982589636156,
885146fca0,40000,967,3084730,30847.3,101.1254705104484,3.640995930772386e-18,0.00037563077555030383,0.00029247444443534067,
885146fca0,40000,968,3087920,30879.2,101.1254705104484,6.260813908822336e-18,0.00037563077555030383,0.0002713912838678125,
885146fca0,40000,969,3091110,30911.1,101.1254705104484,7.624442916054669e-18,0.00037563077555030383,0.00028717469469722863,
885146fca0,40000,970,3094300,30943.0,101.1254705104484,8.576126575367925e-18,0.00037563077555030383,0.0002953493579578491,
885146fca0,40000,971,3097490,30974.9,101.1254705104484,3.409588456295649e-18,0.00037563077555030383,0.0002776521379965971,
885146fca0,40000,972,3100680,31006.8,101.1254705104484,1.7982794201838185e-17,0.00037563077555030383,0.00029207791886962396,
885146fca0,40000,973,3103870,31038.7,101.1254705104484,4.3798185600101734e-18,0.00037563077555030383,0.00027751605873996716,
885146fca0,40000,974,3107060,31070.6,101.1254705104484,3.404295148253241e-18,0.00037563077555030383,0.00031470658366417254,
885146fca0,40000,975,3110250,31102.5,101.1254705104484,6.005296782214308e-17,0.00037563077555030383,0.0003011731786243582,
885146fca0,40000,976,3113440,31134.4,101.12547051042624,4.687819943665714e-18,0.0004016396695129286,0.00031435515004241555,
885146fca0,40000,977,3116630,31166.3,101.12547051042624,5.2296922994233085e-18,0.0004016396695129286,0.00030467636627867187,
885146fca0,40000,978,3119820,31198.2,101.12547051042624,4.821297638310155e-18,0.0004016396695129286,0.0003071558875048462,
885146fca0,40000,979,3123010,31230.1,101.12547051042624,7.991068466831593e-18,0.0004016396695129286,0.0003143448858255355,
885146fca0,40000,980,3126200,31262.0,101.12547051042624,7.461482511366609e-18,0.0004016396695129286,0.00031003265638281997,
885146fca0,40000,981,3129390,31293.9,101.12547051042624,7.910222136717864e-18,0.0004016396695129286,0.00030927248482993594,
885146fca0,40000,982,3132580,31325.8,101.12547051042624,7.274309259763761e-18,0.0004016396695129286,0.000310696215376365,
885146fca0,40000,983,3135770,31357.7,101.12547051042624,5.7637263958684875e-18,0.0004016396695129286,0.00031609186874786543,
885146fca0,40000,984,3138960,31389.6,101.12547051042624,1.2428427024144991e-17,0.0004016396695129286,0.0003037510068111401,
885146fca0,40000,985,3142150,31421.5,101.12547051042624,6.443461885462681e-18,0.0004016396695129286,0.0003248218653629466,
885146fca0,40000,986,3145340,31453.4,101.12547051042624,5.939895915036818e-18,0.0004016396695129286,0.00030302785598934406,
885146fca0,40000,987,3148530,31485.3,101.12547051042624,8.57003469103015e-18,0.0004016396695129286,0.00033918837374990416,
885146fca0,40000,988,3151720,31517.2,101.12547051042624,8.059831439377163e-18,0.0004016396695129286,0.00030763763296297563,
885146fca0,40000,989,3154910,31549.1,101.12547051042624,5.458490476371758e-18,0.0004016396695129286,0.0003515498417046602,
885146fca0,40000,990,3158100,31581.0,101.12547051042624,9.544733836443937e-18,0.0004016396695129286,0.000299522996824888,
885146fca0,40000,991,3161290,31612.9,101.12547051042624,9.92367373762525e-18,0.0004016396695129286,0.0003355844485608528,
885146fca0,40000,992,3164480,31644.8,101.12547051042624,7.56635469010979e-18,0.0004016396695129286,0.00031106609137156237,
885146fca0,40000,993,3167670,31676.7,101.12547051042624,1.6137444477615908e-17,0.0004016396695129286,0.00034163135318016714,
885146fca0,40000,994,3170860,31708.6,101.12547051041382,1.7912030483028415e-17,0.00038919951554236223,0.00031670343656744245,
885146fca0,40000,995,3174050,31740.5,101.12547051041382,2.43639233375544e-17,0.00038919951554236223,0.00031724284385478723,
885146fca0,40000,996,3177240,31772.4,101.12547051041382,6.820953521778942e-18,0.00038919951554236223,0.00032919608359414725,
885146fca0,40000,997,3180430,31804.3,101.12547051041382,7.395190336001665e-18,0.00038919951554236223,0.0003147256505469148,
885146fca0,40000,998,3183620,31836.2,101.12547051041382,4.381441276108047e-18,0.00038919951554236223,0.0002897733422403552,
885146fca0,40000,999,3186810,31868.1,101.12547051041382,5.334364194286663e-18,0.00038919951554236223,0.0003073597982485602,
885146fca0,40000,1000,3190000,31900.0,101.12547051041382,1.8239035661737467e-18,0.00038919951554236223,0.000265813175032857,
885146fca0,40000,1001,3193190,31931.9,101.12547051041382,5.6090213341949595e-18,0.00038919951554236223,0.0002608212366434272,
885146fca0,40000,1002,3196380,31963.8,101.12547051041382,5.721227151586489e-18,0.00038919951554236223,0.00029441157838341685,
885146fca0,40000,1003,3199570,31995.7,101.12547051041382,3.0922763329804386e-18,0.00038919951554236223,0.00031335211141870676,
885146fca0,40000,1004,3202760,32027.6,101.12547051041382,4.226567606091626e-18,0.00038919951554236223,0.00028800643941190074,
885146fca0,40000,1005,3205950,32059.5,101.12547051041382,3.1419559486432482e-18,0.00038919951554236223,0.0003152061030888603,
885146fca0,40000,1006,3209140,32091.4,101.12547051041382,7.167481281062107e-18,0.00038919951554236223,0.00031013967298396675,
885146fca0,40000,1007,3212330,32123.3,101.12547051041382,5.091450802949237e-18,0.00038919951554236223,0.00032401851082873166,
885146fca0,40000,1008,3215520,32155.2,101.12547051041382,4.348537859470884e-18,0.00038919951554236223,0.0003087303228452756,
885146fca0,40000,1009,3218710,32187.1,101.12547051041382,1.897187646648727e-18,0.00038919951554236223,0.0002879247294560311,
885146fca0,40000,1010,3221900,32219.0,101.12547051041382,1.934110540122204e-18,0.00038919951554236223,0.00028310282415786974,
885146fca0,40000,1011,3225090,32250.9,101.12547051041382,2.186217187845221e-18,0.00038919951554236223,0.00031395137697770147,
885146fca0,40000,1012,3228280,32282.8,101.12547051041382,3.358186050876065e-18,0.00038919951554236223,0.0002849011808736939,
885146fca0,40000,1013,3231470,32314.7,101.12547051041382,2.7742554692441176e-18,0.00038919951554236223,0.00032934630426267853,
885146fca0,40000,1014,3234660,32346.6,101.12547051041382,1.885322995774645e-18,0.00038919951554236223,0.00030218415750454206,
885146fca0,40000,1015,3237850,32378.5,101.12547051041382,2.09991629719426e-18,0.00038919951554236223,0.00030015529203975374,
885146fca0,40000,1016,3241040,32410.4,101.12547051041382,7.077652732320898e-18,0.00038919951554236223,0.000308065303022436,
885146fca0,40000,1017,3244230,32442.3,101.12547051041382,5.806747500030065e-18,0.00038919951554236223,0.0003100435502998544,
885146fca0,40000,1018,3247420,32474.2,101.12547051041382,3.3788909673436687e-18,0.00038919951554236223,0.00032208735274565493,
885146fca0,40000,1019,3250610,32506.1,101.12547051041382,3.744110628854678e-18,0.00038919951554236223,0.00034158484959946064,
885146fca0,40000,1020,3253800,32538.0,101.12547051041382,2.531582115233206e-18,0.00038919951554236223,0.0003055192281872364,
885146fca0,40000,1021,3256990,32569.9,101.12547051041382,2.2568473135791855e-18,0.00038919951554236223,0.0003060262547716304,
885146fca0,40000,1022,3260180,32601.8,101.12547051041382,7.060445307031676e-18,0.00038919951554236223,0.00030098071854969366,
885146fca0,40000,1023,3263370,32633.7,101.12547051041382,3.5148283631234385e-18,0.00038919951554236223,0.0002920118494418751,
885146fca0,40000,1024,3266560,32665.6,101.12547051041382,3.199440451962359e-18,0.00038919951554236223,0.00028398175084337444,
885146fca0,40000,1025,3269750,32697.5,101.12547051041382,5.246772684969704e-18,0.00038919951554236223,0.0002944786135964901,
885146fca0,40000,1026,3272940,32729.4,101.12547051041382,3.4510676342037926e-18,0.00038919951554236223,0.0002868946055609403,
885146fca0,40000,1027,3276130,32761.3,101.12547051041382,3.22584205005474e-18,0.00038919951554236223,0.00028963654590218843,
885146fca0,40000,1028,3279320,32793.2,101.12547051041382,7.1849922820225e-18,0.00038919951554236223,0.0002914303975878925,
885146fca0,40000,1029,3282510,32825.1,101.12547051041382,2.1747106248839736e-18,0.00038919951554236223,0.0002798381769292644,
885146fca0,40000,1030,3285700,32857.0,101.12547051041382,2.4492692669841346e-18,0.00038919951554236223,0.0003304209920119153,
885146fca0,40000,1031,3288890,32888.9,101.12547051041382,2.5001324586976602e-18,0.00038919951554236223,0.0002911121455368724,
885146fca0,40000,1032,3292080,32920.8,101.12547051041382,3.120385398729522e-18,0.00038919951554236223,0.00030262882312823575,
885146fca0,40000,1033,3295270,32952.7,101.12547051041382,2.303656763855257e-18,0.00038919951554236223,0.0002867894534473919,
885146fca0,40000,1034,3298460,32984.6,101.12547051041382,2.211299498685316e-18,0.00038919951554236223,0.0003184312556293225,
885146fca0,40000,1035,3301650,33016.5,101.12547051041382,3.545393496468147e-18,0.00038919951554236223,0.0003116352496113305,
885146fca0,40000,1036,3304840,33048.4,101.12547051041382,1.996785687696998e-18,0.00038919951554236223,0.0002718348325906148,
885146fca0,40000,1037,3308030,33080.3,101.12547051041382,2.6595721613604754e-18,0.00038919951554236223,0.00031031368153075235,
885146fca0,40000,1038,3311220,33112.2,101.12547051041382,5.4102938345059125e-18,0.00038919951554236223,0.00024850754590685924,
885146fca0,40000,1039,3314410,33144.1,101.12547051041382,7.182524671873103e-18,0.00038919951554236223,0.0003016102433179887,
885146fca0,40000,1040,3317600,33176.0,101.12547051041382,1.597216417018461e-17,0.00038919951554236223,0.00033461000430403494,
885146fca0,40000,1041,3320790,33207.9,101.12547051041382,4.62812928912791e-18,0.00038919951554236223,0.0003132957734819141,
885146fca0,40000,1042,3323980,33239.8,101.12547051041382,7.134643890329103e-18,0.00038919951554236223,0.0002859992955627632,
885146fca0,40000,1043,3327170,33271.7,101.12547051041382,4.644539990646746e-18,0.00038919951554236223,0.000310970954595343,
885146fca0,40000,1044,3330360,33303.6,101.12547051041382,1.757118673417006e-17,0.00038919951554236223,0.0002576227547584736,
885146fca0,40000,1045,3333550,33335.5,101.12547051041382,4.7405966509110065e-18,0.00038919951554236223,0.0002730331953459256,
885146fca0,40000,1046,3336740,33367.4,101.12547051041382,7.48691319531512e-18,0.00038919951554236223,0.00029804205991296916,
885146fca0,40000,1047,3339930,33399.3,101.12547051041382,3.1806419565765765e-18,0.00038919951554236223,0.0003032802876689787,
885146fca0,40000,1048,3343120,33431.2,101.12547051041382,4.323311593840134e-18,0.00038919951554236223,0.0003001123968720009,
885146fca0,40000,1049,3346310,33463.1,101.12547051041382,2.509356628545601e-18,0.00038919951554236223,0.000294479166387442,
885146fca0,40000,1050,3349500,33495.0,101.12547051041382,2.5856341911413166e-18,0.00038919951554236223,0.00028366104493461684,
885146fca0,40000,1051,3352690,33526.9,101.12547051041382,3.2968976729628443e-18,0.00038919951554236223,0.00031852022275466994,
885146fca0,40000,1052,3355880,33558.8,101.12547051041382,2.496351747523831e-18,0.00038919951554236223,0.00028250424260964596,
885146fca0,40000,1053,3359070,33590.7,101.12547051041382,2.5381733251706212e-18,0.00038919951554236223,0.0002880724458811409,
885146fca0,40000,1054,3362260,33622.6,101.12547051041382,8.176472863785838e-18,0.00038919951554236223,0.000287704358916462,
885146fca0,40000,1055,3365450,33654.5,101.12547051041382,5.043176369475004e-18,0.00038919951554236223,0.00032486277418755725,
885146fca0,40000,1056,3368640,33686.4,101.12547051041382,3.0456905086696926e-18,0.00038919951554236223,0.000301775951391499,
885146fca0,40000,1057,3371830,33718.3,101.12547051041382,3.7309053011759115e-18,0.00038919951554236223,0.00030007819761774916,
885146fca0,40000,1058,3375020,33750.2,101.12547051041382,2.8801706932036965e-18,0.00038919951554236223,0.00032726390090579696,
885146fca0,40000,1059,3378210,33782.1,101.12547051041382,3.750773898875772e-18,0.00038919951554236223,0.00032172786296895953,
885146fca0,40000,1060,3381400,33814.0,101.12547051041382,4.976239933570988e-18,0.00038919951554236223,0.0002964573526411442,
885146fca0,40000,1061,3384590,33845.9,101.12547051041382,1.9863940196583024e-18,0.00038919951554236223,0.0003035265444552639,
885146fca0,40000,1062,3387780,33877.8,101.12547051041382,3.610674119461282e-18,0.00038919951554236223,0.0002566302836381948,
885146fca0,40000,1063,3390970,33909.7,101.12547051041382,3.91092183679764e-18,0.00038919951554236223,0.00028659065695911366,
885146fca0,40000,1064,3394160,33941.6,101.12547051041382,7.250278493997535e-18,0.00038919951554236223,0.0002889716271904542,
885146fca0,40000,1065,3397350,33973.5,101.12547051041382,3.248697481306541e-18,0.00038919951554236223,0.00030041741347008514,
885146fca0,40000,1066,3400540,34005.4,101.12547051041382,3.513651228051102e-18,0.00038919951554236223,0.00030469530164327536,
885146fca0,40000,1067,3403730,34037.3,101.12547051041382,5.501173898972376e-18,0.00038919951554236223,0.0003077281379737939,
885146fca0,40000,1068,3406920,34069.2,101.12547051041382,2.186419277446019e-18,0.00038919951554236223,0.0002844209032598875,
885146fca0,40000,1069,3410110,34101.1,101.12547051041382,2.2496909497897616e-18,0.00038919951554236223,0.00029693045504597496,
885146fca0,40000,1070,3413300,34133.0,101.12547051041382,3.869808553196376e-18,0.00038919951554236223,0.00032511440362125116,
885146fca0,40000,1071,3416490,34164.9,101.12547051041382,2.7876484183392017e-18,0.00038919951554236223,0.0003218047311334915,
885146fca0,40000,1072,3419680,34196.8,101.12547051041382,8.79376285837061e-18,0.00038919951554236223,0.00028691340436629275,
885146fca0,40000,1073,3422870,34228.7,101.12547051041382,3.557860215543211e-18,0.00038919951554236223,0.0002834498278056878,
885146fca0,40000,1074,3426060,34260.6,101.12547051041382,3.622108770540153e-18,0.00038919951554236223,0.0003051077695464466,
885146fca0,40000,1075,3429250,34292.5,101.12547051041382,1.9116823390314324e-18,0.00038919951554236223,0.000278096388823783,
885146fca0,40000,1076,3432440,34324.4,101.12547051041382,3.174920604168551e-18,0.00038919951554236223,0.0002907773933553529,
885146fca0,40000,1077,3435630,34356.3,101.12547051041382,2.0920667617817326e-18,0.00038919951554236223,0.00027699536030956017,
885146fca0,40000,1078,3438820,34388.2,101.12547051041382,7.14738495840556e-18,0.00038919951554236223,0.0003088316752444474,
885146fca0,40000,1079,3442010,34420.1,101.12547051041382,4.085045238160701e-18,0.00038919951554236223,0.00030876366320549355,
885146fca0,40000,1080,3445200,34452.0,101.12547051041382,5.5024922478083196e-18,0.00038919951554236223,0.00030252496263200545,
885146fca0,40000,1081,3448390,34483.9,101.12547051041382,1.7597830062478264e-18,0.00038919951554236223,0.00029793422153671624,
885146fca0,40000,1082,3451580,34515.8,101.12547051041382,1.8695894862375956e-18,0.00038919951554236223,0.0002965054499936373,
885146fca0,40000,1083,3454770,34547.7,101.12547051041382,7.325054600616048e-18,0.00038919951554236223,0.0002956468951187472,
885146fca0,40000,1084,3457960,34579.6,101.12547051041382,2.0628495573872966e-18,0.00038919951554236223,0.0003023682152662397,
885146fca0,40000,1085,3461150,34611.5,101.12547051041382,2.1971594654428894e-18,0.00038919951554236223,0.00030882765284475104,
885146fca0,40000,1086,3464340,34643.4,101.12547051041382,1.903532012155089e-18,0.00038919951554236223,0.0002926058313733917,
885146fca0,40000,1087,3467530,34675.3,101.12547051041382,7.077448994967349e-18,0.00038919951554236223,0.00026531272408314893,
885146fca0,40000,1088,3470720,34707.2,101.12547051041382,4.701165411684217e-18,0.00038919951554236223,0.00027794465916857657,
885146fca0,40000,1089,3473910,34739.1,101.12547051041382,2.6054986271697737e-18,0.00038919951554236223,0.0003262853469336527,
885146fca0,40000,1090,3477100,34771.0,101.12547051041382,2.088921603255798e-18,0.00038919951554236223,0.0002895546156920345,
885146fca0,40000,1091,3480290,34802.9,101.12547051041382,3.544210490044608e-18,0.00038919951554236223,0.0002844628805178536,
885146fca0,40000,1092,3483480,34834.8,101.12547051041382,2.099590550354581e-18,0.00038919951554236223,0.00028116544907230023,
885146fca0,40000,1093,3486670,34866.7,101.12547051041382,2.377949289528433e-18,0.00038919951554236223,0.00028873251375211327,
885146fca0,40000,1094,3489860,34898.6,101.12547051041382,4.259293192630741e-18,0.00038919951554236223,0.00030750867100088437,
885146fca0,40000,1095,3493050,34930.5,101.12547051041382,3.676542866834181e-18,0.00038919951554236223,0.00030143272261393876,
885146fca0,40000,1096,3496240,34962.4,101.12547051041382,1.5811221408061981e-18,0.00038919951554236223,0.00031843017625297426,
885146fca0,40000,1097,3499430,34994.3,101.12547051041382,3.498945476838014e-18,0.00038919951554236223,0.00028952253273665867,
885146fca0,40000,1098,3502620,35026.2,101.12547051041382,2.9558026901762806e-18,0.00038919951554236223,0.0003339997557930996,
885146fca0,40000,1099,3505810,35058.1,101.12547051041382,3.2679386320804287e-18,0.00038919951554236223,0.0003189164795391033,
885146fca0,40000,1100,3509000,35090.0,101.12547051041382,2.4634371460706794e-18,0.00038919951554236223,0.0003284329007690933,
885146fca0,40000,1101,3512190,35121.9,101.12547051041382,1.2765909341900793e-17,0.00038919951554236223,0.00028293151978012117,
885146fca0,40000,1102,3515380,35153.8,101.12547051041382,4.80217086603486e-18,0.00038919951554236223,0.00031620603917284127,
885146fca0,40000,1103,3518570,35185.7,101.12547051041382,4.243422781442682e-18,0.00038919951554236223,0.0002942050553119763,
885146fca0,40000,1104,3521760,35217.6,101.12547051041382,4.45770024204321e-18,0.00038919951554236223,0.0003199039884839568,
885146fca0,40000,1105,3524950,35249.5,101.12547051041382,7.15570458866776e-18,0.00038919951554236223,0.0002881432798576784,
885146fca0,40000,1106,3528140,35281.4,101.12547051041382,4.4019354065458126e-18,0.00038919951554236223,0.00031026631637340367,
885146fca0,40000,1107,3531330,35313.3,101.12547051041382,7.141072007397014e-18,0.00038919951554236223,0.00028052265189326236,
885146fca0,40000,1108,3534520,35345.2,101.12547051041382,2.5445963781752814e-18,0.00038919951554236223,0.000301557923212012,
885146fca0,40000,1109,3537710,35377.1,101.12547051041382,3.3040654877835004e-18,0.00038919951554236223,0.00029255431710741383,
885146fca0,40000,1110,3540900,35409.0,101.12547051041382,5.162344403199626e-18,0.00038919951554236223,0.0002728070457287495,
885146fca0,40000,1111,3544090,35440.9,101.12547051041382,5.045284390059022e-18,0.00038919951554236223,0.0003036120761724817,
885146fca0,40000,1112,3547280,35472.8,101.12547051041382,6.6124622552201126e-18,0.00038919951554236223,0.0003132332269961521,
885146fca0,40000,1113,3550470,35504.7,101.12547051041382,7.089890473935602e-18,0.00038919951554236223,0.00030062303245249384,
885146fca0,40000,1114,3553660,35536.6,101.12547051041382,3.8786533736453705e-18,0.00038919951554236223,0.000310533758863577,
885146fca0,40000,1115,3556850,35568.5,101.12547051041382,2.7798631563582342e-18,0.00038919951554236223,0.0003194924215941976,
885146fca0,40000,1116,3560040,35600.4,101.12547051041382,4.946760144580269e-18,0.00038919951554236223,0.00032477489573434526,
885146fca0,40000,1117,3563230,35632.3,101.12547051041382,7.068081397697009e-18,0.00038919951554236223,0.0002860248264847291,
885146fca0,40000,1118,3566420,35664.2,101.12547051041382,6.515681429907977e-18,0.00038919951554236223,0.00031604670850018333,
885146fca0,40000,1119,3569610,35696.1,101.12547051041382,2.8689776088075655e-18,0.00038919951554236223,0.0003190443845391876,
885146fca0,40000,1120,3572800,35728.0,101.12547051041382,3.6098640158732744e-18,0.00038919951554236223,0.00029084520028732766,
885146fca0,40000,1121,3575990,35759.9,101.12547051041382,7.713334778827843e-18,0.00038919951554236223,0.00027732772865860075,
885146fca0,40000,1122,3579180,35791.8,101.12547051041382,4.862774586761572e-18,0.00038919951554236223,0.00030356510167376874,
885146fca0,40000,1123,3582370,35823.7,101.12547051041382,3.0586879949001346e-18,0.00038919951554236223,0.000315220226985992,
885146fca0,40000,1124,3585560,35855.6,101.12547051041382,7.050152156679587e-18,0.00038919951554236223,0.0003110787375910676,
885146fca0,40000,1125,3588750,35887.5,101.12547051041382,7.046915510617804e-18,0.00038919951554236223,0.00030910130423384807,
885146fca0,40000,1126,3591940,35919.4,101.12547051041382,4.4908857242463e-18,0.00038919951554236223,0.00031499277032756795,
885146fca0,40000,1127,3595130,35951.3,101.12547051041382,3.055181525214167e-18,0.00038919951554236223,0.0003113318922444415,
885146fca0,40000,1128,3598320,35983.2,101.12547051041382,8.658641327669867e-18,0.00038919951554236223,0.00029942936675255577,
885146fca0,40000,1129,3601510,36015.1,101.12547051041382,3.1134548003857302e-18,0.00038919951554236223,0.00032909658192015683,
885146fca0,40000,1130,3604700,36047.0,101.12547051041382,4.11479141320694e-18,0.00038919951554236223,0.0002494442646397089,
885146fca0,40000,1131,3607890,36078.9,101.12547051041382,1.3061111823727118e-17,0.00038919951554236223,0.00028819441141261223,
885146fca0,40000,1132,3611080,36110.8,101.12547051041382,4.721468191194687e-18,0.00038919951554236223,0.00029691642398379305,
885146fca0,40000,1133,3614270,36142.7,101.12547051041382,2.0375923137601447e-18,0.00038919951554236223,0.000316720868459806,
885146fca0,40000,1134,3617460,36174.6,101.12547051041382,2.380436029918323e-18,0.00038919951554236223,0.0003064905901819063,
885146fca0,40000,1135,3620650,36206.5,101.12547051041382,1.4990550017246173e-17,0.00038919951554236223,0.00030268198959974873,
885146fca0,40000,1136,3623840,36238.4,101.12547051041382,4.3066941820644e-18,0.00038919951554236223,0.00028137185142120886,
885146fca0,40000,1137,3627030,36270.3,101.12547051041382,2.1462180699209936e-18,0.00038919951554236223,0.00027877512838214247,
885146fca0,40000,1138,3630220,36302.2,101.12547051041382,2.38599439903253e-18,0.00038919951554236223,0.0003146456395368378,
885146fca0,40000,1139,3633410,36334.1,101.12547051041382,2.001907032017158e-18,0.00038919951554236223,0.00030250009633228116,
885146fca0,40000,1140,3636600,36366.0,101.12547051041382,1.328730004115813e-17,0.00038919951554236223,0.0002991769820541121,
885146fca0,40000,1141,3639790,36397.9,101.12547051041382,3.171303581141457e-18,0.00038919951554236223,0.00030925191933200844,
885146fca0,40000,1142,3642980,36429.8,101.12547051041382,3.527423149672736e-18,0.00038919951554236223,0.00032056952189376766,
885146fca0,40000,1143,3646170,36461.7,101.12547051041382,8.269142158498886e-18,0.00038919951554236223,0.0002629288057023636,
885146fca0,40000,1144,3649360,36493.6,101.12547051041382,7.158332280951121e-18,0.00038919951554236223,0.0003207176234909392,
885146fca0,40000,1145,3652550,36525.5,101.12547051041382,3.0761485618594947e-18,0.00038919951554236223,0.00027097310930980425,
885146fca0,40000,1146,3655740,36557.4,101.12547051041382,4.992529710484042e-18,0.00038919951554236223,0.00030844110409146175,
885146fca0,40000,1147,3658930,36589.3,101.12547051041382,4.751621967813601e-18,0.00038919951554236223,0.00030657833053310626,
885146fca0,40000,1148,3662120,36621.2,101.12547051041382,5.194354020234931e-18,0.00038919951554236223,0.0002923551713361261,
885146fca0,40000,1149,3665310,36653.1,101.12547051041382,3.970377742515437e-18,0.00038919951554236223,0.0002903831455343576,
885146fca0,40000,1150,3668500,36685.0,101.12547051041382,4.482855442177166e-18,0.00038919951554236223,0.00030350271390327914,
885146fca0,40000,1151,3671690,36716.9,101.12547051041382,2.360556211605012e-18,0.00038919951554236223,0.0003021642532335994,
885146fca0,40000,1152,3674880,36748.8,101.12547051041382,3.3433856092968094e-18,0.00038919951554236223,0.00031094066052463087,
885146fca0,40000,1153,3678070,36780.7,101.12547051041382,3.3980808043899597e-18,0.00038919951554236223,0.0002838819747084268,
885146fca0,40000,1154,3681260,36812.6,101.12547051041382,3.0210937507669334e-18,0.00038919951554236223,0.00030527937952308065,
885146fca0,40000,1155,3684450,36844.5,101.12547051041382,3.023392516261773e-18,0.00038919951554236223,0.00027580807544338374,
885146fca0,40000,1156,3687640,36876.4,101.12547051041382,2.7803886211368865e-17,0.00038919951554236223,0.00029811490238735623,
885146fca0,40000,1157,3690830,36908.3,101.12547051041382,4.457954292268879e-18,0.00038919951554236223,0.0003046301909190314,
885146fca0,40000,1158,3694020,36940.2,101.12547051041382,2.109540910005593e-17,0.00038919951554236223,0.0002930892072511163,
885146fca0,40000,1159,3697210,36972.1,101.12547051041382,3.0846992943463554e-17,0.00038919951554236223,0.0002858644360255339,
885146fca0,40000,1160,3700400,37004.0,101.12547051041382,4.052386066229937e-18,0.00038919951554236223,0.00030692405666906276,
885146fca0,40000,1161,3703590,37035.9,101.12547051041382,3.908708875617551e-18,0.00038919951554236223,0.0003080864828205264,
885146fca0,40000,1162,3706780,37067.8,101.12547051041382,4.908909349439134e-18,0.00038919951554236223,0.0002944778690397856,
885146fca0,40000,1163,3709970,37099.7,101.12547051041382,6.765693025493856e-18,0.00038919951554236223,0.0003157708098293689,
885146fca0,40000,1164,3713160,37131.6,101.12547051041382,3.4262126165842536e-18,0.00038919951554236223,0.0002982531823470591,
885146fca0,40000,1165,3716350,37163.5,101.12547051041382,2.7458871899434098e-18,0.00038919951554236223,0.0002918797756362792,
885146fca0,40000,1166,3719540,37195.4,101.12547051041382,9.715807158954089e-18,0.00038919951554236223,0.00031474856988214126,
885146fca0,40000,1167,3722730,37227.3,101.12547051040316,7.064785880482033e-18,0.0003819617124960465,0.0002889571768037273,
885146fca0,40000,1168,3725920,37259.2,101.12547051040316,2.4113344734463874e-18,0.0003819617124960465,0.0003009285367263207,
885146fca0,40000,1169,3729110,37291.1,101.12547051040316,4.53096157316524e-18,0.0003819617124960465,0.0003060821905646889,
885146fca0,40000,1170,3732300,37323.0,101.12547051040316,3.7774631569134795e-18,0.0003819617124960465,0.00028160634921243225,
885146fca0,40000,1171,3735490,37354.9,101.12547051040316,5.067676993295647e-18,0.0003819617124960465,0.0002690876101495622,
885146fca0,40000,1172,3738680,37386.8,101.12547051040316,2.7885526012352206e-18,0.0003819617124960465,0.0003068176959167657,
885146fca0,40000,1173,3741870,37418.7,101.12547051040316,1.9505872320856914e-18,0.0003819617124960465,0.00028346924317363515,
885146fca0,40000,1174,3745060,37450.6,101.12547051040316,2.8752122612349225e-18,0.0003819617124960465,0.00029594850424016544,
885146fca0,40000,1175,3748250,37482.5,101.12547051040316,1.5746090498181517e-18,0.0003819617124960465,0.0003179433868499389,
885146fca0,40000,1176,3751440,37514.4,101.12547051040316,2.2723342916099842e-18,0.0003819617124960465,0.00030309729268722445,
885146fca0,40000,1177,3754630,37546.3,101.12547051040316,1.8510033447550152e-18,0.0003819617124960465,0.00029975368329308725,
885146fca0,40000,1178,3757820,37578.2,101.12547051040316,2.1767648189552205e-18,0.0003819617124960465,0.00030742173254314154,
885146fca0,40000,1179,3761010,37610.1,101.12547051040316,3.231059362184343e-18,0.0003819617124960465,0.0003052311073474392,
885146fca0,40000,1180,3764200,37642.0,101.12547051040316,7.027208289932643e-18,0.0003819617124960465,0.00030328949750279183,
885146fca0,40000,1181,3767390,37673.9,101.12547051040316,3.152592511802912e-18,0.0003819617124960465,0.0003034704914814067,
885146fca0,40000,1182,3770580,37705.8,101.12547051040316,2.9065780557559673e-18,0.0003819617124960465,0.0003247911348087037,
885146fca0,40000,1183,3773770,37737.7,101.12547051040316,1.0191952058605348e-17,0.0003819617124960465,0.00031135277573141767,
885146fca0,40000,1184,3776960,37769.6,101.12547051040316,4.173567565848197e-18,0.0003819617124960465,0.0003129755766223984,
885146fca0,40000,1185,3780150,37801.5,101.12547051040316,3.578770834911933e-18,0.0003819617124960465,0.0002846531040556346,
885146fca0,40000,1186,3783340,37833.4,101.12547051040316,1.074726921903365e-17,0.0003819617124960465,0.0003037982478629477,
885146fca0,40000,1187,3786530,37865.3,101.12547051040316,5.913356128419694e-18,0.0003819617124960465,0.00029501378156486106,
885146fca0,40000,1188,3789720,37897.2,101.12547051040316,3.660501391143737e-18,0.0003819617124960465,0.00030535546480110667,
885146fca0,40000,1189,3792910,37929.1,101.12547051040316,1.0544084884142976e-17,0.0003819617124960465,0.0002783478579614218,
885146fca0,40000,1190,3796100,37961.0,101.12547051040316,3.628882367003306e-18,0.0003819617124960465,0.00030757089335895936,
885146fca0,40000,1191,3799290,37992.9,101.12547051040316,3.697479523868968e-18,0.0003819617124960465,0.0003189134295195393,
885146fca0,40000,1192,3802480,38024.8,101.12547051040316,7.942814023108542e-18,0.0003819617124960465,0.00030847009876278715,
885146fca0,40000,1193,3805670,38056.7,101.12547051040316,4.488822353359604e-18,0.0003819617124960465,0.00030346986950159296,
885146fca0,40000,1194,3808860,38088.6,101.12547051040316,5.052940512799628e-18,0.0003819617124960465,0.0003009359155909918,
885146fca0,40000,1195,3812050,38120.5,101.12547051040316,6.259317202375345e-18,0.0003819617124960465,0.0003020876884962895,
885146fca0,40000,1196,3815240,38152.4,101.12547051040316,6.972548717462465e-18,0.0003819617124960465,0.0002897316521239804,
885146fca0,40000,1197,3818430,38184.3,101.12547051040316,2.5816635021897908e-17,0.0003819617124960465,0.00029612977869398983,
885146fca0,40000,1198,3821620,38216.2,101.12547051040316,7.677762705451888e-18,0.0003819617124960465,0.0002868129330741434,
885146fca0,40000,1199,3824810,38248.1,101.12547051040316,2.5770843410480892e-18,0.0003819617124960465,0.0003097333710783469,
885146fca0,40000,1200,3828000,38280.0,101.12547051040316,3.8076853846901765e-18,0.0003819617124960465,0.00029594795420616527,
885146fca0,40000,1201,3831190,38311.9,101.12547051040316,3.8944711230017745e-18,0.0003819617124960465,0.00027943335274732413,
885146fca0,40000,1202,3834380,38343.8,101.12547051040316,4.2765692276179885e-18,0.0003819617124960465,0.000293782533414448,
885146fca0,40000,1203,3837570,38375.7,101.12547051040316,5.114720569226419e-18,0.0003819617124960465,0.00030162105440812266,
885146fca0,40000,1204,3840760,38407.6,101.12547051040316,4.6841565599709206e-18,0.0003819617124960465,0.00029422243498470366,
885146fca0,40000,1205,3843950,38439.5,101.12547051040316,3.500869089674647e-18,0.0003819617124960465,0.00026669152292757044,
885146fca0,40000,1206,3847140,38471.4,101.12547051040316,2.2708343426146254e-18,0.0003819617124960465,0.00027769871203898067,
885146fca0,40000,1207,3850330,38503.3,101.12547051040316,1.8682468813044455e-17,0.0003819617124960465,0.0002866870363395807,
885146fca0,40000,1208,3853520,38535.2,101.12547051040316,3.8356717141308766e-18,0.0003819617124960465,0.0002947751873158401,
885146fca0,40000,1209,3856710,38567.1,101.12547051040316,4.255441281734787e-18,0.0003819617124960465,0.0002462121181538417,
885146fca0,40000,1210,3859900,38599.0,101.12547051040316,3.3826018645651837e-18,0.0003819617124960465,0.0002958157968721898,
885146fca0,40000,1211,3863090,38630.9,101.12547051040316,2.243145866048442e-18,0.0003819617124960465,0.00030950222875984355,
885146fca0,40000,1212,3866280,38662.8,101.12547051040316,7.102462253465895e-18,0.0003819617124960465,0.0002913833101219237,
885146fca0,40000,1213,3869470,38694.7,101.12547051040316,2.8757011921057896e-18,0.0003819617124960465,0.00027761834779448097,
885146fca0,40000,1214,3872660,38726.6,101.12547051040316,2.1677371476441674e-18,0.0003819617124960465,0.0002704969797807152,
885146fca0,40000,1215,3875850,38758.5,101.12547051040316,1.039259707405147e-18,0.0003819617124960465,0.0003145008891708579,
885146fca0,40000,1216,3879040,38790.4,101.12547051040316,7.005802477274011e-18,0.0003819617124960465,0.0003005666205614823,
885146fca0,40000,1217,3882230,38822.3,101.12547051040316,2.8084129290784898e-18,0.0003819617124960465,0.0002831425606064563,
885146fca0,40000,1218,3885420,38854.2,101.12547051040316,3.2282773992902854e-18,0.0003819617124960465,0.000285929537994677,
885146fca0,40000,1219,3888610,38886.1,101.12547051040316,2.76834621220045e-18,0.0003819617124960465,0.00031136874562723846,
885146fca0,40000,1220,3891800,38918.0,101.12547051040316,3.832931099423389e-18,0.0003819617124960465,0.00031418891367832795,
885146fca0,40000,1221,3894990,38949.9,101.12547051040316,9.853159249781576e-18,0.0003819617124960465,0.00030664898307364877,
885146fca0,40000,1222,3898180,38981.8,101.12547051040316,4.386099454480116e-18,0.0003819617124960465,0.00031703850151683366,
885146fca0,40000,1223,3901370,39013.7,101.12547051040316,2.7765043436983993e-18,0.0003819617124960465,0.0002971261882235563,
885146fca0,40000,1224,3904560,39045.6,101.12547051040316,5.006397997281844e-18,0.0003819617124960465,0.00028251412851844294,
885146fca0,40000,1225,3907750,39077.5,101.12547051040316,3.1624355573991506e-18,0.0003819617124960465,0.0002673583444171454,
885146fca0,40000,1226,3910940,39109.4,101.12547051040316,2.9371913656771546e-18,0.0003819617124960465,0.00030815189574927445,
885146fca0,40000,1227,3914130,39141.3,101.12547051040316,3.974419246007219e-18,0.0003819617124960465,0.00028956759449066613,
885146fca0,40000,1228,3917320,39173.2,101.12547051040316,6.995891597320602e-18,0.0003819617124960465,0.0002911290636368301,
885146fca0,40000,1229,3920510,39205.1,101.12547051040316,4.322003419830047e-18,0.0003819617124960465,0.00027120258572113035,
885146fca0,40000,1230,3923700,39237.0,101.12547051040316,7.711881254174529e-18,0.0003819617124960465,0.00030344016447528,
885146fca0,40000,1231,3926890,39268.9,101.12547051040316,3.2710817796191003e-18,0.0003819617124960465,0.0003197614638019569,
885146fca0,40000,1232,3930080,39300.8,101.12547051040316,6.7460280507504715e-18,0.0003819617124960465,0.00027451390117420654,
885146fca0,40000,1233,3933270,39332.7,101.12547051040316,1.965635555456056e-18,0.0003819617124960465,0.00032310093720529546,
885146fca0,40000,1234,3936460,39364.6,101.12547051040316,4.223679174003709e-18,0.0003819617124960465,0.00030119466298956664,
885146fca0,40000,1235,3939650,39396.5,101.12547051040316,4.596825232530986e-18,0.0003819617124960465,0.00032235152949380776,
885146fca0,40000,1236,3942840,39428.4,101.12547051040316,5.8676182754910404e-18,0.0003819617124960465,0.0003183614746081123,
885146fca0,40000,1237,3946030,39460.3,101.12547051040316,3.01322335780564e-18,0.0003819617124960465,0.0002819634146192507,
885146fca0,40000,1238,3949220,39492.2,101.12547051040316,2.718806822390396e-18,0.0003819617124960465,0.00027420750964678175,
885146fca0,40000,1239,3952410,39524.1,101.12547051040316,8.047965197657721e-18,0.0003819617124960465,0.00029714275678916765,
885146fca0,40000,1240,3955600,39556.0,101.12547051040316,4.738098598388049e-18,0.0003819617124960465,0.0003191590057659858,
885146fca0,40000,1241,3958790,39587.9,101.12547051040316,3.3149038319776284e-18,0.0003819617124960465,0.00029709072196668757,
885146fca0,40000,1242,3961980,39619.8,101.12547051040316,6.990008232321353e-18,0.0003819617124960465,0.00028476504504017745,
885146fca0,40000,1243,3965170,39651.7,101.12547051040316,2.94059265114366e-18,0.0003819617124960465,0.0003030145159935207,
885146fca0,40000,1244,3968360,39683.6,101.12547051040316,4.1270674706658335e-18,0.0003819617124960465,0.00029904510542480724,
885146fca0,40000,1245,3971550,39715.5,101.12547051040316,6.971011492069963e-18,0.0003819617124960465,0.00031922206487407917,
885146fca0,40000,1246,3974740,39747.4,101.12547051040316,1.1708945758980986e-17,0.0003819617124960465,0.00031958198944991956,
885146fca0,40000,1247,3977930,39779.3,101.12547051040316,4.815430359322425e-18,0.0003819617124960465,0.0003207201922342838,
885146fca0,40000,1248,3981120,39811.2,101.12547051040316,6.937820166631866e-18,0.0003819617124960465,0.0003186223186264714,
885146fca0,40000,1249,3984310,39843.1,101.12547051040316,3.4752867034047075e-18,0.0003819617124960465,0.00031020274752582323,
885146fca0,40000,1250,3987500,39875.0,101.12547051040316,4.780555120421163e-18,0.0003819617124960465,0.00024944611859693534,
885146fca0,40000,1251,3990690,39906.9,101.12547051040316,3.0008307958179476e-18,0.0003819617124960465,0.0003058170321397007,
885146fca0,40000,1252,3993880,39938.8,101.12547051040316,4.712150906606002e-18,0.0003819617124960465,0.0003206689466872983,
885146fca0,40000,1253,3997070,39970.7,101.12547051040316,,0.0003819617124960465,0.00027464115034325933,
9be33bf065,40000,0,0,0.0,516651013610901.0,4.973633335683113,119640441474639.08,98571227027264.58,"ProjectedCommonDirectionsConfig(subspace_frac_grads=0.1, subspace_frac_updates=0.1, subspace_frac_random=0.1, direction_str=newton, use_hess=True, random_proj=True, random_proj_dim_frac=0.6, ensemble=haar, inner_use_full_grad=True, reg_lambda=0, orth_P_k=True, beta=0.001, tau=0.5, c_const=inf, N_try=200, alpha_max=1, p_const=1)"
9be33bf065,40000,1,3190,31.9,129162753402801.12,6.496229274545663,59820220737319.54,45557719510245.45,
9be33bf065,40000,2,6380,63.8,101.12547051424377,4.143260539172681e-07,0.01347602916475812,0.010227891840510022,
9be33bf065,40000,3,9570,95.7,101.12547051371935,1.70852512784191e-08,0.009856494547121652,0.007603072351964961,
9be33bf065,40000,4,12760,127.6,101.12547051369914,8.253394093016573e-08,0.009826728298561911,0.007778729434846354,
9be33bf065,40000,5,15950,159.5,101.12547051322643,1.6492973775897903e-06,0.006588259823804674,0.005485156521285695,
9be33bf065,40000,6,19140,191.4,101.12547051306231,9.120693683252831e-17,0.0007013769339490532,0.0005752629178532987,
9be33bf065,40000,7,22330,223.3,101.1254705130319,4.005145152028964e-17,0.000676098946998225,0.0005119569470359639,
9be33bf065,40000,8,25520,255.2,101.1254705130319,1.3843802452833364e-13,0.000676098946998225,0.0005027285869033336,
9be33bf065,40000,9,28710,287.1,101.12547051277741,9.911765929798541e-16,0.000314295240842945,0.00024278897695956128,
9be33bf065,40000,10,31900,319.0,101.1254705124884,8.119056482659796e-17,0.0008934686897248128,0.0007201157283868551,
9be33bf065,40000,11,35090,350.9,101.1254705124793,6.465017134096754e-17,0.0007894955289480793,0.0005546123507954892,
9be33bf065,40000,12,38280,382.8,101.12547051245362,2.450262293133584e-17,0.0007778966211884347,0.0005971670567392069,
9be33bf065,40000,13,41470,414.7,101.12547051242794,3.066654826795076e-17,0.0007602088275658035,0.000583866341983794,
9be33bf065,40000,14,44660,446.6,101.12547051242794,2.3655175394446244e-17,0.0007602088275658035,0.0006080470490017121,
9be33bf065,40000,15,47850,478.5,101.12547051242794,1.9955329134964083e-17,0.0007602088275658035,0.0006034887059064308,
9be33bf065,40000,16,51040,510.4,101.12547051242794,5.0047072153693845e-18,0.0007602088275658035,0.0006310382630497555,
9be33bf065,40000,17,54230,542.3,101.12547051242794,1.6791429905031085e-18,0.0007602088275658035,0.0005755607018423362,
9be33bf065,40000,18,57420,574.2,101.12547051242794,3.4574155556439406e-17,0.0007602088275658035,0.0005855625638655994,
9be33bf065,40000,19,60610,606.1,101.12547051242794,2.660534970147442e-17,0.0007602088275658035,0.0005635432135199687,
9be33bf065,40000,20,63800,638.0,101.12547051242794,3.0383416656713303e-18,0.0007602088275658035,0.0006127758776679359,
9be33bf065,40000,21,66990,669.9,101.12547051242794,2.2618824209476925e-17,0.0007602088275658035,0.0006036610063521991,
9be33bf065,40000,22,70180,701.8,101.12547051242794,3.852746598638168e-17,0.0007602088275658035,0.0006161803464785529,
9be33bf065,40000,23,73370,733.7,101.12547051242794,2.7964329556603976e-17,0.0007602088275658035,0.0005301884715849995,
9be33bf065,40000,24,76560,765.6,101.12547051242794,5.799106515608488e-18,0.0007602088275658035,0.0005526184627442106,
9be33bf065,40000,25,79750,797.5,101.12547051242794,1.3970862543022336e-17,0.0007602088275658035,0.0006105541915581001,
9be33bf065,40000,26,82940,829.4,101.12547051242794,2.778992547362769e-17,0.0007602088275658035,0.0006529985892944801,
9be33bf065,40000,27,86130,861.3,101.12547051242794,1.1420737322948885e-17,0.0007602088275658035,0.0005384163228176965,
9be33bf065,40000,28,89320,893.2,101.12547051242794,9.302933935881294e-18,0.0007602088275658035,0.0006153019239119458,
9be33bf065,40000,29,92510,925.1,101.12547051242794,2.770129653993778e-17,0.0007602088275658035,0.0006152241764259348,
9be33bf065,40000,30,95700,957.0,101.12547051242794,2.7663398923441692e-17,0.0007602088275658035,0.0006166204861828334,
9be33bf065,40000,31,98890,988.9,101.12547051242794,5.827906228376695e-18,0.0007602088275658035,0.0005702202117703457,
9be33bf065,40000,32,102080,1020.8,101.12547051242794,8.220691093467031e-18,0.0007602088275658035,0.0005958215369031404,
9be33bf065,40000,33,105270,1052.7,101.12547051242794,9.607432565481146e-18,0.0007602088275658035,0.0005872908438514734,
9be33bf065,40000,34,108460,1084.6,101.12547051242794,1.3143383770173838e-15,0.0007602088275658035,0.0005905071424572909,
9be33bf065,40000,35,111650,1116.5,101.12547051232475,1.6198875875213973e-16,4.555850452113478e-05,3.7036066566102696e-05,
9be33bf065,40000,36,114840,1148.4,101.12547051226338,1.2701108143855336e-17,4.3967011851388016e-05,3.704701821443801e-05,
9be33bf065,40000,37,118030,1180.3,101.12547051226338,1.6257932107550744e-17,4.3967011851388016e-05,3.476312244897454e-05,
9be33bf065,40000,38,121220,1212.2,101.12547051226338,1.6559298176469613e-17,4.3967011851388016e-05,3.137660423211464e-05,
9be33bf065,40000,39,124410,1244.1,101.12547051226338,4.233693801931568e-17,4.3967011851388016e-05,3.533417665627358e-05,
9be33bf065,40000,40,127600,1276.0,101.12547051224088,1.5071280174640247e-17,3.188447757929265e-05,2.319534010485831e-05,
9be33bf065,40000,41,130790,1307.9,101.12547051224088,1.0774828348171414e-17,3.188447757929265e-05,2.4540961406549673e-05,
9be33bf065,40000,42,133980,1339.8,101.12547051224088,1.0697123616072132e-17,3.188447757929265e-05,2.435713798130158e-05,
9be33bf065,40000,43,137170,1371.7,101.12547051224088,8.324741977573444e-17,3.188447757929265e-05,2.3426086451997632e-05,
9be33bf065,40000,44,140360,1403.6,101.12547051222737,4.3956527249486126e-18,0.00016117667884072304,0.00012778927016234525,
9be33bf065,40000,45,143550,1435.5,101.12547051222737,7.705305679872832e-19,0.00016117667884072304,0.00012864393326225663,
9be33bf065,40000,46,146740,1467.4,101.12547051222737,1.4059261192271607e-17,0.00016117667884072304,0.0001253170607750905,
9be33bf065,40000,47,149930,1499.3,101.12547051222737,3.624705563069781e-18,0.00016117667884072304,0.00013181398528196072,
9be33bf065,40000,48,153120,1531.2,101.12547051222737,2.748676442035011e-16,0.00016117667884072304,0.00013122996751959673,
9be33bf065,40000,49,156310,1563.1,101.12547051219275,5.692617697333176e-17,0.00017079598290423186,0.00012513502350696397,
9be33bf065,40000,50,159500,1595.0,101.12547051216573,1.3837872940826479e-17,0.00015782127476936857,0.00011466463379507722,
9be33bf065,40000,51,162690,1626.9,101.12547051216573,1.9393602608587087e-17,0.00015782127476936857,0.00011933845485886053,
9be33bf065,40000,52,165880,1658.8,101.12547051216573,1.9163712721708054e-17,0.00015782127476936857,0.0001298885629348496,
9be33bf065,40000,53,169070,1690.7,101.12547051216573,1.7912948684961013e-17,0.00015782127476936857,0.00011684070352418562,
9be33bf065,40000,54,172260,1722.6,101.12547051216573,2.0859662199362916e-18,0.00015782127476936857,0.00012220686453665128,
9be33bf065,40000,55,175450,1754.5,101.12547051216573,5.84261583593274e-18,0.00015782127476936857,0.00012551392657673887,
9be33bf065,40000,56,178640,1786.4,101.12547051216573,2.0928453791718536e-16,0.00015782127476936857,0.00012112973420260503,
9be33bf065,40000,57,181830,1818.3,101.12547051214105,2.6493510067563724e-17,9.186206304021105e-05,6.558173258540726e-05,
9be33bf065,40000,58,185020,1850.2,101.12547051214105,3.1037392823764326e-17,9.186206304021105e-05,7.327732567103304e-05,
9be33bf065,40000,59,188210,1882.1,101.12547051214105,2.516519714065283e-17,9.186206304021105e-05,7.066792065013877e-05,
9be33bf065,40000,60,191400,1914.0,101.12547051214105,2.278041220211433e-16,9.186206304021105e-05,7.472875150738267e-05,
9be33bf065,40000,61,194590,1945.9,101.12547051208412,2.955945773057787e-17,0.00020204843624099412,0.00016571463616439017,
9be33bf065,40000,62,197780,1977.8,101.12547051208412,1.278500984427127e-16,0.00020204843624099412,0.00015728546784732556,
9be33bf065,40000,63,200970,2009.7,101.12547051207234,5.855701589594772e-17,0.00013649346603417973,0.00010817287566392027,
9be33bf065,40000,64,204160,2041.6,101.12547051204533,1.5528982039712383e-17,0.0001494681741677801,0.00011806399787995096,
9be33bf065,40000,65,207350,2073.5,101.12547051204533,7.64234312216754e-16,0.0001494681741677801,0.00010838279481499682,
9be33bf065,40000,66,210540,2105.4,101.1254705119337,1.6520504586362088e-17,0.0006423196339933551,0.000474605305312751,
9be33bf065,40000,67,213730,2137.3,101.1254705119337,1.2505476296975437e-17,0.0006423196339933551,0.00045677398610260864,
9be33bf065,40000,68,216920,2169.2,101.1254705119337,7.039616185968982e-17,0.0006423196339933551,0.000519251840047999,
9be33bf065,40000,69,220110,2201.1,101.1254705119302,4.097283215048251e-17,0.0006550774997587207,0.0005258201799876039,
9be33bf065,40000,70,223300,2233.0,101.1254705119302,1.3791814760086932e-16,0.0006550774997587207,0.0005073665459279728,
9be33bf065,40000,71,226490,2264.9,101.1254705119212,2.4910681362684566e-17,0.0007680751399773591,0.0006315271555584365,
9be33bf065,40000,72,229680,2296.8,101.1254705119212,2.4113278584668567e-16,0.0007680751399773591,0.0005886258024671511,
9be33bf065,40000,73,232870,2328.7,101.12547051181478,2.373896813989549e-17,0.0009010361730461582,0.0007328875673551788,
9be33bf065,40000,74,236060,2360.6,101.12547051181478,2.793504828425803e-17,0.0009010361730461582,0.0006868101547239047,
9be33bf065,40000,75,239250,2392.5,101.12547051181478,4.0465064831733734e-17,0.0009010361730461582,0.0006663923114442495,
9be33bf065,40000,76,242440,2424.4,101.12547051178733,2.849853312755005e-17,0.0008879947568850552,0.0007356876748241404,
9be33bf065,40000,77,245630,2456.3,101.12547051178733,1.4212445918222548e-17,0.0008879947568850552,0.000694010296068918,
9be33bf065,40000,78,248820,2488.2,101.12547051178733,1.6986360266774123e-17,0.0008879947568850552,0.0006749975698264005,
9be33bf065,40000,79,252010,2520.1,101.12547051178733,3.519487824554103e-17,0.0008879947568850552,0.0006113935986785857,
9be33bf065,40000,80,255200,2552.0,101.12547051172977,1.4765766239884214e-17,0.0008615116764965727,0.0007335312344758534,
9be33bf065,40000,81,258390,2583.9,101.12547051172977,4.039909120571227e-17,0.0008615116764965727,0.0006494703862632192,
9be33bf065,40000,82,261580,2615.8,101.12547051172977,1.578579184711999e-17,0.0008615116764965727,0.0006651325676787165,
9be33bf065,40000,83,264770,2647.7,101.12547051172977,1.598251141840867e-17,0.0008615116764965727,0.0007119056284817304,
9be33bf065,40000,84,267960,2679.6,101.12547051172977,1.3540938433335034e-17,0.0008615116764965727,0.0007247021466389429,
9be33bf065,40000,85,271150,2711.5,101.12547051172977,1.6073484610045852e-17,0.0008615116764965727,0.0005859949419738638,
9be33bf065,40000,86,274340,2743.4,101.12547051172977,1.5625669640978984e-17,0.0008615116764965727,0.000603189270387168,
9be33bf065,40000,87,277530,2775.3,101.12547051172977,2.2607691944612663e-17,0.0008615116764965727,0.0006842684949539713,
9be33bf065,40000,88,280720,2807.2,101.12547051172977,2.944432489847944e-17,0.0008615116764965727,0.0006931651171719718,
9be33bf065,40000,89,283910,2839.1,101.12547051172977,3.355783378795448e-17,0.0008615116764965727,0.0005724889404972331,
9be33bf065,40000,90,287100,2871.0,101.12547051172977,1.507425782224506e-17,0.0008615116764965727,0.0005909347730137396,
9be33bf065,40000,91,290290,2902.9,101.12547051172977,1.9653353064149276e-17,0.0008615116764965727,0.0006194696137928113,
9be33bf065,40000,92,293480,2934.8,101.12547051172977,3.217569051347731e-17,0.0008615116764965727,0.0006199123789957618,
9be33bf065,40000,93,296670,2966.7,101.12547051172677,1.7622856385882792e-17,0.0008167504379431993,0.0006141287323664418,
9be33bf065,40000,94,299860,2998.6,101.12547051172677,1.7493717615836222e-17,0.0008167504379431993,0.0006767041693549969,
9be33bf065,40000,95,303050,3030.5,101.12547051172677,2.7511314406329937e-17,0.0008167504379431993,0.0006174561605535869,
9be33bf065,40000,96,306240,3062.4,101.12547051172677,1.826466945959038e-17,0.0008167504379431993,0.0006711392073403809,
9be33bf065,40000,97,309430,3094.3,101.12547051172677,3.287218957425423e-17,0.0008167504379431993,0.0006858670898751761,
9be33bf065,40000,98,312620,3126.2,101.12547051172677,2.1264184718935615e-17,0.0008167504379431993,0.00064669636875197,
9be33bf065,40000,99,315810,3158.1,101.12547051172677,1.3803904385065194e-17,0.0008167504379431993,0.0006449622240154406,
9be33bf065,40000,100,319000,3190.0,101.12547051172677,4.053535868522111e-17,0.0008167504379431993,0.0006057046735809609,
9be33bf065,40000,101,322190,3221.9,101.12547051172677,1.4402608474051888e-17,0.0008167504379431993,0.0005897863390700776,
9be33bf065,40000,102,325380,3253.8,101.12547051172677,1.684126424862569e-17,0.0008167504379431993,0.0006311789211157099,
9be33bf065,40000,103,328570,3285.7,101.12547051172677,1.4955213527848892e-17,0.0008167504379431993,0.0006241423474391328,
9be33bf065,40000,104,331760,3317.6,101.12547051172677,2.4466573344252913e-17,0.0008167504379431993,0.0006315542210456181,
9be33bf065,40000,105,334950,3349.5,101.12547051172677,1.4893639323969196e-17,0.0008167504379431993,0.0006673680483242683,
9be33bf065,40000,106,338140,3381.4,101.12547051172677,3.2540897862737324e-17,0.0008167504379431993,0.0005670037545541794,
9be33bf065,40000,107,341330,3413.3,101.12547051172677,2.860470146950292e-17,0.0008167504379431993,0.0006993786106126653,
9be33bf065,40000,108,344520,3445.2,101.12547051172677,1.7126285531858087e-17,0.0008167504379431993,0.0006040930381437527,
9be33bf065,40000,109,347710,3477.1,101.12547051172677,3.187212542932252e-17,0.0008167504379431993,0.0005879573906205881,
9be33bf065,40000,110,350900,3509.0,101.12547051172677,2.826575914988541e-17,0.0008167504379431993,0.0006075470530090954,
9be33bf065,40000,111,354090,3540.9,101.12547051172677,2.6449804969610346e-17,0.0008167504379431993,0.0007128777683097751,
9be33bf065,40000,112,357280,3572.8,101.12547051172677,3.453354151927939e-17,0.0008167504379431993,0.0006235449558282275,
9be33bf065,40000,113,360470,3604.7,101.12547051172677,1.8264521401711963e-17,0.0008167504379431993,0.0006191355992313803,
9be33bf065,40000,114,363660,3636.6,101.12547051172677,1.4828044475380436e-17,0.0008167504379431993,0.0005865645893105108,
9be33bf065,40000,115,366850,3668.5,101.12547051172677,3.431229901630788e-17,0.0008167504379431993,0.0006337494968105777,
9be33bf065,40000,116,370040,3700.4,101.12547051172677,1.4808692027324883e-17,0.0008167504379431993,0.0006452582156894848,
9be33bf065,40000,117,373230,3732.3,101.12547051172677,2.7736919676705386e-17,0.0008167504379431993,0.0006314279853964384,
9be33bf065,40000,118,376420,3764.2,101.12547051172677,2.3762451594480744e-17,0.0008167504379431993,0.0006303914372177102,
9be33bf065,40000,119,379610,3796.1,101.12547051172677,1.8513735989385884e-17,0.0008167504379431993,0.0006481739942653765,
9be33bf065,40000,120,382800,3828.0,101.12547051172677,2.0229587335694952e-17,0.0008167504379431993,0.0005772292971551559,
9be33bf065,40000,121,385990,3859.9,101.12547051172677,2.3193972924043216e-17,0.0008167504379431993,0.0006482490654648495,
9be33bf065,40000,122,389180,3891.8,101.12547051172677,2.4626146902862665e-17,0.0008167504379431993,0.000598800802006823,
9be33bf065,40000,123,392370,3923.7,101.12547051172677,2.0490631391106402e-17,0.0008167504379431993,0.0006051143705848155,
9be33bf065,40000,124,395560,3955.6,101.12547051172677,3.269721450971771e-17,0.0008167504379431993,0.0006517277835730465,
9be33bf065,40000,125,398750,3987.5,101.12547051172677,3.420820640049922e-17,0.0008167504379431993,0.0006681494548332593,
9be33bf065,40000,126,401940,4019.4,101.12547051172677,1.8164993932042673e-17,0.0008167504379431993,0.0006899327737466803,
9be33bf065,40000,127,405130,4051.3,101.12547051172677,3.0953529285379e-17,0.0008167504379431993,0.0006090271794212109,
9be33bf065,40000,128,408320,4083.2,101.12547051172677,4.126479974003751e-17,0.0008167504379431993,0.0006285241191444561,
9be33bf065,40000,129,411510,4115.1,101.12547051172677,3.267919552107935e-17,0.0008167504379431993,0.0006764101928406074,
9be33bf065,40000,130,414700,4147.0,101.12547051172677,2.7107182382801687e-17,0.0008167504379431993,0.0006030686173967232,
9be33bf065,40000,131,417890,4178.9,101.12547051172677,2.726816353714563e-17,0.0008167504379431993,0.0006289074041368851,
9be33bf065,40000,132,421080,4210.8,101.12547051172677,2.936353161848808e-17,0.0008167504379431993,0.0006243197233071458,
9be33bf065,40000,133,424270,4242.7,101.12547051172677,1.607555457034166e-17,0.0008167504379431993,0.0005845590699851933,
9be33bf065,40000,134,427460,4274.6,101.12547051172677,2.984270501203596e-17,0.0008167504379431993,0.0006822605280473856,
9be33bf065,40000,135,430650,4306.5,101.12547051172677,2.4009773612787807e-17,0.0008167504379431993,0.0006418439211268147,
9be33bf065,40000,136,433840,4338.4,101.12547051172677,2.521596154302098e-17,0.0008167504379431993,0.0006989741597812187,
9be33bf065,40000,137,437030,4370.3,101.12547051172677,2.5213813031229933e-17,0.0008167504379431993,0.000668497282496308,
9be33bf065,40000,138,440220,4402.2,101.12547051172677,2.020285941547076e-17,0.0008167504379431993,0.000624532355509772,
9be33bf065,40000,139,443410,4434.1,101.12547051172677,1.2733544808914316e-17,0.0008167504379431993,0.000667193501757832,
9be33bf065,40000,140,446600,4466.0,101.12547051172677,1.5400374417714358e-17,0.0008167504379431993,0.0006076191664999671,
9be33bf065,40000,141,449790,4497.9,101.12547051172677,2.0543217955687936e-17,0.0008167504379431993,0.0005171679561039153,
9be33bf065,40000,142,452980,4529.8,101.12547051172677,2.805179761311781e-17,0.0008167504379431993,0.0006491948108342856,
9be33bf065,40000,143,456170,4561.7,101.12547051172677,3.677091902506313e-17,0.0008167504379431993,0.0006683294076736147,
9be33bf065,40000,144,459360,4593.6,101.12547051172677,2.8629309599074563e-17,0.0008167504379431993,0.0006356515799512801,
9be33bf065,40000,145,462550,4625.5,101.12547051172677,2.5103950332987634e-17,0.0008167504379431993,0.0006101487677042438,
9be33bf065,40000,146,465740,4657.4,101.12547051172677,2.6002980914692164e-17,0.0008167504379431993,0.0005985857856446288,
9be33bf065,40000,147,468930,4689.3,101.12547051172677,2.933756157420896e-17,0.0008167504379431993,0.0006274545513335203,
9be33bf065,40000,148,472120,4721.2,101.12547051172677,1.5040955591018387e-17,0.0008167504379431993,0.0006577420004269722,
9be33bf065,40000,149,475310,4753.1,101.12547051172677,2.5903013502933013e-17,0.0008167504379431993,0.000597163578703596,
9be33bf065,40000,150,478500,4785.0,101.12547051172677,3.7557960000398046e-17,0.0008167504379431993,0.0006385369323058363,
9be33bf065,40000,151,481690,4816.9,101.12547051172677,2.5166376621775122e-17,0.0008167504379431993,0.0006385938378156539,
9be33bf065,40000,152,484880,4848.8,101.12547051172677,2.7227426599790098e-17,0.0008167504379431993,0.0005834711861549359,
9be33bf065,40000,153,488070,4880.7,101.12547051172677,3.204912606054214e-17,0.0008167504379431993,0.0006521409873021359,
9be33bf065,40000,154,491260,4912.6,101.12547051172677,1.4220175629003225e-17,0.0008167504379431993,0.0006415915599613809,
9be33bf065,40000,155,494450,4944.5,101.12547051172677,3.315938798106772e-17,0.0008167504379431993,0.000621618344684801,
9be33bf065,40000,156,497640,4976.4,101.12547051172677,2.4692567005826055e-17,0.0008167504379431993,0.0005557549537320244,
9be33bf065,40000,157,500830,5008.3,101.12547051172677,2.4865755508142676e-17,0.0008167504379431993,0.0006257182270503636,
9be33bf065,40000,158,504020,5040.2,101.12547051172677,3.935583120035657e-17,0.0008167504379431993,0.0005364593347561517,
9be33bf065,40000,159,507210,5072.1,101.12547051172677,3.08363890795875e-17,0.0008167504379431993,0.000667375921857157,
9be33bf065,40000,160,510400,5104.0,101.12547051172677,2.6792186215036216e-17,0.0008167504379431993,0.0006257680356923422,
9be33bf065,40000,161,513590,5135.9,101.12547051172677,1.7237311302523337e-17,0.0008167504379431993,0.000623074001356877,
9be33bf065,40000,162,516780,5167.8,101.12547051172677,6.194624399073576e-17,0.0008167504379431993,0.0006647554107685539,
9be33bf065,40000,163,519970,5199.7,101.12547051172677,2.112223365244697e-17,0.0008167504379431993,0.0006119802921132334,
9be33bf065,40000,164,523160,5231.6,101.12547051172677,3.4334508443080307e-17,0.0008167504379431993,0.0006751164633142434,
9be33bf065,40000,165,526350,5263.5,101.12547051172677,2.5937152226990932e-17,0.0008167504379431993,0.0006049391863483724,
9be33bf065,40000,166,529540,5295.4,101.12547051172677,2.7467778323767537e-17,0.0008167504379431993,0.0006358116623582055,
9be33bf065,40000,167,532730,5327.3,101.12547051172677,2.956309417765155e-17,0.0008167504379431993,0.0006687775176687625,
9be33bf065,40000,168,535920,5359.2,101.12547051172677,1.0473506839194238e-17,0.0008167504379431993,0.0006599260009833967,
9be33bf065,40000,169,539110,5391.1,101.12547051172677,2.6589885517947492e-17,0.0008167504379431993,0.0006088367936509476,
9be33bf065,40000,170,542300,5423.0,101.12547051172677,3.022618986965988e-17,0.0008167504379431993,0.000645535846421567,
9be33bf065,40000,171,545490,5454.9,101.12547051172677,1.869727268581285e-17,0.0008167504379431993,0.000614460325430692,
9be33bf065,40000,172,548680,5486.8,101.12547051172677,2.658624447458804e-17,0.0008167504379431993,0.0006451664810696221,
9be33bf065,40000,173,551870,5518.7,101.12547051172677,1.9455392315494605e-17,0.0008167504379431993,0.0006302574788012395,
9be33bf065,40000,174,555060,5550.6,101.12547051172677,1.531207629533307e-17,0.0008167504379431993,0.0005829716702967241,
9be33bf065,40000,175,558250,5582.5,101.12547051172677,3.6874204843774944e-17,0.0008167504379431993,0.0006528074578900083,
9be33bf065,40000,176,561440,5614.4,101.12547051172625,2.212216789869717e-17,0.0008011656843671623,0.0006704430972515447,
9be33bf065,40000,177,564630,5646.3,101.12547051172625,2.9620156095285756e-17,0.0008011656843671623,0.0006436855224933181,
9be33bf065,40000,178,567820,5678.2,101.12547051172625,3.190849169060866e-17,0.0008011656843671623,0.0006573886890586122,
9be33bf065,40000,179,571010,5710.1,101.12547051172625,2.810233294700331e-17,0.0008011656843671623,0.0005791812750161733,
9be33bf065,40000,180,574200,5742.0,101.12547051172625,4.05098982935094e-17,0.0008011656843671623,0.0006518099456333645,
9be33bf065,40000,181,577390,5773.9,101.12547051172625,2.9835793165857566e-17,0.0008011656843671623,0.0005908064653972934,
9be33bf065,40000,182,580580,5805.8,101.12547051172625,4.799125167923228e-17,0.0008011656843671623,0.0005953090241569936,
9be33bf065,40000,183,583770,5837.7,101.12547051172625,3.321066804916233e-17,0.0008011656843671623,0.0006532150310491105,
9be33bf065,40000,184,586960,5869.6,101.12547051172625,1.1028528622164467e-17,0.0008011656843671623,0.000594577477617036,
9be33bf065,40000,185,590150,5901.5,101.12547051172625,2.023341829302159e-17,0.0008011656843671623,0.0006147647568333251,
9be33bf065,40000,186,593340,5933.4,101.12547051172625,1.462871318818393e-17,0.0008011656843671623,0.0005563375853214586,
9be33bf065,40000,187,596530,5965.3,101.12547051172625,2.003724924657864e-16,0.0008011656843671623,0.0006292933526719065,
9be33bf065,40000,188,599720,5997.2,101.12547051164655,3.779630714262265e-17,0.0007269366183938324,0.0005553408313144832,
9be33bf065,40000,189,602910,6029.1,101.12547051164655,5.763659008798814e-17,0.0007269366183938324,0.0006101478944433905,
9be33bf065,40000,190,606100,6061.0,101.12547051163268,3.69148531055666e-17,0.0007159631454962362,0.0005470458962692668,
9be33bf065,40000,191,609290,6092.9,101.12547051163268,3.5572414727205207e-17,0.0007159631454962362,0.0005418973022007932,
9be33bf065,40000,192,612480,6124.8,101.12547051162969,4.985158130559856e-17,0.0006712023599944361,0.0005265142093329158,
9be33bf065,40000,193,615670,6156.7,101.12547051162969,2.8699549704086464e-17,0.0006712023599944361,0.0004910951241429494,
9be33bf065,40000,194,618860,6188.6,101.12547051162969,2.972742339456848e-17,0.0006712023599944361,0.000538039117049867,
9be33bf065,40000,195,622050,6220.5,101.12547051162969,6.025203067474496e-17,0.0006712023599944361,0.000491084342155358,
9be33bf065,40000,196,625240,6252.4,101.12547051162969,6.49297051475616e-17,0.0006712023599944361,0.0004667652200818208,
9be33bf065,40000,197,628430,6284.3,101.12547051162969,5.4980969583060233e-17,0.0006712023599944361,0.0005492602386474303,
9be33bf065,40000,198,631620,6316.2,101.12547051162969,7.173496785050603e-17,0.0006712023599944361,0.0005107058573480748,
9be33bf065,40000,199,634810,6348.1,101.12547051162969,4.486684834047896e-17,0.0006712023599944361,0.0005367815562214693,
9be33bf065,40000,200,638000,6380.0,101.12547051162969,1.395977388881853e-16,0.0006712023599944361,0.0005375964349664723,
9be33bf065,40000,201,641190,6411.9,101.12547051161137,1.1411538656720626e-16,0.0005625353373055924,0.0004360450003887136,
9be33bf065,40000,202,644380,6443.8,101.12547051158391,4.042040873624594e-17,0.0005494939211452812,0.0004210357792945489,
9be33bf065,40000,203,647570,6475.7,101.12547051158391,2.1380331544563282e-17,0.0005494939211452812,0.00041181851378857125,
9be33bf065,40000,204,650760,6507.6,101.12547051158391,4.17549710454965e-17,0.0005494939211452812,0.00045048156476243774,
9be33bf065,40000,205,653950,6539.5,101.12547051158391,5.469487407682927e-17,0.0005494939211452812,0.00040003579432033566,
9be33bf065,40000,206,657140,6571.4,101.12547051158391,2.640876152838891e-17,0.0005494939211452812,0.00045931631893763664,
9be33bf065,40000,207,660330,6603.3,101.12547051158391,2.4152194970400587e-17,0.0005494939211452812,0.0004206448205498729,
9be33bf065,40000,208,663520,6635.2,101.12547051158391,7.74696026372874e-18,0.0005494939211452812,0.00042716016518949424,
9be33bf065,40000,209,666710,6667.1,101.12547051158391,4.466202697813286e-18,0.0005494939211452812,0.00043209285258583377,
9be33bf065,40000,210,669900,6699.0,101.12547051158391,3.708527364152586e-18,0.0005494939211452812,0.0003928873908346433,
9be33bf065,40000,211,673090,6730.9,101.12547051158391,1.178155696662658e-18,0.0005494939211452812,0.0004421759164839424,
9be33bf065,40000,212,676280,6762.8,101.12547051158391,9.578393571416267e-19,0.0005494939211452812,0.00042982325914184315,
9be33bf065,40000,213,679470,6794.7,101.12547051158391,3.086047049592551e-17,0.0005494939211452812,0.0004229144316348061,
9be33bf065,40000,214,682660,6826.6,101.12547051158391,1.9051918163446877e-17,0.0005494939211452812,0.0004383027589556933,
9be33bf065,40000,215,685850,6858.5,101.12547051158391,3.6815607909339246e-18,0.0005494939211452812,0.00039835455938899613,
9be33bf065,40000,216,689040,6890.4,101.12547051158391,3.763218597796491e-18,0.0005494939211452812,0.00041528342667420385,
9be33bf065,40000,217,692230,6922.3,101.12547051158391,4.13655432598751e-17,0.0005494939211452812,0.00042249473318452593,
9be33bf065,40000,218,695420,6954.2,101.12547051158391,3.047728683586955e-17,0.0005494939211452812,0.0004434865999646619,
9be33bf065,40000,219,698610,6986.1,101.12547051158391,2.72929109996329e-17,0.0005494939211452812,0.0003646219749427662,
9be33bf065,40000,220,701800,7018.0,101.12547051158391,2.166708787434322e-17,0.0005494939211452812,0.0004212201736043224,
9be33bf065,40000,221,704990,7049.9,101.12547051158391,1.4315664703427948e-17,0.0005494939211452812,0.00041634806945102087,
9be33bf065,40000,222,708180,7081.8,101.12547051158391,1.6244628196776123e-17,0.0005494939211452812,0.0004283782903921406,
9be33bf065,40000,223,711370,7113.7,101.12547051158391,2.0595231371152833e-17,0.0005494939211452812,0.00038705904963602205,
9be33bf065,40000,224,714560,7145.6,101.12547051158391,2.229378661201541e-17,0.0005494939211452812,0.0004563211580215259,
9be33bf065,40000,225,717750,7177.5,101.12547051158391,4.63969986890741e-17,0.0005494939211452812,0.00044410227622850094,
9be33bf065,40000,226,720940,7209.4,101.12547051158391,3.931194904985979e-17,0.0005494939211452812,0.00042825117012496256,
9be33bf065,40000,227,724130,7241.3,101.12547051158391,5.780826051249346e-17,0.0005494939211452812,0.0004203667303666855,
9be33bf065,40000,228,727320,7273.2,101.12547051158391,3.060756018222698e-17,0.0005494939211452812,0.00040284862651103747,
9be33bf065,40000,229,730510,7305.1,101.12547051158391,2.6839773706284422e-17,0.0005494939211452812,0.0003874227217386364,
9be33bf065,40000,230,733700,7337.0,101.12547051158391,5.961452814127744e-19,0.0005494939211452812,0.00038195633784189826,
9be33bf065,40000,231,736890,7368.9,101.12547051158391,1.2888643174430247e-17,0.0005494939211452812,0.00044681338064061436,
9be33bf065,40000,232,740080,7400.8,101.12547051158391,2.2020414061673265e-17,0.0005494939211452812,0.0004405958826719673,
9be33bf065,40000,233,743270,7432.7,101.12547051158391,1.526876270327263e-17,0.0005494939211452812,0.00039395896503093166,
9be33bf065,40000,234,746460,7464.6,101.12547051158391,1.0036822747221944e-18,0.0005494939211452812,0.0003595529107379635,
9be33bf065,40000,235,749650,7496.5,101.12547051158391,2.753444652284538e-18,0.0005494939211452812,0.0004052782089769225,
9be33bf065,40000,236,752840,7528.4,101.12547051158391,1.761012110295166e-18,0.0005494939211452812,0.0004502753583146565,
9be33bf065,40000,237,756030,7560.3,101.12547051158391,1.967567560654128e-18,0.0005494939211452812,0.00042255791053328007,
9be33bf065,40000,238,759220,7592.2,101.12547051158391,9.039272697220562e-19,0.0005494939211452812,0.00043103579614531566,
9be33bf065,40000,239,762410,7624.1,101.12547051158391,3.335964827590975e-17,0.0005494939211452812,0.0004087952385530536,
9be33bf065,40000,240,765600,7656.0,101.12547051158391,3.8338244399148566e-17,0.0005494939211452812,0.0004311190074608338,
9be33bf065,40000,241,768790,7687.9,101.12547051158391,1.1787384860555467e-18,0.0005494939211452812,0.0004673651027424966,
9be33bf065,40000,242,771980,7719.8,101.12547051158391,1.510787313027133e-18,0.0005494939211452812,0.00046576776186240586,
9be33bf065,40000,243,775170,7751.7,101.12547051158391,1.275380401454515e-18,0.0005494939211452812,0.000425444833804895,
9be33bf065,40000,244,778360,7783.6,101.12547051158391,2.2124249692081585e-18,0.0005494939211452812,0.0004179784788807828,
9be33bf065,40000,245,781550,7815.5,101.12547051158391,1.0790408048228326e-18,0.0005494939211452812,0.0004333878527822302,
9be33bf065,40000,246,784740,7847.4,101.12547051158391,9.51252237743162e-19,0.0005494939211452812,0.00043669326207437526,
9be33bf065,40000,247,787930,7879.3,101.12547051158391,4.456685779610941e-17,0.0005494939211452812,0.0004288835116992707,
9be33bf065,40000,248,791120,7911.2,101.12547051158391,2.813819181355333e-17,0.0005494939211452812,0.0004494218938698627,
9be33bf065,40000,249,794310,7943.1,101.12547051158391,5.3370320002363184e-17,0.0005494939211452812,0.00038237625307755856,
9be33bf065,40000,250,797500,7975.0,101.12547051158391,2.0080384054839787e-17,0.0005494939211452812,0.00042879369248894717,
9be33bf065,40000,251,800690,8006.9,101.12547051158391,4.263099302760627e-17,0.0005494939211452812,0.00041524282843385637,
9be33bf065,40000,252,803880,8038.8,101.12547051158391,1.5965890205384064e-17,0.0005494939211452812,0.0004267962410708748,
9be33bf065,40000,253,807070,8070.7,101.12547051158391,1.3555728620560344e-17,0.0005494939211452812,0.0004539533363247364,
9be33bf065,40000,254,810260,8102.6,101.12547051158391,1.826771103282392e-18,0.0005494939211452812,0.0004376989127823021,
9be33bf065,40000,255,813450,8134.5,101.12547051158391,2.8050137170816074e-18,0.0005494939211452812,0.0004446934898161674,
9be33bf065,40000,256,816640,8166.4,101.12547051158391,1.6239776357693882e-18,0.0005494939211452812,0.00041344463375505035,
9be33bf065,40000,257,819830,8198.3,101.12547051158391,4.0695535802512267e-19,0.0005494939211452812,0.00045612961091734606,
9be33bf065,40000,258,823020,8230.2,101.12547051158391,1.797254013657011e-18,0.0005494939211452812,0.00042448394881239396,
9be33bf065,40000,259,826210,8262.1,101.12547051158391,4.139369370075988e-18,0.0005494939211452812,0.000427126629876205,
9be33bf065,40000,260,829400,8294.0,101.12547051158391,1.8823936245389423e-18,0.0005494939211452812,0.000445891286781446,
9be33bf065,40000,261,832590,8325.9,101.12547051158391,3.252139506091637e-17,0.0005494939211452812,0.0004183915094415621,
9be33bf065,40000,262,835780,8357.8,101.12547051158391,1.7461386780060218e-17,0.0005494939211452812,0.00037237742463812665,
9be33bf065,40000,263,838970,8389.7,101.12547051158391,1.0059162384884593e-17,0.0005494939211452812,0.00042945695159514246,
9be33bf065,40000,264,842160,8421.6,101.12547051158391,5.020810340328013e-18,0.0005494939211452812,0.0004158141492526516,
9be33bf065,40000,265,845350,8453.5,101.12547051158391,9.122594988518802e-19,0.0005494939211452812,0.0004463272749738728,
9be33bf065,40000,266,848540,8485.4,101.12547051158391,8.636256826069691e-19,0.0005494939211452812,0.00044706699147634225,
9be33bf065,40000,267,851730,8517.3,101.12547051158391,1.3907947587696328e-18,0.0005494939211452812,0.0004257444507979508,
9be33bf065,40000,268,854920,8549.2,101.12547051158391,1.993652684654085e-18,0.0005494939211452812,0.0004206046296929786,
9be33bf065,40000,269,858110,8581.1,101.12547051158391,3.8834639324458265e-17,0.0005494939211452812,0.0004362803736769115,
9be33bf065,40000,270,861300,8613.0,101.12547051158391,3.001896965508308e-17,0.0005494939211452812,0.0004167665931187633,
9be33bf065,40000,271,864490,8644.9,101.12547051158391,3.392087071519097e-17,0.0005494939211452812,0.00038904999592883466,
9be33bf065,40000,272,867680,8676.8,101.12547051158391,6.231950334393475e-17,0.0005494939211452812,0.00044517003955352993,
9be33bf065,40000,273,870870,8708.7,101.12547051158391,1.9937990256396716e-17,0.0005494939211452812,0.0004405178557644171,
9be33bf065,40000,274,874060,8740.6,101.12547051158391,1.4536077973219737e-17,0.0005494939211452812,0.0004363138824894821,
9be33bf065,40000,275,877250,8772.5,101.12547051158391,2.2903776400763714e-17,0.0005494939211452812,0.00043391329292426955,
9be33bf065,40000,276,880440,8804.4,101.12547051158391,4.395073480847064e-17,0.0005494939211452812,0.0004078971763073394,
9be33bf065,40000,277,883630,8836.3,101.12547051158391,2.4571640649343192e-17,0.0005494939211452812,0.0004312645939471904,
9be33bf065,40000,278,886820,8868.2,101.12547051158391,2.324333348763808e-17,0.0005494939211452812,0.00044174918545140615,
9be33bf065,40000,279,890010,8900.1,101.12547051158391,3.9760140571432e-17,0.0005494939211452812,0.0003916375014509343,
9be33bf065,40000,280,893200,8932.0,101.12547051158391,3.272824943260134e-17,0.0005494939211452812,0.0004254358449295687,
9be33bf065,40000,281,896390,8963.9,101.12547051158391,6.3162634064507195e-18,0.0005494939211452812,0.00043532954178655895,
9be33bf065,40000,282,899580,8995.8,101.12547051158391,1.9335103390631952e-18,0.0005494939211452812,0.0004179533557558145,
9be33bf065,40000,283,902770,9027.7,101.12547051158391,1.542575503908368e-18,0.0005494939211452812,0.00044923144384269905,
9be33bf065,40000,284,905960,9059.6,101.12547051158391,3.256656677283312e-17,0.0005494939211452812,0.0004052065265499431,
9be33bf065,40000,285,909150,9091.5,101.12547051158391,1.86584643768976e-18,0.0005494939211452812,0.00045813651459341816,
9be33bf065,40000,286,912340,9123.4,101.12547051158391,2.4182526286475847e-17,0.0005494939211452812,0.0004277844809858404,
9be33bf065,40000,287,915530,9155.3,101.12547051158391,3.601915155659186e-17,0.0005494939211452812,0.0003753681475789103,
9be33bf065,40000,288,918720,9187.2,101.12547051158391,4.11303865028041e-17,0.0005494939211452812,0.0004397429628018275,
9be33bf065,40000,289,921910,9219.1,101.12547051158391,3.356775953549867e-17,0.0005494939211452812,0.0004515409012424051,
9be33bf065,40000,290,925100,9251.0,101.12547051158391,5.599775737648214e-17,0.0005494939211452812,0.00045252794478054746,
9be33bf065,40000,291,928290,9282.9,101.12547051158391,2.0915104319572873e-17,0.0005494939211452812,0.0004504350539085677,
9be33bf065,40000,292,931480,9314.8,101.12547051158391,2.0173826975579985e-17,0.0005494939211452812,0.0004707631131767701,
9be33bf065,40000,293,934670,9346.7,101.12547051158391,2.5795315214760433e-17,0.0005494939211452812,0.00041149036444206147,
9be33bf065,40000,294,937860,9378.6,101.12547051158391,2.3567714504114715e-17,0.0005494939211452812,0.00043942635757492933,
9be33bf065,40000,295,941050,9410.5,101.12547051158391,1.8850822719470207e-17,0.0005494939211452812,0.00042113495308084855,
9be33bf065,40000,296,944240,9442.4,101.12547051158391,2.0167381860072067e-18,0.0005494939211452812,0.0003876073780680773,
9be33bf065,40000,297,947430,9474.3,101.12547051158391,1.749120815857225e-18,0.0005494939211452812,0.00038781962963573284,
9be33bf065,40000,298,950620,9506.2,101.12547051158391,2.9109264448083096e-18,0.0005494939211452812,0.00041955106760090306,
9be33bf065,40000,299,953810,9538.1,101.12547051158391,2.0065088164923503e-17,0.0005494939211452812,0.0004438273362766579,
9be33bf065,40000,300,957000,9570.0,101.12547051158391,2.003178675340994e-17,0.0005494939211452812,0.00047733808922023775,
9be33bf065,40000,301,960190,9601.9,101.12547051158391,4.8669566411649527e-17,0.0005494939211452812,0.0004467098081741001,
9be33bf065,40000,302,963380,9633.8,101.12547051158391,3.7106903753491317e-17,0.0005494939211452812,0.00039110446482069493,
9be33bf065,40000,303,966570,9665.7,101.12547051158391,2.537074800868724e-17,0.0005494939211452812,0.00046355978398507683,
9be33bf065,40000,304,969760,9697.6,101.12547051158391,3.241218006626517e-17,0.0005494939211452812,0.00045169298693562064,
9be33bf065,40000,305,972950,9729.5,101.12547051158391,2.49334988875766e-17,0.0005494939211452812,0.0004393785857417702,
9be33bf065,40000,306,976140,9761.4,101.12547051158391,4.411399488766607e-17,0.0005494939211452812,0.0004429940760463325,
9be33bf065,40000,307,979330,9793.3,101.12547051158391,1.4659433497029038e-17,0.0005494939211452812,0.00042525188178453517,
9be33bf065,40000,308,982520,9825.2,101.12547051158391,1.9715261019299215e-17,0.0005494939211452812,0.0004274321981676631,
9be33bf065,40000,309,985710,9857.1,101.12547051158391,1.9944279596690332e-17,0.0005494939211452812,0.00044369486674741317,
9be33bf065,40000,310,988900,9889.0,101.12547051158391,1.111263746212122e-17,0.0005494939211452812,0.00042039905136271477,
9be33bf065,40000,311,992090,9920.9,101.12547051158391,1.35376476429547e-18,0.0005494939211452812,0.0003764974515312759,
9be33bf065,40000,312,995280,9952.8,101.12547051158391,2.075223092269094e-18,0.0005494939211452812,0.0004288899946334538,
9be33bf065,40000,313,998470,9984.7,101.12547051158391,1.0548847201118603e-18,0.0005494939211452812,0.00038375960198194466,
9be33bf065,40000,314,1001660,10016.6,101.12547051158391,1.789364651126259e-18,0.0005494939211452812,0.0003867845031466424,
9be33bf065,40000,315,1004850,10048.5,101.12547051158391,4.978385502595805e-18,0.0005494939211452812,0.00046385223971635257,
9be33bf065,40000,316,1008040,10080.4,101.12547051158391,1.0130577636967888e-18,0.0005494939211452812,0.0004324539278253276,
9be33bf065,40000,317,1011230,10112.3,101.12547051158391,6.88660739305832e-19,0.0005494939211452812,0.0004371438612050606,
9be33bf065,40000,318,1014420,10144.2,101.12547051158391,1.1734927347934072e-18,0.0005494939211452812,0.0004197294610884008,
9be33bf065,40000,319,1017610,10176.1,101.12547051158391,2.481919380629647e-18,0.0005494939211452812,0.0004198722440589069,
9be33bf065,40000,320,1020800,10208.0,101.12547051158391,2.5763075990324345e-18,0.0005494939211452812,0.000450033025303952,
9be33bf065,40000,321,1023990,10239.9,101.12547051158391,3.4705238565779693e-17,0.0005494939211452812,0.00042802599694315597,
9be33bf065,40000,322,1027180,10271.8,101.12547051158391,1.8590604577519887e-17,0.0005494939211452812,0.00043034940412789907,
9be33bf065,40000,323,1030370,10303.7,101.12547051158391,1.0822602400979525e-17,0.0005494939211452812,0.0004313605898441433,
9be33bf065,40000,324,1033560,10335.6,101.12547051158391,1.8875211111227316e-17,0.0005494939211452812,0.00043397928670553976,
9be33bf065,40000,325,1036750,10367.5,101.12547051158391,1.2372228797560893e-17,0.0005494939211452812,0.00043173778121261024,
9be33bf065,40000,326,1039940,10399.4,101.12547051158391,2.5272337129841078e-17,0.0005494939211452812,0.0003981330829969169,
9be33bf065,40000,327,1043130,10431.3,101.12547051158391,4.192466136748442e-17,0.0005494939211452812,0.0004203692027428267,
9be33bf065,40000,328,1046320,10463.2,101.12547051158391,1.9139725109111612e-17,0.0005494939211452812,0.0004616478786219234,
9be33bf065,40000,329,1049510,10495.1,101.12547051158391,1.9264986923091983e-17,0.0005494939211452812,0.00039116031085414986,
9be33bf065,40000,330,1052700,10527.0,101.12547051158391,5.3310974370322056e-17,0.0005494939211452812,0.0004424544385263574,
9be33bf065,40000,331,1055890,10558.9,101.12547051158391,1.8649908095373096e-17,0.0005494939211452812,0.0003850081595387525,
9be33bf065,40000,332,1059080,10590.8,101.12547051158391,6.835235640165775e-18,0.0005494939211452812,0.000409998744307431,
9be33bf065,40000,333,1062270,10622.7,101.12547051158391,2.4825698242000945e-18,0.0005494939211452812,0.00043454327439706173,
9be33bf065,40000,334,1065460,10654.6,101.12547051158391,1.1661431786939845e-17,0.0005494939211452812,0.00044360069540827984,
9be33bf065,40000,335,1068650,10686.5,101.12547051158391,1.144311173604192e-17,0.0005494939211452812,0.0004480787706733885,
9be33bf065,40000,336,1071840,10718.4,101.12547051158391,1.0356730911525674e-18,0.0005494939211452812,0.00039700948875586,
9be33bf065,40000,337,1075030,10750.3,101.12547051158391,3.476823196412245e-17,0.0005494939211452812,0.0004472064433587769,
9be33bf065,40000,338,1078220,10782.2,101.12547051158391,8.358896402366186e-19,0.0005494939211452812,0.00039444958337566055,
9be33bf065,40000,339,1081410,10814.1,101.12547051158391,2.5390980242198664e-18,0.0005494939211452812,0.00042573929706701114,
9be33bf065,40000,340,1084600,10846.0,101.12547051158391,1.1469335641826372e-17,0.0005494939211452812,0.0004002578649921284,
9be33bf065,40000,341,1087790,10877.9,101.12547051158391,1.7126111982676737e-18,0.0005494939211452812,0.0004252302646803991,
9be33bf065,40000,342,1090980,10909.8,101.12547051158391,1.8339566096030705e-18,0.0005494939211452812,0.0004383494209786096,
9be33bf065,40000,343,1094170,10941.7,101.12547051158391,2.0421474449859144e-18,0.0005494939211452812,0.00045046217469852306,
9be33bf065,40000,344,1097360,10973.6,101.12547051158391,2.522251028963654e-18,0.0005494939211452812,0.00045658139125573247,
9be33bf065,40000,345,1100550,11005.5,101.12547051158391,2.7218909397268806e-18,0.0005494939211452812,0.0004980012698848474,
9be33bf065,40000,346,1103740,11037.4,101.12547051158391,2.316174147517022e-18,0.0005494939211452812,0.00043804976097827793,
9be33bf065,40000,347,1106930,11069.3,101.12547051158391,1.0327613722963279e-17,0.0005494939211452812,0.0004375458077124854,
9be33bf065,40000,348,1110120,11101.2,101.12547051158391,1.2388084174046363e-17,0.0005494939211452812,0.00045302603359013776,
9be33bf065,40000,349,1113310,11133.1,101.12547051158391,2.5119567010293887e-18,0.0005494939211452812,0.0004496699490059961,
9be33bf065,40000,350,1116500,11165.0,101.12547051158391,1.0809092757891484e-16,0.0005494939211452812,0.0004598242880548063,
9be33bf065,40000,351,1119690,11196.9,101.12547051157269,5.274065548480386e-17,0.0005776906407069972,0.0004374822364977669,
9be33bf065,40000,352,1122880,11228.8,101.12547051157269,5.54967853884622e-17,0.0005776906407069972,0.00047071761225769647,
9be33bf065,40000,353,1126070,11260.7,101.12547051157269,3.5254233283179944e-17,0.0005776906407069972,0.00047448939133162355,
9be33bf065,40000,354,1129260,11292.6,101.12547051157269,9.06763824378781e-17,0.0005776906407069972,0.0004860801537773006,
9be33bf065,40000,355,1132450,11324.5,101.12547051154523,4.285146689796334e-17,0.0005646492245466825,0.0004395372256392012,
9be33bf065,40000,356,1135640,11356.4,101.12547051154523,3.7510906902353914e-17,0.0005646492245466825,0.000456136979810306,
9be33bf065,40000,357,1138830,11388.3,101.12547051154523,2.5835744725933605e-17,0.0005646492245466825,0.0004033259858437311,
9be33bf065,40000,358,1142020,11420.2,101.12547051154523,3.701190586492169e-17,0.0005646492245466825,0.0004334417361239126,
9be33bf065,40000,359,1145210,11452.1,101.12547051154523,2.2570453946608072e-17,0.0005646492245466825,0.00041441721142954514,
9be33bf065,40000,360,1148400,11484.0,101.12547051154523,2.4979183457958495e-17,0.0005646492245466825,0.0004833235892280608,
9be33bf065,40000,361,1151590,11515.9,101.12547051154523,2.0727767803859487e-17,0.0005646492245466825,0.0004615720026106884,
9be33bf065,40000,362,1154780,11547.8,101.12547051154523,2.0662109931352004e-17,0.0005646492245466825,0.0004713503674771085,
9be33bf065,40000,363,1157970,11579.7,101.12547051154523,3.1170897457181223e-17,0.0005646492245466825,0.0004393956798852109,
9be33bf065,40000,364,1161160,11611.6,101.12547051154523,2.5871538720471647e-17,0.0005646492245466825,0.00045096948365710174,
9be33bf065,40000,365,1164350,11643.5,101.12547051154523,1.0014935352273891e-17,0.0005646492245466825,0.00041589102104467793,
9be33bf065,40000,366,1167540,11675.4,101.12547051154523,3.7301757559617905e-17,0.0005646492245466825,0.0004264557772513475,
9be33bf065,40000,367,1170730,11707.3,101.12547051154523,2.5771204108760624e-17,0.0005646492245466825,0.0004455838152607195,
9be33bf065,40000,368,1173920,11739.2,101.12547051154523,3.968029499746434e-17,0.0005646492245466825,0.000417792468143837,
9be33bf065,40000,369,1177110,11771.1,101.12547051154523,6.553573763607462e-17,0.0005646492245466825,0.0004510875633634968,
9be33bf065,40000,370,1180300,11803.0,101.12547051154523,4.593930682203272e-17,0.0005646492245466825,0.00044552697417903325,
9be33bf065,40000,371,1183490,11834.9,101.12547051154523,2.8056803408898143e-17,0.0005646492245466825,0.0004074924380211586,
9be33bf065,40000,372,1186680,11866.8,101.12547051154523,8.639157741946012e-18,0.0005646492245466825,0.0004398216012217769,
9be33bf065,40000,373,1189870,11898.7,101.12547051154523,1.8615659564513777e-17,0.0005646492245466825,0.0004228160694727204,
9be33bf065,40000,374,1193060,11930.6,101.12547051154523,3.214418487924041e-17,0.0005646492245466825,0.00041622627028888167,
9be33bf065,40000,375,1196250,11962.5,101.12547051154523,2.6310892402088608e-17,0.0005646492245466825,0.0004620718211805985,
9be33bf065,40000,376,1199440,11994.4,101.12547051154523,2.8409705904741916e-17,0.0005646492245466825,0.00043641027236145455,
9be33bf065,40000,377,1202630,12026.3,101.12547051154523,4.268850364582413e-17,0.0005646492245466825,0.00043937342335922757,
9be33bf065,40000,378,1205820,12058.2,101.12547051154523,2.0762037181031125e-17,0.0005646492245466825,0.0004828408095696282,
9be33bf065,40000,379,1209010,12090.1,101.12547051154523,2.0683156862244797e-17,0.0005646492245466825,0.0004194564761807782,
9be33bf065,40000,380,1212200,12122.0,101.12547051154523,3.2970929367674954e-17,0.0005646492245466825,0.0004053231358514968,
9be33bf065,40000,381,1215390,12153.9,101.12547051154523,2.0636495734166467e-17,0.0005646492245466825,0.0004429718203351131,
9be33bf065,40000,382,1218580,12185.8,101.12547051154523,2.0613985390698048e-17,0.0005646492245466825,0.0004200759812063295,
9be33bf065,40000,383,1221770,12217.7,101.12547051154523,2.452871637921664e-17,0.0005646492245466825,0.00041913591994338146,
9be33bf065,40000,384,1224960,12249.6,101.12547051154523,1.726049204226647e-17,0.0005646492245466825,0.0004148882055472887,
9be33bf065,40000,385,1228150,12281.5,101.12547051154523,3.4944810709740385e-17,0.0005646492245466825,0.00043415321123551324,
9be33bf065,40000,386,1231340,12313.4,101.12547051154523,1.399765242606005e-17,0.0005646492245466825,0.00044567307622951657,
9be33bf065,40000,387,1234530,12345.3,101.12547051154523,5.031246804117901e-17,0.0005646492245466825,0.00045163450460001636,
9be33bf065,40000,388,1237720,12377.2,101.12547051154523,2.0700020235938234e-17,0.0005646492245466825,0.0004355844019039146,
9be33bf065,40000,389,1240910,12409.1,101.12547051154523,2.1404508235532992e-17,0.0005646492245466825,0.00045271927990270765,
9be33bf065,40000,390,1244100,12441.0,101.12547051154523,2.620628657771526e-17,0.0005646492245466825,0.0004299688201418033,
9be33bf065,40000,391,1247290,12472.9,101.12547051154523,1.8874305487801743e-17,0.0005646492245466825,0.0004411540164711176,
9be33bf065,40000,392,1250480,12504.8,101.12547051154523,2.693342964419552e-17,0.0005646492245466825,0.0004653242580776301,
9be33bf065,40000,393,1253670,12536.7,101.12547051154523,2.2668601282299937e-17,0.0005646492245466825,0.00043361795299821644,
9be33bf065,40000,394,1256860,12568.6,101.12547051154523,3.1842901643756973e-17,0.0005646492245466825,0.00042525538249128163,
9be33bf065,40000,395,1260050,12600.5,101.12547051154523,3.416993022762409e-17,0.0005646492245466825,0.0004511849390329265,
9be33bf065,40000,396,1263240,12632.4,101.12547051154523,1.789887712741041e-17,0.0005646492245466825,0.0004764818750391039,
9be33bf065,40000,397,1266430,12664.3,101.12547051154523,1.6746494400356014e-17,0.0005646492245466825,0.00038525233101530413,
9be33bf065,40000,398,1269620,12696.2,101.12547051154523,1.805128830151674e-17,0.0005646492245466825,0.00044833776858176007,
9be33bf065,40000,399,1272810,12728.1,101.12547051154523,2.2944183783719904e-17,0.0005646492245466825,0.0004519041937573174,
9be33bf065,40000,400,1276000,12760.0,101.12547051154523,2.447156772955001e-17,0.0005646492245466825,0.0004258224973907746,
9be33bf065,40000,401,1279190,12791.9,101.12547051154523,2.5566433083182446e-17,0.0005646492245466825,0.0004449183245933212,
9be33bf065,40000,402,1282380,12823.8,101.12547051154523,1.8626697715155606e-17,0.0005646492245466825,0.00040608529387644644,
9be33bf065,40000,403,1285570,12855.7,101.12547051154523,2.458471758686833e-17,0.0005646492245466825,0.00042945606638793214,
9be33bf065,40000,404,1288760,12887.6,101.12547051154523,2.96625924833808e-17,0.0005646492245466825,0.0004292192018146109,
9be33bf065,40000,405,1291950,12919.5,101.12547051154523,1.671335606693562e-17,0.0005646492245466825,0.0003888998611170374,
9be33bf065,40000,406,1295140,12951.4,101.12547051154523,1.7311195446570367e-17,0.0005646492245466825,0.0004421335562524397,
9be33bf065,40000,407,1298330,12983.3,101.12547051154523,2.32922722019887e-17,0.0005646492245466825,0.0004076613345468832,
9be33bf065,40000,408,1301520,13015.2,101.12547051154523,1.3336110784995863e-17,0.0005646492245466825,0.0004377091109766566,
9be33bf065,40000,409,1304710,13047.1,101.12547051154523,1.82115949422298e-18,0.0005646492245466825,0.0004155080473608157,
9be33bf065,40000,410,1307900,13079.0,101.12547051154523,1.0599219836546517e-18,0.0005646492245466825,0.0004169694935581564,
9be33bf065,40000,411,1311090,13110.9,101.12547051154523,4.256507423229197e-19,0.0005646492245466825,0.0004168652554256111,
9be33bf065,40000,412,1314280,13142.8,101.12547051154523,4.810693507904715e-17,0.0005646492245466825,0.00042388922208478805,
9be33bf065,40000,413,1317470,13174.7,101.12547051154523,2.986043037481505e-17,0.0005646492245466825,0.0003617937453387524,
9be33bf065,40000,414,1320660,13206.6,101.12547051154523,3.097266792910335e-17,0.0005646492245466825,0.00043571363325314703,
9be33bf065,40000,415,1323850,13238.5,101.12547051154523,9.604905281667063e-18,0.0005646492245466825,0.00045802685904608795,
9be33bf065,40000,416,1327040,13270.4,101.12547051154523,9.939411605846957e-19,0.0005646492245466825,0.0004050148379867763,
9be33bf065,40000,417,1330230,13302.3,101.12547051154523,2.1228927873918323e-17,0.0005646492245466825,0.00039113470775105184,
9be33bf065,40000,418,1333420,13334.2,101.12547051154523,2.6504809874886697e-17,0.0005646492245466825,0.00040864806707101206,
9be33bf065,40000,419,1336610,13366.1,101.12547051154523,3.087704752202613e-18,0.0005646492245466825,0.00044690296787470437,
9be33bf065,40000,420,1339800,13398.0,101.12547051154523,1.1061892025288852e-18,0.0005646492245466825,0.0004301285968652969,
9be33bf065,40000,421,1342990,13429.9,101.12547051154523,1.93775460515611e-18,0.0005646492245466825,0.00042807886383408437,
9be33bf065,40000,422,1346180,13461.8,101.12547051154523,2.0412707230015257e-18,0.0005646492245466825,0.0004287139051356988,
9be33bf065,40000,423,1349370,13493.7,101.12547051154523,2.5947227666736066e-18,0.0005646492245466825,0.00044097333192627417,
9be33bf065,40000,424,1352560,13525.6,101.12547051154523,2.7854400854033503e-18,0.0005646492245466825,0.0004299167646995231,
9be33bf065,40000,425,1355750,13557.5,101.12547051154523,4.188374676077273e-18,0.0005646492245466825,0.00045258640060147543,
9be33bf065,40000,426,1358940,13589.4,101.12547051154523,1.4748249547799185e-18,0.0005646492245466825,0.0004575159300352005,
9be33bf065,40000,427,1362130,13621.3,101.12547051154523,2.2919685408668646e-18,0.0005646492245466825,0.00042479546052971837,
9be33bf065,40000,428,1365320,13653.2,101.12547051154523,1.2858220682863832e-18,0.0005646492245466825,0.0004765463318933306,
9be33bf065,40000,429,1368510,13685.1,101.12547051154523,6.670497613547183e-19,0.0005646492245466825,0.0004361768836710669,
9be33bf065,40000,430,1371700,13717.0,101.12547051154523,1.3326186456601904e-18,0.0005646492245466825,0.0004143442608678403,
9be33bf065,40000,431,1374890,13748.9,101.12547051154523,1.8310791294529432e-18,0.0005646492245466825,0.0004544488124180032,
9be33bf065,40000,432,1378080,13780.8,101.12547051154523,1.9349733470118127e-18,0.0005646492245466825,0.00043434182056195615,
9be33bf065,40000,433,1381270,13812.7,101.12547051154523,2.005144685592568e-18,0.0005646492245466825,0.00045002216387760133,
9be33bf065,40000,434,1384460,13844.6,101.12547051154523,1.4574494990464302e-18,0.0005646492245466825,0.0004669145057494576,
9be33bf065,40000,435,1387650,13876.5,101.12547051154523,2.1625494085627923e-18,0.0005646492245466825,0.00044084127273986035,
9be33bf065,40000,436,1390840,13908.4,101.12547051154523,1.9265148854193823e-18,0.0005646492245466825,0.0004003626134058396,
9be33bf065,40000,437,1394030,13940.3,101.12547051154523,4.2353103006488856e-17,0.0005646492245466825,0.00045531872557679723,
9be33bf065,40000,438,1397220,13972.2,101.12547051154523,2.6139932522354328e-17,0.0005646492245466825,0.00041501143379158806,
9be33bf065,40000,439,1400410,14004.1,101.12547051154523,1.8665454588482458e-17,0.0005646492245466825,0.0004446719868544484,
9be33bf065,40000,440,1403600,14036.0,101.12547051154523,1.1489721096022472e-17,0.0005646492245466825,0.00039726550056729687,
9be33bf065,40000,441,1406790,14067.9,101.12547051154523,1.3567847739430034e-18,0.0005646492245466825,0.0004543400184527048,
9be33bf065,40000,442,1409980,14099.8,101.12547051154523,2.2062687580777367e-18,0.0005646492245466825,0.0004562556238077294,
9be33bf065,40000,443,1413170,14131.7,101.12547051154523,1.301270375188107e-17,0.0005646492245466825,0.00044585089594634855,
9be33bf065,40000,444,1416360,14163.6,101.12547051154523,2.0789014363549197e-17,0.0005646492245466825,0.0004234788652782508,
9be33bf065,40000,445,1419550,14195.5,101.12547051154523,2.9999613006420446e-17,0.0005646492245466825,0.0004711968688028767,
9be33bf065,40000,446,1422740,14227.4,101.12547051154523,3.037596338179341e-17,0.0005646492245466825,0.0004659526499120548,
9be33bf065,40000,447,1425930,14259.3,101.12547051154523,2.5309352433908982e-17,0.0005646492245466825,0.00046280963049611664,
9be33bf065,40000,448,1429120,14291.2,101.12547051154523,6.8979472574820196e-18,0.0005646492245466825,0.0004358262479511038,
9be33bf065,40000,449,1432310,14323.1,101.12547051154523,1.0139429648949658e-18,0.0005646492245466825,0.0004608999451693934,
9be33bf065,40000,450,1435500,14355.0,101.12547051154523,1.7557584826668067e-18,0.0005646492245466825,0.0004004821843188411,
9be33bf065,40000,451,1438690,14386.9,101.12547051154523,1.2852129018203964e-18,0.0005646492245466825,0.00046282967786464316,
9be33bf065,40000,452,1441880,14418.8,101.12547051154523,2.5577961279403305e-18,0.0005646492245466825,0.0003745204255670023,
9be33bf065,40000,453,1445070,14450.7,101.12547051154523,1.323357469744928e-18,0.0005646492245466825,0.00043010431601055236,
9be33bf065,40000,454,1448260,14482.6,101.12547051154523,8.937790793140291e-19,0.0005646492245466825,0.0004131212282771281,
9be33bf065,40000,455,1451450,14514.5,101.12547051154523,2.801685068755512e-18,0.0005646492245466825,0.00046271916723378796,
9be33bf065,40000,456,1454640,14546.4,101.12547051154523,2.6799059018162423e-17,0.0005646492245466825,0.0004223483668106902,
9be33bf065,40000,457,1457830,14578.3,101.12547051154523,2.7743444299827966e-17,0.0005646492245466825,0.0004453141968398365,
9be33bf065,40000,458,1461020,14610.2,101.12547051154523,2.950516979136816e-17,0.0005646492245466825,0.000462485663612102,
9be33bf065,40000,459,1464210,14642.1,101.12547051154523,8.869483631498085e-18,0.0005646492245466825,0.0004328671228743093,
9be33bf065,40000,460,1467400,14674.0,101.12547051154523,2.1340726587549777e-18,0.0005646492245466825,0.0004487079935727122,
9be33bf065,40000,461,1470590,14705.9,101.12547051154523,1.5216209045754749e-18,0.0005646492245466825,0.0004311412076855589,
9be33bf065,40000,462,1473780,14737.8,101.12547051154523,5.739652306202101e-17,0.0005646492245466825,0.00040985959000494566,
9be33bf065,40000,463,1476970,14769.7,101.12547051154523,2.6711594295576217e-17,0.0005646492245466825,0.00041367872908461083,
9be33bf065,40000,464,1480160,14801.6,101.12547051154523,2.071440150763313e-17,0.0005646492245466825,0.0004714396552546082,
9be33bf065,40000,465,1483350,14833.5,101.12547051154523,1.9271299014782926e-17,0.0005646492245466825,0.0004105724397796134,
9be33bf065,40000,466,1486540,14865.4,101.12547051154523,1.760642889575273e-17,0.0005646492245466825,0.00044192072238744446,
9be33bf065,40000,467,1489730,14897.3,101.12547051154523,2.061118521940528e-17,0.0005646492245466825,0.00043145908518531294,
9be33bf065,40000,468,1492920,14929.2,101.12547051154523,4.3659906110409136e-17,0.0005646492245466825,0.0004691155025768357,
9be33bf065,40000,469,1496110,14961.1,101.12547051154523,2.7386235828669063e-17,0.0005646492245466825,0.00042762994819333614,
9be33bf065,40000,470,1499300,14993.0,101.12547051154523,1.642837189953425e-17,0.0005646492245466825,0.00047713447447978146,
9be33bf065,40000,471,1502490,15024.9,101.12547051154523,2.7085257750235844e-17,0.0005646492245466825,0.000466084015893923,
9be33bf065,40000,472,1505680,15056.8,101.12547051154523,2.1300565860183396e-17,0.0005646492245466825,0.00040291263535339794,
9be33bf065,40000,473,1508870,15088.7,101.12547051154523,1.7862642097581074e-17,0.0005646492245466825,0.0004725291258273032,
9be33bf065,40000,474,1512060,15120.6,101.12547051154523,1.435463120238423e-17,0.0005646492245466825,0.0004113931791604976,
9be33bf065,40000,475,1515250,15152.5,101.12547051154523,4.426808142356699e-18,0.0005646492245466825,0.0004468507998632888,
9be33bf065,40000,476,1518440,15184.4,101.12547051154523,8.190148119266178e-18,0.0005646492245466825,0.00042747111548163225,
9be33bf065,40000,477,1521630,15216.3,101.12547051154523,2.564611638496426e-18,0.0005646492245466825,0.00042622764423774453,
9be33bf065,40000,478,1524820,15248.2,101.12547051154523,3.531595462036725e-18,0.0005646492245466825,0.00042845921708322836,
9be33bf065,40000,479,1528010,15280.1,101.12547051154523,2.3862576988339613e-18,0.0005646492245466825,0.00046652426896145674,
9be33bf065,40000,480,1531200,15312.0,101.12547051154523,2.5606578683601983e-18,0.0005646492245466825,0.0004658367823533099,
9be33bf065,40000,481,1534390,15343.9,101.12547051154523,3.2315179122842978e-18,0.0005646492245466825,0.0004397006100343008,
9be33bf065,40000,482,1537580,15375.8,101.12547051154523,1.3938766259944582e-18,0.0005646492245466825,0.00042485120840954913,
9be33bf065,40000,483,1540770,15407.7,101.12547051154523,1.4720336291479232e-18,0.0005646492245466825,0.0003834244477002096,
9be33bf065,40000,484,1543960,15439.6,101.12547051154523,1.6061744439205045e-18,0.0005646492245466825,0.0004470778027276668,
9be33bf065,40000,485,1547150,15471.5,101.12547051154523,1.9599948787861093e-17,0.0005646492245466825,0.0004421340009213485,
9be33bf065,40000,486,1550340,15503.4,101.12547051154523,8.477765678277672e-18,0.0005646492245466825,0.00039022779595814384,
9be33bf065,40000,487,1553530,15535.3,101.12547051154523,2.556942276903761e-18,0.0005646492245466825,0.00041626652338348563,
9be33bf065,40000,488,1556720,15567.2,101.12547051154523,1.1010848713130566e-17,0.0005646492245466825,0.00040489237507275157,
9be33bf065,40000,489,1559910,15599.1,101.12547051154523,2.4290878978251437e-18,0.0005646492245466825,0.00043941181554644116,
9be33bf065,40000,490,1563100,15631.0,101.12547051154523,1.2440285694121459e-17,0.0005646492245466825,0.00040025499381449674,
9be33bf065,40000,491,1566290,15662.9,101.12547051154523,1.2447212431703223e-17,0.0005646492245466825,0.0004572552309850245,
9be33bf065,40000,492,1569480,15694.8,101.12547051154523,1.1592795147752864e-18,0.0005646492245466825,0.0004379359006899756,
9be33bf065,40000,493,1572670,15726.7,101.12547051154523,2.9919588840434473e-19,0.0005646492245466825,0.0004634345934160581,
9be33bf065,40000,494,1575860,15758.6,101.12547051154523,1.8055090290018626e-18,0.0005646492245466825,0.0004421117873124037,
9be33bf065,40000,495,1579050,15790.5,101.12547051154523,9.144639522636593e-19,0.0005646492245466825,0.0004429074710073948,
9be33bf065,40000,496,1582240,15822.4,101.12547051154523,2.744342943371157e-18,0.0005646492245466825,0.00043516369681782357,
9be33bf065,40000,497,1585430,15854.3,101.12547051154523,3.6231151997989996e-19,0.0005646492245466825,0.00041618669915919254,
9be33bf065,40000,498,1588620,15886.2,101.12547051154523,5.206503177138082e-17,0.0005646492245466825,0.0004512178380799161,
9be33bf065,40000,499,1591810,15918.1,101.12547051154523,2.01801622063257e-17,0.0005646492245466825,0.00045592430684894265,
9be33bf065,40000,500,1595000,15950.0,101.12547051154523,3.8391680466495916e-17,0.0005646492245466825,0.00040719291952561517,
9be33bf065,40000,501,1598190,15981.9,101.12547051154523,2.3322513424132844e-17,0.0005646492245466825,0.0004687588994339857,
9be33bf065,40000,502,1601380,16013.8,101.12547051154523,3.8474689521847887e-17,0.0005646492245466825,0.00043599666784802066,
9be33bf065,40000,503,1604570,16045.7,101.12547051154523,2.78821023413546e-17,0.0005646492245466825,0.00044445415015861357,
9be33bf065,40000,504,1607760,16077.6,101.12547051154523,3.22870678021868e-17,0.0005646492245466825,0.0004548836892967628,
9be33bf065,40000,505,1610950,16109.5,101.12547051154523,2.900665202056662e-17,0.0005646492245466825,0.0004633767866831303,
9be33bf065,40000,506,1614140,16141.4,101.12547051154523,7.149891614701441e-18,0.0005646492245466825,0.00043502733654958155,
9be33bf065,40000,507,1617330,16173.3,101.12547051154523,1.44425132382932e-17,0.0005646492245466825,0.0004162702142653296,
9be33bf065,40000,508,1620520,16205.2,101.12547051154523,5.3897934796156976e-18,0.0005646492245466825,0.00047036902101451835,
9be33bf065,40000,509,1623710,16237.1,101.12547051154523,2.8685451817014036e-18,0.0005646492245466825,0.00040242695838447714,
9be33bf065,40000,510,1626900,16269.0,101.12547051154523,1.2953637900182177e-18,0.0005646492245466825,0.0004566494497488526,
9be33bf065,40000,511,1630090,16300.9,101.12547051154523,2.0472562340363935e-18,0.0005646492245466825,0.000452978828189277,
9be33bf065,40000,512,1633280,16332.8,101.12547051154523,1.0358068856482722e-17,0.0005646492245466825,0.00046202967688234746,
9be33bf065,40000,513,1636470,16364.7,101.12547051154523,4.0245545135815916e-17,0.0005646492245466825,0.00041209779993178194,
9be33bf065,40000,514,1639660,16396.6,101.12547051154523,1.802748164926832e-18,0.0005646492245466825,0.0004284875790208264,
9be33bf065,40000,515,1642850,16428.5,101.12547051154523,1.1292181864804913e-18,0.0005646492245466825,0.0003835228809813237,
9be33bf065,40000,516,1646040,16460.4,101.12547051154523,1.539748326462478e-17,0.0005646492245466825,0.0004387939701080743,
9be33bf065,40000,517,1649230,16492.3,101.12547051154523,8.921695255329543e-18,0.0005646492245466825,0.0004408793233282442,
9be33bf065,40000,518,1652420,16524.2,101.12547051154523,1.8341683062052633e-17,0.0005646492245466825,0.0004301051153478754,
9be33bf065,40000,519,1655610,16556.1,101.12547051154523,2.2157007068742644e-18,0.0005646492245466825,0.00044244726649043297,
9be33bf065,40000,520,1658800,16588.0,101.12547051154523,1.0824701866258826e-18,0.0005646492245466825,0.00042707542240828696,
9be33bf065,40000,521,1661990,16619.9,101.12547051154523,1.9366455486371632e-17,0.0005646492245466825,0.00041372071415061095,
9be33bf065,40000,522,1665180,16651.8,101.12547051154523,1.6922217957873655e-17,0.0005646492245466825,0.00046157328770295554,
9be33bf065,40000,523,1668370,16683.7,101.12547051154523,1.6749787830319668e-18,0.0005646492245466825,0.00039186890978417765,
9be33bf065,40000,524,1671560,16715.6,101.12547051154523,7.977543544707121e-19,0.0005646492245466825,0.00048807308196555354,
9be33bf065,40000,525,1674750,16747.5,101.12547051154523,1.877069847255167e-18,0.0005646492245466825,0.00046249989764324587,
9be33bf065,40000,526,1677940,16779.4,101.12547051154523,4.001207296735407e-17,0.0005646492245466825,0.0004067037145832445,
9be33bf065,40000,527,1681130,16811.3,101.12547051154523,2.4872736285520066e-17,0.0005646492245466825,0.00043256286258728545,
9be33bf065,40000,528,1684320,16843.2,101.12547051154523,3.563337706827692e-17,0.0005646492245466825,0.00045828987489046917,
9be33bf065,40000,529,1687510,16875.1,101.12547051154523,1.676066394337097e-17,0.0005646492245466825,0.00043525804147495915,
9be33bf065,40000,530,1690700,16907.0,101.12547051154523,1.5201667431323234e-17,0.0005646492245466825,0.00048433020123655205,
9be33bf065,40000,531,1693890,16938.9,101.12547051154523,3.6476845382152817e-17,0.0005646492245466825,0.000450509984019247,
9be33bf065,40000,532,1697080,16970.8,101.12547051154523,3.4258699488022956e-18,0.0005646492245466825,0.00044292963705246693,
9be33bf065,40000,533,1700270,17002.7,101.12547051154523,1.2948495533450747e-18,0.0005646492245466825,0.0003966639555823396,
9be33bf065,40000,534,1703460,17034.6,101.12547051154523,5.164970882544353e-17,0.0005646492245466825,0.0004456732924994727,
9be33bf065,40000,535,1706650,17066.5,101.12547051154523,1.7257480534609994e-17,0.0005646492245466825,0.0004223823388917212,
9be33bf065,40000,536,1709840,17098.4,101.12547051154523,1.3792252052726239e-17,0.0005646492245466825,0.00041143200819642665,
9be33bf065,40000,537,1713030,17130.3,101.12547051154523,4.27600437465172e-17,0.0005646492245466825,0.0004148776623672383,
9be33bf065,40000,538,1716220,17162.2,101.12547051154523,2.073849769654637e-17,0.0005646492245466825,0.0004632323192040078,
9be33bf065,40000,539,1719410,17194.1,101.12547051154523,3.75708314398426e-17,0.0005646492245466825,0.0004167847906915485,
9be33bf065,40000,540,1722600,17226.0,101.12547051154523,1.7355656063781497e-17,0.0005646492245466825,0.0004358779297285175,
9be33bf065,40000,541,1725790,17257.9,101.12547051154523,1.8192808225371517e-18,0.0005646492245466825,0.00041351999885987995,
9be33bf065,40000,542,1728980,17289.8,101.12547051154523,1.6224221797162719e-18,0.0005646492245466825,0.00043221341425351623,
9be33bf065,40000,543,1732170,17321.7,101.12547051154523,8.797332322989175e-19,0.0005646492245466825,0.0004412897014089045,
9be33bf065,40000,544,1735360,17353.6,101.12547051154523,1.2927423156064563e-17,0.0005646492245466825,0.000421577653534699,
9be33bf065,40000,545,1738550,17385.5,101.12547051154523,4.169277272579375e-18,0.0005646492245466825,0.000406827625081977,
9be33bf065,40000,546,1741740,17417.4,101.12547051154523,2.16213683003226e-17,0.0005646492245466825,0.0004466045734328993,
9be33bf065,40000,547,1744930,17449.3,101.12547051154523,1.8207150383585913e-17,0.0005646492245466825,0.0004493263853986504,
9be33bf065,40000,548,1748120,17481.2,101.12547051154523,3.545117424524703e-17,0.0005646492245466825,0.0004107204150075003,
9be33bf065,40000,549,1751310,17513.1,101.12547051154523,7.555155055757097e-18,0.0005646492245466825,0.00045175649364890625,
9be33bf065,40000,550,1754500,17545.0,101.12547051154523,3.460806994892946e-17,0.0005646492245466825,0.00039929746732570847,
9be33bf065,40000,551,1757690,17576.9,101.12547051154523,1.3239320076476964e-17,0.0005646492245466825,0.0004554516220050664,
9be33bf065,40000,552,1760880,17608.8,101.12547051154523,5.024016136523695e-18,0.0005646492245466825,0.0004288804403422742,
9be33bf065,40000,553,1764070,17640.7,101.12547051154523,1.728200750453863e-18,0.0005646492245466825,0.0003835473735455623,
9be33bf065,40000,554,1767260,17672.6,101.12547051154523,1.3222643760075111e-18,0.0005646492245466825,0.00042228523688966034,
9be33bf065,40000,555,1770450,17704.5,101.12547051154523,1.3396204223620698e-18,0.0005646492245466825,0.0003968764173672796,
9be33bf065,40000,556,1773640,17736.4,101.12547051154523,1.949696710582739e-18,0.0005646492245466825,0.0004155117884532966,
9be33bf065,40000,557,1776830,17768.3,101.12547051154523,1.7331006180427018e-18,0.0005646492245466825,0.00042712653384744157,
9be33bf065,40000,558,1780020,17800.2,101.12547051154523,1.8513591730857167e-17,0.0005646492245466825,0.0004250011550986886,
9be33bf065,40000,559,1783210,17832.1,101.12547051154523,2.00022436628401e-17,0.0005646492245466825,0.0004338694382969657,
9be33bf065,40000,560,1786400,17864.0,101.12547051154523,3.161154317597978e-17,0.0005646492245466825,0.00045860877675707803,
9be33bf065,40000,561,1789590,17895.9,101.12547051154523,3.1251344338107836e-17,0.0005646492245466825,0.0004113631215555432,
9be33bf065,40000,562,1792780,17927.8,101.12547051154523,2.367406668758886e-17,0.0005646492245466825,0.0004389289153822627,
9be33bf065,40000,563,1795970,17959.7,101.12547051154523,1.9606045489622785e-17,0.0005646492245466825,0.0004073013687993649,
9be33bf065,40000,564,1799160,17991.6,101.12547051154523,2.3532783387252335e-17,0.0005646492245466825,0.00044437205397798474,
9be33bf065,40000,565,1802350,18023.5,101.12547051154523,2.6909809463146436e-17,0.0005646492245466825,0.00042373591394295935,
9be33bf065,40000,566,1805540,18055.4,101.12547051154523,3.0550251002229935e-17,0.0005646492245466825,0.0004569225625334385,
9be33bf065,40000,567,1808730,18087.3,101.12547051154523,2.5537143169464932e-17,0.0005646492245466825,0.0004528422148832271,
9be33bf065,40000,568,1811920,18119.2,101.12547051154523,3.23996786194695e-17,0.0005646492245466825,0.0004120878571639495,
9be33bf065,40000,569,1815110,18151.1,101.12547051154523,9.270400476231162e-18,0.0005646492245466825,0.0003940201732701984,
9be33bf065,40000,570,1818300,18183.0,101.12547051154523,1.7773742833579153e-18,0.0005646492245466825,0.00042814170130395907,
9be33bf065,40000,571,1821490,18214.9,101.12547051154523,4.8896432319296574e-17,0.0005646492245466825,0.00044656887416722705,
9be33bf065,40000,572,1824680,18246.8,101.12547051154523,1.8740406791335355e-17,0.0005646492245466825,0.0004623179087189937,
9be33bf065,40000,573,1827870,18278.7,101.12547051154523,3.3419115763685064e-17,0.0005646492245466825,0.00044034493233440305,
9be33bf065,40000,574,1831060,18310.6,101.12547051154523,2.0128657302792204e-18,0.0005646492245466825,0.00046992482307946313,
9be33bf065,40000,575,1834250,18342.5,101.12547051154523,3.137855986165207e-17,0.0005646492245466825,0.00045532536369548,
9be33bf065,40000,576,1837440,18374.4,101.12547051154523,3.102373524768815e-17,0.0005646492245466825,0.00045606820877350164,
9be33bf065,40000,577,1840630,18406.3,101.12547051154523,9.314880584242796e-18,0.0005646492245466825,0.0004599365551560707,
9be33bf065,40000,578,1843820,18438.2,101.12547051154523,1.814102727319957e-18,0.0005646492245466825,0.00042074290990367545,
9be33bf065,40000,579,1847010,18470.1,101.12547051154523,3.3227026881230385e-18,0.0005646492245466825,0.00042159289914432495,
9be33bf065,40000,580,1850200,18502.0,101.12547051154523,3.8327424559607756e-17,0.0005646492245466825,0.00043166162997773026,
9be33bf065,40000,581,1853390,18533.9,101.12547051154523,4.4901165025887635e-17,0.0005646492245466825,0.0004336890967739157,
9be33bf065,40000,582,1856580,18565.8,101.12547051154523,1.5083104662862446e-17,0.0005646492245466825,0.0004548362800580545,
9be33bf065,40000,583,1859770,18597.7,101.12547051154523,5.810537508849721e-18,0.0005646492245466825,0.0004315742752732148,
9be33bf065,40000,584,1862960,18629.6,101.12547051154523,1.4537520923027356e-16,0.0005646492245466825,0.00042020693636987477,
9be33bf065,40000,585,1866150,18661.5,101.1254705115374,2.6361388577656992e-17,0.0005778571562770222,0.00046656149913236374,
9be33bf065,40000,586,1869340,18693.4,101.1254705115374,7.899899645784387e-17,0.0005778571562770222,0.00047271451788810333,
9be33bf065,40000,587,1872530,18725.3,101.1254705115349,7.996728287102529e-17,0.0005520039858790693,0.0004380919614395838,
9be33bf065,40000,588,1875720,18757.2,101.12547051149194,2.6833885996628385e-17,0.0005100187736060267,0.00038344855024618964,
9be33bf065,40000,589,1878910,18789.1,101.12547051149194,1.6680112073789863e-17,0.0005100187736060267,0.00038199280352648276,
9be33bf065,40000,590,1882100,18821.0,101.12547051149194,2.3270870726444333e-17,0.0005100187736060267,0.00039597308283730194,
9be33bf065,40000,591,1885290,18852.9,101.12547051149194,5.592984950063557e-17,0.0005100187736060267,0.00040534267183505796,
9be33bf065,40000,592,1888480,18884.8,101.12547051149194,1.0637617950193186e-16,0.0005100187736060267,0.0003803239835286712,
9be33bf065,40000,593,1891670,18916.7,101.12547051148657,7.242091626965587e-17,0.0004223928078409231,0.00029942494345173217,
9be33bf065,40000,594,1894860,18948.6,101.12547051147557,3.0633861246302146e-17,0.00037751967024204577,0.00029263584067043774,
9be33bf065,40000,595,1898050,18980.5,101.1254705114687,1.3497405358591637e-17,0.00036761325328709093,0.0003048561421676253,
9be33bf065,40000,596,1901240,19012.4,101.1254705114687,6.694222052737748e-17,0.00036761325328709093,0.0003018076557521034,
9be33bf065,40000,597,1904430,19044.3,101.1254705114687,1.0710091850263668e-16,0.00036761325328709093,0.0003065880573042725,
9be33bf065,40000,598,1907620,19076.2,101.12547051146791,4.0072881025933165e-17,0.00028863656709533753,0.00023389424133464574,
9be33bf065,40000,599,1910810,19108.1,101.12547051146791,3.254582904337629e-17,0.00028863656709533753,0.00023602001994473264,
9be33bf065,40000,600,1914000,19140.0,101.12547051146791,2.1032103407350146e-17,0.00028863656709533753,0.00022050400646960987,
9be33bf065,40000,601,1917190,19171.9,101.12547051146791,6.65944893013909e-17,0.00028863656709533753,0.00024238637764354876,
9be33bf065,40000,602,1920380,19203.8,101.12547051146791,2.0974727680124947e-17,0.00028863656709533753,0.00021893551027631766,
9be33bf065,40000,603,1923570,19235.7,101.12547051146791,4.3024765685349264e-17,0.00028863656709533753,0.00021954370239246659,
9be33bf065,40000,604,1926760,19267.6,101.12547051146791,2.0929826760691576e-17,0.00028863656709533753,0.00023891769390151717,
9be33bf065,40000,605,1929950,19299.5,101.12547051146791,5.845077270194244e-17,0.00028863656709533753,0.0002280156766205374,
9be33bf065,40000,606,1933140,19331.4,101.12547051146791,4.508806001190245e-17,0.00028863656709533753,0.0002097804122681477,
9be33bf065,40000,607,1936330,19363.3,101.12547051146791,5.637652266279297e-17,0.00028863656709533753,0.00023907464415619625,
9be33bf065,40000,608,1939520,19395.2,101.12547051146791,5.271037020526349e-17,0.00028863656709533753,0.00023392230779167197,
9be33bf065,40000,609,1942710,19427.1,101.12547051146791,4.920992653487917e-17,0.00028863656709533753,0.0001940434353577585,
9be33bf065,40000,610,1945900,19459.0,101.12547051146791,3.306011922695862e-17,0.00028863656709533753,0.00024162906216351223,
9be33bf065,40000,611,1949090,19490.9,101.12547051146791,5.195860741191403e-17,0.00028863656709533753,0.00022088411886038117,
9be33bf065,40000,612,1952280,19522.8,101.12547051146791,1.5013752231986694e-17,0.00028863656709533753,0.00021388537123838276,
9be33bf065,40000,613,1955470,19554.7,101.12547051146791,2.0899669216856523e-17,0.00028863656709533753,0.00024066167007208902,
9be33bf065,40000,614,1958660,19586.6,101.12547051146791,8.697932139875615e-17,0.00028863656709533753,0.00020965059467727937,
9be33bf065,40000,615,1961850,19618.5,101.12547051145894,3.5710464625597266e-17,0.0003061014348021304,0.00025016861754560135,
9be33bf065,40000,616,1965040,19650.4,101.12547051145894,2.6321832852839097e-17,0.0003061014348021304,0.00023248266544419516,
9be33bf065,40000,617,1968230,19682.3,101.12547051145894,2.792856037126382e-17,0.0003061014348021304,0.0002485805861754778,
9be33bf065,40000,618,1971420,19714.2,101.12547051145894,2.0350827301433334e-17,0.0003061014348021304,0.00022968426540908812,
9be33bf065,40000,619,1974610,19746.1,101.12547051145894,2.1561341613845602e-17,0.0003061014348021304,0.0002194550331833252,
9be33bf065,40000,620,1977800,19778.0,101.12547051145894,1.733935695674804e-17,0.0003061014348021304,0.0002383805767810273,
9be33bf065,40000,621,1980990,19809.9,101.12547051145894,2.3464343288039948e-17,0.0003061014348021304,0.00021517602505614257,
9be33bf065,40000,622,1984180,19841.8,101.12547051145894,2.2136577292882225e-17,0.0003061014348021304,0.0002253585507760564,
9be33bf065,40000,623,1987370,19873.7,101.12547051145894,1.7996810129628525e-17,0.0003061014348021304,0.0002464162032468656,
9be33bf065,40000,624,1990560,19905.6,101.12547051145894,3.994391906252945e-18,0.0003061014348021304,0.00023920315833055936,
9be33bf065,40000,625,1993750,19937.5,101.12547051145894,2.133033633014213e-18,0.0003061014348021304,0.00023874979328162573,
9be33bf065,40000,626,1996940,19969.4,101.12547051145894,2.7661781382242324e-18,0.0003061014348021304,0.00023177081299441228,
9be33bf065,40000,627,2000130,20001.3,101.12547051145894,6.340245630259817e-17,0.0003061014348021304,0.00024338668144718498,
9be33bf065,40000,628,2003320,20033.2,101.1254705114328,1.499263897033924e-17,0.00024673963481197604,0.0001813946167445275,
9be33bf065,40000,629,2006510,20065.1,101.1254705114328,1.568594638905928e-17,0.00024673963481197604,0.00017507077532334363,
9be33bf065,40000,630,2009700,20097.0,101.1254705114328,2.8611309272899665e-17,0.00024673963481197604,0.00017925600384325702,
9be33bf065,40000,631,2012890,20128.9,101.1254705114328,1.553155120247396e-17,0.00024673963481197604,0.00019700659621949343,
9be33bf065,40000,632,2016080,20160.8,101.1254705114328,2.6885275910001798e-17,0.00024673963481197604,0.0002017352165041195,
9be33bf065,40000,633,2019270,20192.7,101.1254705114328,2.053542015710471e-17,0.00024673963481197604,0.00020274236779623772,
9be33bf065,40000,634,2022460,20224.6,101.1254705114328,1.4651402398130587e-17,0.00024673963481197604,0.00020839938653979457,
9be33bf065,40000,635,2025650,20256.5,101.1254705114328,2.697759776394603e-17,0.00024673963481197604,0.00017650666189193045,
9be33bf065,40000,636,2028840,20288.4,101.1254705114328,1.2732355296643388e-17,0.00024673963481197604,0.0001989567956790653,
9be33bf065,40000,637,2032030,20320.3,101.1254705114328,2.612959239537726e-18,0.00024673963481197604,0.00017010080597729094,
9be33bf065,40000,638,2035220,20352.2,101.1254705114328,1.4728150783807785e-18,0.00024673963481197604,0.00016006605899286275,
9be33bf065,40000,639,2038410,20384.1,101.1254705114328,3.2392208702213014e-18,0.00024673963481197604,0.00021408541881932287,
9be33bf065,40000,640,2041600,20416.0,101.1254705114328,5.625527034078086e-18,0.00024673963481197604,0.00018583218455617466,
9be33bf065,40000,641,2044790,20447.9,101.1254705114328,1.7716119434107184e-18,0.00024673963481197604,0.0001809769929034581,
9be33bf065,40000,642,2047980,20479.8,101.1254705114328,2.668050223872031e-17,0.00024673963481197604,0.00019766161215241336,
9be33bf065,40000,643,2051170,20511.7,101.1254705114328,2.8665885149466666e-17,0.00024673963481197604,0.00018116629957617115,
9be33bf065,40000,644,2054360,20543.6,101.1254705114328,3.014343706652863e-17,0.00024673963481197604,0.00019597160194269358,
9be33bf065,40000,645,2057550,20575.5,101.1254705114328,2.4522442397959625e-17,0.00024673963481197604,0.00020017385621129655,
9be33bf065,40000,646,2060740,20607.4,101.1254705114328,2.906050319354928e-17,0.00024673963481197604,0.00020054826516415844,
9be33bf065,40000,647,2063930,20639.3,101.1254705114328,2.2097745411335292e-17,0.00024673963481197604,0.00018114024046715833,
9be33bf065,40000,648,2067120,20671.2,101.1254705114328,4.380766294915117e-17,0.00024673963481197604,0.00020119098646259552,
9be33bf065,40000,649,2070310,20703.1,101.1254705114328,7.766028662835204e-17,0.00024673963481197604,0.00020631466254944977,
9be33bf065,40000,650,2073500,20735.0,101.1254705114328,4.826093409998095e-17,0.00024673963481197604,0.00017813071788993806,
9be33bf065,40000,651,2076690,20766.9,101.1254705114328,2.4622934406155884e-17,0.00024673963481197604,0.00018426160524587356,
9be33bf065,40000,652,2079880,20798.8,101.1254705114328,1.5128057444064548e-17,0.00024673963481197604,0.000183798228676871,
9be33bf065,40000,653,2083070,20830.7,101.1254705114328,2.4546947555741245e-17,0.00024673963481197604,0.00019387192835039314,
9be33bf065,40000,654,2086260,20862.6,101.1254705114328,1.17598505089317e-17,0.00024673963481197604,0.00018892850293649322,
9be33bf065,40000,655,2089450,20894.5,101.1254705114328,1.1495637093541955e-17,0.00024673963481197604,0.00019807336171278375,
9be33bf065,40000,656,2092640,20926.4,101.1254705114328,3.1435853323869505e-17,0.00024673963481197604,0.00020071902306908747,
9be33bf065,40000,657,2095830,20958.3,101.1254705114328,8.935136807138933e-18,0.00024673963481197604,0.00020727833615983708,
9be33bf065,40000,658,2099020,20990.2,101.1254705114328,2.1131903989576975e-18,0.00024673963481197604,0.00018758273543123847,
9be33bf065,40000,659,2102210,21022.1,101.1254705114328,1.5369066884697912e-18,0.00024673963481197604,0.00019367218978185469,
9be33bf065,40000,660,2105400,21054.0,101.1254705114328,2.6739460849919436e-18,0.00024673963481197604,0.00020422271848874988,
9be33bf065,40000,661,2108590,21085.9,101.1254705114328,1.919992486634452e-18,0.00024673963481197604,0.00016909239360039156,
9be33bf065,40000,662,2111780,21117.8,101.1254705114328,5.512283005503613e-19,0.00024673963481197604,0.0001698442037057731,
9be33bf065,40000,663,2114970,21149.7,101.1254705114328,6.006402533086897e-17,0.00024673963481197604,0.00019311528001040982,
9be33bf065,40000,664,2118160,21181.6,101.1254705114328,5.22650024071944e-17,0.00024673963481197604,0.0001838537876249479,
9be33bf065,40000,665,2121350,21213.5,101.1254705114328,2.0192324175486247e-17,0.00024673963481197604,0.00020039901033712076,
9be33bf065,40000,666,2124540,21245.4,101.1254705114328,1.8073850422027584e-17,0.00024673963481197604,0.00015704740983076687,
9be33bf065,40000,667,2127730,21277.3,101.1254705114328,3.3224524530722825e-17,0.00024673963481197604,0.00019733598251725726,
9be33bf065,40000,668,2130920,21309.2,101.1254705114328,1.8036847849013037e-17,0.00024673963481197604,0.0001865722994576225,
9be33bf065,40000,669,2134110,21341.1,101.1254705114328,1.79912235795559e-17,0.00024673963481197604,0.0001695566107290107,
9be33bf065,40000,670,2137300,21373.0,101.1254705114328,2.844448986254128e-17,0.00024673963481197604,0.00018519262625778335,
9be33bf065,40000,671,2140490,21404.9,101.1254705114328,5.050271750629448e-18,0.00024673963481197604,0.00020034074963267334,
9be33bf065,40000,672,2143680,21436.8,101.1254705114328,5.4227576436406994e-18,0.00024673963481197604,0.00019104451550024275,
9be33bf065,40000,673,2146870,21468.7,101.1254705114328,1.6849542187831592e-18,0.00024673963481197604,0.00020428977128328707,
9be33bf065,40000,674,2150060,21500.6,101.1254705114328,1.5244714032808014e-16,0.00024673963481197604,0.0001854487416607968,
9be33bf065,40000,675,2153250,21532.5,101.12547051142404,1.472608954667663e-17,0.00037704054062529804,0.00027847737121798345,
9be33bf065,40000,676,2156440,21564.4,101.12547051142404,3.3320868905622707e-18,0.00037704054062529804,0.000314681772094785,
9be33bf065,40000,677,2159630,21596.3,101.12547051142404,1.2898687673176896e-18,0.00037704054062529804,0.0002980296715241829,
9be33bf065,40000,678,2162820,21628.2,101.12547051142404,1.425094364195365e-17,0.00037704054062529804,0.0002730924884248885,
9be33bf065,40000,679,2166010,21660.1,101.12547051142404,6.39349089017406e-18,0.00037704054062529804,0.0002929627133552022,
9be33bf065,40000,680,2169200,21692.0,101.12547051142404,1.684661740040224e-18,0.00037704054062529804,0.0003030624172788515,
9be33bf065,40000,681,2172390,21723.9,101.12547051142404,1.7395104249419916e-18,0.00037704054062529804,0.0002752312434153322,
9be33bf065,40000,682,2175580,21755.8,101.12547051142404,3.6677668192650104e-17,0.00037704054062529804,0.0002726747890742946,
9be33bf065,40000,683,2178770,21787.7,101.12547051141756,2.900075037722902e-17,0.0003239952159371458,0.00024177098991836742,
9be33bf065,40000,684,2181960,21819.6,101.12547051141756,2.443489123626408e-17,0.0003239952159371458,0.00026238105491763495,
9be33bf065,40000,685,2185150,21851.5,101.1254705114068,4.185781868052749e-18,0.0003566945526650347,0.00027648254863142733,
9be33bf065,40000,686,2188340,21883.4,101.1254705114068,1.2071236157503077e-17,0.0003566945526650347,0.0002456444285768949,
9be33bf065,40000,687,2191530,21915.3,101.1254705114068,2.6460578033882526e-17,0.0003566945526650347,0.0002555867813934055,
9be33bf065,40000,688,2194720,21947.2,101.1254705114068,1.7365436747947657e-17,0.0003566945526650347,0.0002972708519488643,
9be33bf065,40000,689,2197910,21979.1,101.1254705114068,3.170322595868397e-17,0.0003566945526650347,0.0002878689188857784,
9be33bf065,40000,690,2201100,22011.0,101.1254705114068,3.0789436819443515e-17,0.0003566945526650347,0.00027103538966379747,
9be33bf065,40000,691,2204290,22042.9,101.1254705114068,3.211243006738405e-17,0.0003566945526650347,0.0002331332039054137,
9be33bf065,40000,692,2207480,22074.8,101.1254705114068,3.5926905337261255e-17,0.0003566945526650347,0.00027574267719178045,
9be33bf065,40000,693,2210670,22106.7,101.1254705114068,2.6308483974140825e-17,0.0003566945526650347,0.00028331175892300204,
9be33bf065,40000,694,2213860,22138.6,101.1254705114068,5.60466291551743e-17,0.0003566945526650347,0.0002838007898360281,
9be33bf065,40000,695,2217050,22170.5,101.1254705114068,5.850372805220613e-17,0.0003566945526650347,0.00029283881761779017,
9be33bf065,40000,696,2220240,22202.4,101.1254705114068,3.193188374846991e-17,0.0003566945526650347,0.0002851421445847903,
9be33bf065,40000,697,2223430,22234.3,101.1254705114068,1.3560038737311583e-17,0.0003566945526650347,0.0002933148340698352,
9be33bf065,40000,698,2226620,22266.2,101.1254705114068,3.01324165144582e-17,0.0003566945526650347,0.0002673738276988779,
9be33bf065,40000,699,2229810,22298.1,101.1254705114068,4.050064987251751e-17,0.0003566945526650347,0.00025910074607352426,
9be33bf065,40000,700,2233000,22330.0,101.1254705114068,2.351315603814087e-17,0.0003566945526650347,0.0002861745122819477,
9be33bf065,40000,701,2236190,22361.9,101.1254705114068,2.2692399926973298e-17,0.0003566945526650347,0.0002832149194333501,
9be33bf065,40000,702,2239380,22393.8,101.1254705114068,1.5733925002370324e-17,0.0003566945526650347,0.0002742936311629701,
9be33bf065,40000,703,2242570,22425.7,101.1254705114068,4.8695585559255224e-17,0.0003566945526650347,0.00027656829288010584,
9be33bf065,40000,704,2245760,22457.6,101.1254705114068,1.81210066129954e-17,0.0003566945526650347,0.00026697932183053784,
9be33bf065,40000,705,2248950,22489.5,101.1254705114068,6.380182106560392e-18,0.0003566945526650347,0.0002911677618456169,
9be33bf065,40000,706,2252140,22521.4,101.1254705114068,1.644215300392768e-18,0.0003566945526650347,0.0002672787060684957,
9be33bf065,40000,707,2255330,22553.3,101.1254705114068,1.8247534147297217e-17,0.0003566945526650347,0.0002508165705338399,
9be33bf065,40000,708,2258520,22585.2,101.1254705114068,1.1581374182002824e-18,0.0003566945526650347,0.00027440667440116966,
9be33bf065,40000,709,2261710,22617.1,101.1254705114068,4.579794755221985e-18,0.0003566945526650347,0.00026251518242407693,
9be33bf065,40000,710,2264900,22649.0,101.1254705114068,2.84483890650026e-18,0.0003566945526650347,0.00027229694798605836,
9be33bf065,40000,711,2268090,22680.9,101.1254705114068,2.664408014996678e-18,0.0003566945526650347,0.00028703577983968864,
9be33bf065,40000,712,2271280,22712.8,101.1254705114068,1.494627357018684e-17,0.0003566945526650347,0.00026693824766093574,
9be33bf065,40000,713,2274470,22744.7,101.1254705114068,1.9763608402107407e-17,0.0003566945526650347,0.000270536179597761,
9be33bf065,40000,714,2277660,22776.6,101.1254705114068,1.6294476785521897e-18,0.0003566945526650347,0.00026908074441700687,
9be33bf065,40000,715,2280850,22808.5,101.1254705114068,1.6499442195501192e-18,0.0003566945526650347,0.0002452095964410967,
9be33bf065,40000,716,2284040,22840.4,101.1254705114068,1.4963915505916348e-17,0.0003566945526650347,0.0002891744809199864,
9be33bf065,40000,717,2287230,22872.3,101.1254705114068,5.426162027880337e-17,0.0003566945526650347,0.00025772788370522176,
9be33bf065,40000,718,2290420,22904.2,101.1254705114068,9.839480113316878e-18,0.0003566945526650347,0.0003127119729454842,
9be33bf065,40000,719,2293610,22936.1,101.1254705114068,1.4973887034849852e-18,0.0003566945526650347,0.00027139897085630784,
9be33bf065,40000,720,2296800,22968.0,101.1254705114068,2.222547509150453e-18,0.0003566945526650347,0.000261052332140926,
9be33bf065,40000,721,2299990,22999.9,101.1254705114068,3.169729149999531e-18,0.0003566945526650347,0.0002617197260180643,
9be33bf065,40000,722,2303180,23031.8,101.1254705114068,1.8372216879382887e-18,0.0003566945526650347,0.0003054177015729714,
9be33bf065,40000,723,2306370,23063.7,101.1254705114068,1.619365360281108e-18,0.0003566945526650347,0.0002887632839673068,
9be33bf065,40000,724,2309560,23095.6,101.1254705114068,3.006087402686938e-18,0.0003566945526650347,0.00028940974628637923,
9be33bf065,40000,725,2312750,23127.5,101.1254705114068,2.7380786103641278e-17,0.0003566945526650347,0.0002636473162418172,
9be33bf065,40000,726,2315940,23159.4,101.1254705114068,1.395913188676533e-17,0.0003566945526650347,0.00027803865483008744,
9be33bf065,40000,727,2319130,23191.3,101.1254705114068,3.0457745663458385e-17,0.0003566945526650347,0.00028164889604430664,
9be33bf065,40000,728,2322320,23223.2,101.1254705114068,2.829835046935292e-17,0.0003566945526650347,0.00028238519311771525,
9be33bf065,40000,729,2325510,23255.1,101.1254705114068,4.046157592610595e-17,0.0003566945526650347,0.00030144517577195055,
9be33bf065,40000,730,2328700,23287.0,101.1254705114068,3.6028998269863506e-17,0.0003566945526650347,0.0002800020924919221,
9be33bf065,40000,731,2331890,23318.9,101.1254705114068,2.454332368258795e-17,0.0003566945526650347,0.00027950949314936775,
9be33bf065,40000,732,2335080,23350.8,101.1254705114068,6.93371493422188e-18,0.0003566945526650347,0.00027945476622152026,
9be33bf065,40000,733,2338270,23382.7,101.1254705114068,2.413741900936957e-17,0.0003566945526650347,0.0002651456026310877,
9be33bf065,40000,734,2341460,23414.6,101.1254705114068,1.457084644782015e-17,0.0003566945526650347,0.00029439089844739483,
9be33bf065,40000,735,2344650,23446.5,101.1254705114068,1.1120214863764818e-17,0.0003566945526650347,0.0002652804961357605,
9be33bf065,40000,736,2347840,23478.4,101.1254705114068,6.64406311415989e-17,0.0003566945526650347,0.00026459298196468146,
9be33bf065,40000,737,2351030,23510.3,101.12547051140095,2.786719756637415e-17,0.0003480518371000485,0.0002812073215926322,
9be33bf065,40000,738,2354220,23542.2,101.12547051140095,3.2321339315506574e-18,0.0003480518371000485,0.0002808327690190259,
9be33bf065,40000,739,2357410,23574.1,101.12547051140095,1.606915875711159e-18,0.0003480518371000485,0.00025277008183051625,
9be33bf065,40000,740,2360600,23606.0,101.12547051140095,2.0723446327487073e-18,0.0003480518371000485,0.0002797625334893075,
9be33bf065,40000,741,2363790,23637.9,101.12547051140095,1.5970552134673903e-18,0.0003480518371000485,0.0002590427224440742,
9be33bf065,40000,742,2366980,23669.8,101.12547051140095,5.615617173174168e-18,0.0003480518371000485,0.00024241604093176673,
9be33bf065,40000,743,2370170,23701.7,101.12547051140095,1.589286670173621e-18,0.0003480518371000485,0.00028369261661772573,
9be33bf065,40000,744,2373360,23733.6,101.12547051140095,8.211607721090851e-18,0.0003480518371000485,0.0002648221135006271,
9be33bf065,40000,745,2376550,23765.5,101.12547051140095,5.362450492100866e-18,0.0003480518371000485,0.0002566785988853471,
9be33bf065,40000,746,2379740,23797.4,101.12547051140095,3.4115717816275884e-18,0.0003480518371000485,0.00029596106571029427,
9be33bf065,40000,747,2382930,23829.3,101.12547051140095,1.3999588662026537e-18,0.0003480518371000485,0.00029862170662910695,
9be33bf065,40000,748,2386120,23861.2,101.12547051140095,2.0996208010565194e-18,0.0003480518371000485,0.00026737923133253406,
9be33bf065,40000,749,2389310,23893.1,101.12547051140095,1.579590782072861e-18,0.0003480518371000485,0.00028232183035343866,
9be33bf065,40000,750,2392500,23925.0,101.12547051140095,1.0798591762850157e-17,0.0003480518371000485,0.00028465057941686264,
9be33bf065,40000,751,2395690,23956.9,101.12547051140095,1.0446340052138814e-18,0.0003480518371000485,0.0002277624750267514,
9be33bf065,40000,752,2398880,23988.8,101.12547051140095,1.0217188098486986e-17,0.0003480518371000485,0.00025051916712259424,
9be33bf065,40000,753,2402070,24020.7,101.12547051140095,1.5432277207735196e-17,0.0003480518371000485,0.000270575151309949,
9be33bf065,40000,754,2405260,24052.6,101.12547051140095,1.5357852714355442e-17,0.0003480518371000485,0.00026422296206967397,
9be33bf065,40000,755,2408450,24084.5,101.12547051140095,1.4107396908337906e-17,0.0003480518371000485,0.0002263921809192871,
9be33bf065,40000,756,2411640,24116.4,101.12547051140095,1.660460463338211e-17,0.0003480518371000485,0.0002616302799309977,
9be33bf065,40000,757,2414830,24148.3,101.12547051140095,9.839452200146756e-18,0.0003480518371000485,0.00025324222616819044,
9be33bf065,40000,758,2418020,24180.2,101.12547051140095,1.0196027504164092e-17,0.0003480518371000485,0.0002849245216109871,
9be33bf065,40000,759,2421210,24212.1,101.12547051140095,1.5755602568461364e-18,0.0003480518371000485,0.0002792032365249069,
9be33bf065,40000,760,2424400,24244.0,101.12547051140095,3.5112123043576794e-18,0.0003480518371000485,0.0002675209630100016,
9be33bf065,40000,761,2427590,24275.9,101.12547051140095,3.9958587740279656e-17,0.0003480518371000485,0.00027469278036550506,
9be33bf065,40000,762,2430780,24307.8,101.12547051140095,1.595746584158889e-17,0.0003480518371000485,0.00027263004713485233,
9be33bf065,40000,763,2433970,24339.7,101.12547051140095,9.172352265588108e-17,0.0003480518371000485,0.0002650976139001707,
9be33bf065,40000,764,2437160,24371.6,101.12547051139546,1.1389608118192374e-17,0.00029405165197936197,0.00023733629519488245,
9be33bf065,40000,765,2440350,24403.5,101.12547051139546,4.438944915563981e-17,0.00029405165197936197,0.00023777690713109367,
9be33bf065,40000,766,2443540,24435.4,101.12547051139546,1.3000173058280587e-17,0.00029405165197936197,0.00023720577403548652,
9be33bf065,40000,767,2446730,24467.3,101.12547051139546,5.930377406734289e-18,0.00029405165197936197,0.00020534746056584258,
9be33bf065,40000,768,2449920,24499.2,101.12547051139546,2.6594433705032295e-18,0.00029405165197936197,0.00023714132788750164,
9be33bf065,40000,769,2453110,24531.1,101.12547051139546,3.365439998225133e-18,0.00029405165197936197,0.00022777014961456376,
9be33bf065,40000,770,2456300,24563.0,101.12547051139546,2.658076998502448e-18,0.00029405165197936197,0.00023264161172019643,
9be33bf065,40000,771,2459490,24594.9,101.12547051139546,2.3720711374963324e-18,0.00029405165197936197,0.00021982503380823504,
9be33bf065,40000,772,2462680,24626.8,101.12547051139546,3.0081511006233858e-18,0.00029405165197936197,0.0002157770457506866,
9be33bf065,40000,773,2465870,24658.7,101.12547051139546,4.8534041413322145e-18,0.00029405165197936197,0.00022778381895953068,
9be33bf065,40000,774,2469060,24690.6,101.12547051139546,3.920538377770012e-18,0.00029405165197936197,0.00022160434903213322,
9be33bf065,40000,775,2472250,24722.5,101.12547051139546,3.6352170100564064e-18,0.00029405165197936197,0.00023225114465621463,
9be33bf065,40000,776,2475440,24754.4,101.12547051139546,2.8125235391516316e-18,0.00029405165197936197,0.0002128212211677676,
9be33bf065,40000,777,2478630,24786.3,101.12547051139546,8.696484398429885e-17,0.00029405165197936197,0.00023070854177817613,
9be33bf065,40000,778,2481820,24818.2,101.12547051138354,3.227003510482167e-17,0.00026344093736138907,0.00020620951657799694,
9be33bf065,40000,779,2485010,24850.1,101.12547051138354,2.89274294227157e-17,0.00026344093736138907,0.00021082021778267646,
9be33bf065,40000,780,2488200,24882.0,101.12547051138354,4.266968599330737e-17,0.00026344093736138907,0.00021767744645490077,
9be33bf065,40000,781,2491390,24913.9,101.12547051138354,3.7638176333923456e-17,0.00026344093736138907,0.0001953728539953487,
9be33bf065,40000,782,2494580,24945.8,101.12547051138354,4.666895451480414e-19,0.00026344093736138907,0.0002104282991014253,
9be33bf065,40000,783,2497770,24977.7,101.12547051138354,5.371742274703335e-18,0.00026344093736138907,0.00021570228983468857,
9be33bf065,40000,784,2500960,25009.6,101.12547051138354,8.881940235872636e-18,0.00026344093736138907,0.0002107662176610822,
9be33bf065,40000,785,2504150,25041.5,101.12547051138354,3.967136080644506e-18,0.00026344093736138907,0.00020102407259563597,
9be33bf065,40000,786,2507340,25073.4,101.12547051138354,1.2095999690129806e-18,0.00026344093736138907,0.00019168302899928269,
9be33bf065,40000,787,2510530,25105.3,101.12547051138354,3.163431116240288e-17,0.00026344093736138907,0.00020428244523947275,
9be33bf065,40000,788,2513720,25137.2,101.12547051138354,1.4676096611471905e-17,0.00026344093736138907,0.0002239193777655593,
9be33bf065,40000,789,2516910,25169.1,101.12547051138354,2.6316722692637294e-17,0.00026344093736138907,0.00022384189174367187,
9be33bf065,40000,790,2520100,25201.0,101.12547051138354,2.4775950896409213e-17,0.00026344093736138907,0.0002172579956346443,
9be33bf065,40000,791,2523290,25232.9,101.12547051138354,8.417490936971004e-18,0.00026344093736138907,0.00018989861442667968,
9be33bf065,40000,792,2526480,25264.8,101.12547051138354,1.3179377739198558e-17,0.00026344093736138907,0.00019988938817897423,
9be33bf065,40000,793,2529670,25296.7,101.12547051138354,1.6309053034502045e-17,0.00026344093736138907,0.00019009897170084946,
9be33bf065,40000,794,2532860,25328.6,101.12547051138354,1.4663156351566882e-17,0.00026344093736138907,0.0001984474298862031,
9be33bf065,40000,795,2536050,25360.5,101.12547051138354,1.0300217785062011e-17,0.00026344093736138907,0.00018741195676584256,
9be33bf065,40000,796,2539240,25392.4,101.12547051138354,9.582129088516528e-18,0.00026344093736138907,0.00021443546941627274,
9be33bf065,40000,797,2542430,25424.3,101.12547051138354,2.3930230509655103e-18,0.00026344093736138907,0.00020162166792602864,
9be33bf065,40000,798,2545620,25456.2,101.12547051138354,1.1143506040126707e-18,0.00026344093736138907,0.0002061500067009636,
9be33bf065,40000,799,2548810,25488.1,101.12547051138354,2.691281486546448e-17,0.00026344093736138907,0.000198216128057635,
9be33bf065,40000,800,2552000,25520.0,101.12547051138354,7.234621474029202e-18,0.00026344093736138907,0.0002053888321819947,
9be33bf065,40000,801,2555190,25551.9,101.12547051138354,3.700330574608714e-18,0.00026344093736138907,0.00020994556838258458,
9be33bf065,40000,802,2558380,25583.8,101.12547051138354,5.975332101220986e-18,0.00026344093736138907,0.00020310257717377796,
9be33bf065,40000,803,2561570,25615.7,101.12547051138354,8.945416543428782e-19,0.00026344093736138907,0.00021501324307917423,
9be33bf065,40000,804,2564760,25647.6,101.12547051138354,9.866752961551067e-19,0.00026344093736138907,0.00018667552352654446,
9be33bf065,40000,805,2567950,25679.5,101.12547051138354,2.6199698649198223e-18,0.00026344093736138907,0.00020880136021173714,
9be33bf065,40000,806,2571140,25711.4,101.12547051138354,4.922091284327943e-19,0.00026344093736138907,0.00020061420661651646,
9be33bf065,40000,807,2574330,25743.3,101.12547051138354,3.446061191417472e-18,0.00026344093736138907,0.000194412489806321,
9be33bf065,40000,808,2577520,25775.2,101.12547051138354,6.047349162386359e-18,0.00026344093736138907,0.0002055368735414553,
9be33bf065,40000,809,2580710,25807.1,101.12547051138354,3.8271306092028556e-18,0.00026344093736138907,0.0001961613183659085,
9be33bf065,40000,810,2583900,25839.0,101.12547051138354,5.213237273847827e-18,0.00026344093736138907,0.00021390297607784778,
9be33bf065,40000,811,2587090,25870.9,101.12547051138354,9.523215804584565e-19,0.00026344093736138907,0.00020798161771711478,
9be33bf065,40000,812,2590280,25902.8,101.12547051138354,2.1818479989586307e-18,0.00026344093736138907,0.00022955173420830097,
9be33bf065,40000,813,2593470,25934.7,101.12547051138354,1.8930812945243355e-18,0.00026344093736138907,0.000218050482974063,
9be33bf065,40000,814,2596660,25966.6,101.12547051138354,1.7342990214012124e-17,0.00026344093736138907,0.0001926344195947799,
9be33bf065,40000,815,2599850,25998.5,101.12547051138354,1.4658893906827338e-17,0.00026344093736138907,0.0002241635553207737,
9be33bf065,40000,816,2603040,26030.4,101.12547051138354,9.859290234859322e-17,0.00026344093736138907,0.00020968362241525728,
9be33bf065,40000,817,2606230,26062.3,101.12547051137123,5.2664717652339613e-17,0.00018071044542694253,0.00015300123094697765,
9be33bf065,40000,818,2609420,26094.2,101.12547051137123,2.7498965199476396e-17,0.00018071044542694253,0.00014389031110243025,
9be33bf065,40000,819,2612610,26126.1,101.12547051137123,1.0693264347322398e-17,0.00018071044542694253,0.00014174093996342928,
9be33bf065,40000,820,2615800,26158.0,101.12547051137123,1.8268265221562056e-17,0.00018071044542694253,0.00013469291126186816,
9be33bf065,40000,821,2618990,26189.9,101.12547051137123,1.324211811864424e-17,0.00018071044542694253,0.0001380246364357172,
9be33bf065,40000,822,2622180,26221.8,101.12547051137123,1.6081467968078952e-17,0.00018071044542694253,0.00014965788596039135,
9be33bf065,40000,823,2625370,26253.7,101.12547051137123,1.164270783065163e-17,0.00018071044542694253,0.00011838486235410158,
9be33bf065,40000,824,2628560,26285.6,101.12547051137123,1.3194202849794669e-17,0.00018071044542694253,0.00014609014710636003,
9be33bf065,40000,825,2631750,26317.5,101.12547051137123,1.0404859674024185e-17,0.00018071044542694253,0.0001312508021720075,
9be33bf065,40000,826,2634940,26349.4,101.12547051137123,1.1803649686070248e-17,0.00018071044542694253,0.0001305775117478107,
9be33bf065,40000,827,2638130,26381.3,101.12547051137123,1.2142792592100601e-17,0.00018071044542694253,0.00015012374511980147,
9be33bf065,40000,828,2641320,26413.2,101.12547051137123,2.1818429809694685e-17,0.00018071044542694253,0.0001267786334585236,
9be33bf065,40000,829,2644510,26445.1,101.12547051137123,1.7952454761522602e-17,0.00018071044542694253,0.00012865355534407623,
9be33bf065,40000,830,2647700,26477.0,101.12547051137123,1.0528725535756762e-17,0.00018071044542694253,0.0001362007226630575,
9be33bf065,40000,831,2650890,26508.9,101.12547051137123,1.3524524450557994e-17,0.00018071044542694253,0.00013964223031988994,
9be33bf065,40000,832,2654080,26540.8,101.12547051137123,3.5427754491852136e-17,0.00018071044542694253,0.00014469714294016388,
9be33bf065,40000,833,2657270,26572.7,101.12547051137123,1.3148008002026549e-17,0.00018071044542694253,0.00015096489566721557,
9be33bf065,40000,834,2660460,26604.6,101.12547051137123,1.3276957319941866e-17,0.00018071044542694253,0.00014322075688890222,
9be33bf065,40000,835,2663650,26636.5,101.12547051137123,4.3247157503349664e-17,0.00018071044542694253,0.00013437512205031907,
9be33bf065,40000,836,2666840,26668.4,101.12547051137123,1.6319574631176843e-17,0.00018071044542694253,0.00014344716356916564,
9be33bf065,40000,837,2670030,26700.3,101.12547051137123,1.1612772690076966e-17,0.00018071044542694253,0.00013500183676511528,
9be33bf065,40000,838,2673220,26732.2,101.12547051137123,4.560992291457678e-17,0.00018071044542694253,0.00014165563152702818,
9be33bf065,40000,839,2676410,26764.1,101.12547051137123,4.641709931762324e-17,0.00018071044542694253,0.0001386139211552227,
9be33bf065,40000,840,2679600,26796.0,101.12547051137123,5.826758208613367e-17,0.00018071044542694253,0.00014438960450409473,
9be33bf065,40000,841,2682790,26827.9,101.12547051137123,1.65492556264386e-17,0.00018071044542694253,0.00012752655988537085,
9be33bf065,40000,842,2685980,26859.8,101.12547051137123,1.9089220692515947e-17,0.00018071044542694253,0.00013396542319508075,
9be33bf065,40000,843,2689170,26891.7,101.12547051137123,2.7211610758065386e-17,0.00018071044542694253,0.00014727482970857287,
9be33bf065,40000,844,2692360,26923.6,101.12547051137123,1.1962750269302133e-17,0.00018071044542694253,0.00012991852408452878,
9be33bf065,40000,845,2695550,26955.5,101.12547051137123,1.2333502284056192e-17,0.00018071044542694253,0.0001487296131669667,
9be33bf065,40000,846,2698740,26987.4,101.12547051137123,1.3236674702580116e-17,0.00018071044542694253,0.00013852550007824552,
9be33bf065,40000,847,2701930,27019.3,101.12547051137123,4.8026889028579746e-17,0.00018071044542694253,0.00015182305972872613,
9be33bf065,40000,848,2705120,27051.2,101.12547051137123,3.713229567342825e-17,0.00018071044542694253,0.0001522347675841855,
9be33bf065,40000,849,2708310,27083.1,101.12547051137123,1.9604577159242536e-17,0.00018071044542694253,0.00014308682290697816,
9be33bf065,40000,850,2711500,27115.0,101.12547051137123,1.494194913931497e-17,0.00018071044542694253,0.00015985150847778136,
9be33bf065,40000,851,2714690,27146.9,101.12547051137123,6.355627543260726e-17,0.00018071044542694253,0.00014614875911562382,
9be33bf065,40000,852,2717880,27178.8,101.125470511361,1.9943258204476056e-17,0.00014814022329296043,0.00012513622599301806,
9be33bf065,40000,853,2721070,27210.7,101.125470511361,1.2409690669667743e-17,0.00014814022329296043,0.0001160102719092939,
9be33bf065,40000,854,2724260,27242.6,101.125470511361,1.6718054772938436e-17,0.00014814022329296043,0.00011077113458148403,
9be33bf065,40000,855,2727450,27274.5,101.125470511361,1.2805811535726749e-17,0.00014814022329296043,0.00012695497236368315,
9be33bf065,40000,856,2730640,27306.4,101.125470511361,5.160123265152946e-17,0.00014814022329296043,0.00012519926959896123,
9be33bf065,40000,857,2733830,27338.3,101.125470511361,1.0828198696557838e-17,0.00014814022329296043,0.00011058588661937697,
9be33bf065,40000,858,2737020,27370.2,101.125470511361,1.867992277032163e-17,0.00014814022329296043,0.0001147219404676335,
9be33bf065,40000,859,2740210,27402.1,101.125470511361,1.0795654041333271e-17,0.00014814022329296043,0.00011028541699154486,
9be33bf065,40000,860,2743400,27434.0,101.125470511361,1.843078703926169e-17,0.00014814022329296043,0.00010686557303417015,
9be33bf065,40000,861,2746590,27465.9,101.125470511361,1.077508579388851e-17,0.00014814022329296043,0.00010345360368392963,
9be33bf065,40000,862,2749780,27497.8,101.125470511361,3.299000648111444e-17,0.00014814022329296043,0.00010767238123426555,
9be33bf065,40000,863,2752970,27529.7,101.125470511361,1.2367235057911775e-17,0.00014814022329296043,0.00012220526711403322,
9be33bf065,40000,864,2756160,27561.6,101.125470511361,1.0755870995449171e-17,0.00014814022329296043,0.00012370361181802394,
9be33bf065,40000,865,2759350,27593.5,101.125470511361,1.4814584367599817e-17,0.00014814022329296043,0.00010670982947908504,
9be33bf065,40000,866,2762540,27625.4,101.125470511361,1.0164712443582126e-17,0.00014814022329296043,0.00011235663596450135,
9be33bf065,40000,867,2765730,27657.3,101.125470511361,2.6738433725229524e-17,0.00014814022329296043,0.00011566293285371495,
9be33bf065,40000,868,2768920,27689.2,101.125470511361,5.2813367090545765e-17,0.00014814022329296043,0.00011551333465782707,
9be33bf065,40000,869,2772110,27721.1,101.125470511361,3.45356609669972e-17,0.00014814022329296043,0.00010588471928160905,
9be33bf065,40000,870,2775300,27753.0,101.125470511361,7.68011631423896e-18,0.00014814022329296043,0.00010945434821523482,
9be33bf065,40000,871,2778490,27784.9,101.125470511361,3.324794720048543e-17,0.00014814022329296043,0.00012049271232596981,
9be33bf065,40000,872,2781680,27816.8,101.125470511361,1.0735618433265928e-17,0.00014814022329296043,0.00011024307754658415,
9be33bf065,40000,873,2784870,27848.7,101.125470511361,4.168316285926516e-17,0.00014814022329296043,0.00011136845712969318,
9be33bf065,40000,874,2788060,27880.6,101.125470511361,1.3868141667579804e-17,0.00014814022329296043,0.00010886631071889328,
9be33bf065,40000,875,2791250,27912.5,101.125470511361,1.4488470345978243e-17,0.00014814022329296043,0.00011354023772884578,
9be33bf065,40000,876,2794440,27944.4,101.125470511361,1.5396866801349128e-17,0.00014814022329296043,0.00011598962909252475,
9be33bf065,40000,877,2797630,27976.3,101.125470511361,9.612414349957848e-18,0.00014814022329296043,0.00012314344449334397,
9be33bf065,40000,878,2800820,28008.2,101.125470511361,1.318167133992113e-17,0.00014814022329296043,0.00012047504176008751,
9be33bf065,40000,879,2804010,28040.1,101.125470511361,1.446477092976331e-17,0.00014814022329296043,0.00010862877608609745,
9be33bf065,40000,880,2807200,28072.0,101.125470511361,1.4510660350959322e-17,0.00014814022329296043,0.00012049546770813061,
9be33bf065,40000,881,2810390,28103.9,101.125470511361,1.3007746309685972e-17,0.00014814022329296043,0.00011593769774674967,
9be33bf065,40000,882,2813580,28135.8,101.125470511361,1.5924124139260735e-17,0.00014814022329296043,0.00011819067845816591,
9be33bf065,40000,883,2816770,28167.7,101.125470511361,9.613741388622583e-17,0.00014814022329296043,0.0001232121663215569,
9be33bf065,40000,884,2819960,28199.6,101.125470511361,1.738744929263621e-17,0.00014814022329296043,0.00010715780576949036,
9be33bf065,40000,885,2823150,28231.5,101.125470511361,3.443384357576356e-17,0.00014814022329296043,0.00011372743260442035,
9be33bf065,40000,886,2826340,28263.4,101.125470511361,5.307966556795133e-17,0.00014814022329296043,0.0001188358926858383,
9be33bf065,40000,887,2829530,28295.3,101.125470511361,1.4363267428191047e-17,0.00014814022329296043,0.00010802107562164422,
9be33bf065,40000,888,2832720,28327.2,101.125470511361,3.504775957754279e-17,0.00014814022329296043,0.00010570345260359084,
9be33bf065,40000,889,2835910,28359.1,101.125470511361,1.4347344255272897e-17,0.00014814022329296043,0.0001233950858675146,
9be33bf065,40000,890,2839100,28391.0,101.125470511361,1.4458832035975914e-17,0.00014814022329296043,0.00012120180454366047,
9be33bf065,40000,891,2842290,28422.9,101.125470511361,1.4250053148114586e-17,0.00014814022329296043,0.00010896404527692199,
9be33bf065,40000,892,2845480,28454.8,101.125470511361,3.0547912685935475e-17,0.00014814022329296043,0.00010319498157809347,
9be33bf065,40000,893,2848670,28486.7,101.125470511361,3.4594196291584255e-17,0.00014814022329296043,0.00012015087053405799,
9be33bf065,40000,894,2851860,28518.6,101.125470511361,1.3898255908839002e-17,0.00014814022329296043,0.00011411210629230012,
9be33bf065,40000,895,2855050,28550.5,101.125470511361,1.5695210063876574e-17,0.00014814022329296043,0.00012110934241600151,
9be33bf065,40000,896,2858240,28582.4,101.125470511361,1.4677443967640536e-17,0.00014814022329296043,0.00012345649134721146,
9be33bf065,40000,897,2861430,28614.3,101.125470511361,1.3534004600282663e-17,0.00014814022329296043,0.00010717370137730537,
9be33bf065,40000,898,2864620,28646.2,101.125470511361,2.205849412217266e-17,0.00014814022329296043,0.00011438900102250228,
9be33bf065,40000,899,2867810,28678.1,101.125470511361,3.7471001736795317e-17,0.00014814022329296043,0.00011113327250098543,
9be33bf065,40000,900,2871000,28710.0,101.125470511361,2.5819320404031638e-17,0.00014814022329296043,0.00012504627008019678,
9be33bf065,40000,901,2874190,28741.9,101.125470511361,1.7912334091710786e-17,0.00014814022329296043,0.00011126183510912952,
9be33bf065,40000,902,2877380,28773.8,101.125470511361,1.3598502638194488e-17,0.00014814022329296043,0.00011692255069216798,
9be33bf065,40000,903,2880570,28805.7,101.125470511361,1.6978196630758626e-17,0.00014814022329296043,0.00012258108656688395,
9be33bf065,40000,904,2883760,28837.6,101.125470511361,1.198535418605796e-17,0.00014814022329296043,0.0001195252630665175,
9be33bf065,40000,905,2886950,28869.5,101.125470511361,1.0931898933989837e-17,0.00014814022329296043,0.00012134784659742137,
9be33bf065,40000,906,2890140,28901.4,101.125470511361,1.4185606136240016e-17,0.00014814022329296043,0.0001141819023004771,
9be33bf065,40000,907,2893330,28933.3,101.125470511361,1.5993927485581364e-17,0.00014814022329296043,0.00011088496506829946,
9be33bf065,40000,908,2896520,28965.2,101.125470511361,1.462568849080797e-17,0.00014814022329296043,0.00011509652611689229,
9be33bf065,40000,909,2899710,28997.1,101.125470511361,1.7084159362082037e-17,0.00014814022329296043,0.00010658750267080678,
9be33bf065,40000,910,2902900,29029.0,101.125470511361,1.1467272533584031e-17,0.00014814022329296043,0.00011065822330992266,
9be33bf065,40000,911,2906090,29060.9,101.125470511361,1.1109155198465538e-17,0.00014814022329296043,0.0001244620396359639,
9be33bf065,40000,912,2909280,29092.8,101.125470511361,1.5771957899534648e-17,0.00014814022329296043,0.00011864697960751071,
9be33bf065,40000,913,2912470,29124.7,101.125470511361,1.0803109866138405e-17,0.00014814022329296043,0.00011391971432966915,
9be33bf065,40000,914,2915660,29156.6,101.125470511361,7.82199794841194e-18,0.00014814022329296043,0.00010940844292786009,
9be33bf065,40000,915,2918850,29188.5,101.125470511361,4.354400835982079e-18,0.00014814022329296043,9.601718737817308e-05,
9be33bf065,40000,916,2922040,29220.4,101.125470511361,9.548059968687834e-18,0.00014814022329296043,0.00012239588572778836,
9be33bf065,40000,917,2925230,29252.3,101.125470511361,1.444805575644082e-17,0.00014814022329296043,9.831454295866695e-05,
9be33bf065,40000,918,2928420,29284.2,101.125470511361,6.532193230637971e-18,0.00014814022329296043,0.00011284087595986554,
9be33bf065,40000,919,2931610,29316.1,101.125470511361,6.550781982177441e-19,0.00014814022329296043,0.000117769081983059,
9be33bf065,40000,920,2934800,29348.0,101.125470511361,2.1455806976168053e-18,0.00014814022329296043,0.00011709906257318079,
9be33bf065,40000,921,2937990,29379.9,101.125470511361,1.7442279025183634e-18,0.00014814022329296043,0.00011280226290841094,
9be33bf065,40000,922,2941180,29411.8,101.125470511361,3.508843072099485e-18,0.00014814022329296043,0.00010605515869461339,
9be33bf065,40000,923,2944370,29443.7,101.125470511361,2.9969034317800175e-17,0.00014814022329296043,0.00011396758655175445,
9be33bf065,40000,924,2947560,29475.6,101.125470511361,1.5070394308518748e-17,0.00014814022329296043,0.00010094931768212149,
9be33bf065,40000,925,2950750,29507.5,101.125470511361,2.3160150583426387e-17,0.00014814022329296043,0.00010959567939275306,
9be33bf065,40000,926,2953940,29539.4,101.125470511361,1.2952768663983116e-17,0.00014814022329296043,0.00010544929181211123,
9be33bf065,40000,927,2957130,29571.3,101.125470511361,8.334304550675185e-18,0.00014814022329296043,0.00012137669367310433,
9be33bf065,40000,928,2960320,29603.2,101.125470511361,3.2433859201450354e-17,0.00014814022329296043,0.00011442828992670208,
9be33bf065,40000,929,2963510,29635.1,101.125470511361,1.0854805072858906e-17,0.00014814022329296043,0.0001197031474817249,
9be33bf065,40000,930,2966700,29667.0,101.125470511361,1.0846746916411489e-17,0.00014814022329296043,0.00011958211323130383,
9be33bf065,40000,931,2969890,29698.9,101.125470511361,1.7899370713837125e-17,0.00014814022329296043,0.00011403633763558941,
9be33bf065,40000,932,2973080,29730.8,101.125470511361,1.6119213512991823e-17,0.00014814022329296043,0.00012704704059266874,
9be33bf065,40000,933,2976270,29762.7,101.125470511361,1.427149345069154e-17,0.00014814022329296043,0.00011664556085192887,
9be33bf065,40000,934,2979460,29794.6,101.125470511361,8.300238648092803e-18,0.00014814022329296043,0.00010687370516392732,
9be33bf065,40000,935,2982650,29826.5,101.125470511361,9.370524382174255e-18,0.00014814022329296043,0.00010607941167462778,
9be33bf065,40000,936,2985840,29858.4,101.125470511361,1.2132182135785215e-17,0.00014814022329296043,0.00010413867240742978,
9be33bf065,40000,937,2989030,29890.3,101.125470511361,1.0756191841665926e-17,0.00014814022329296043,0.00011858193297337478,
9be33bf065,40000,938,2992220,29922.2,101.125470511361,8.328002613142399e-18,0.00014814022329296043,0.0001130367090894368,
9be33bf065,40000,939,2995410,29954.1,101.125470511361,1.079586499598334e-17,0.00014814022329296043,0.00012795896740450195,
9be33bf065,40000,940,2998600,29986.0,101.125470511361,1.2803117843717017e-17,0.00014814022329296043,0.00011588032122352581,
9be33bf065,40000,941,3001790,30017.9,101.125470511361,8.697470862020527e-18,0.00014814022329296043,0.00011055561988522529,
9be33bf065,40000,942,3004980,30049.8,101.125470511361,1.220422586451716e-17,0.00014814022329296043,0.0001199058847668795,
9be33bf065,40000,943,3008170,30081.7,101.125470511361,1.3184065517724372e-17,0.00014814022329296043,9.218971197134357e-05,
9be33bf065,40000,944,3011360,30113.6,101.125470511361,1.3290368451364789e-17,0.00014814022329296043,0.00011317345008947758,
9be33bf065,40000,945,3014550,30145.5,101.125470511361,7.57681653114355e-18,0.00014814022329296043,0.00010434064799174341,
9be33bf065,40000,946,3017740,30177.4,101.125470511361,3.814811634328772e-17,0.00014814022329296043,0.00011745138212504371,
9be33bf065,40000,947,3020930,30209.3,101.125470511361,8.609047678765728e-18,0.00014814022329296043,0.00011788277573459949,
9be33bf065,40000,948,3024120,30241.2,101.125470511361,1.0757253861878976e-17,0.00014814022329296043,0.00011837413967764093,
9be33bf065,40000,949,3027310,30273.1,101.125470511361,1.3550133033308499e-17,0.00014814022329296043,0.00011734793779659911,
9be33bf065,40000,950,3030500,30305.0,101.125470511361,1.194538994422736e-17,0.00014814022329296043,9.810536767002532e-05,
9be33bf065,40000,951,3033690,30336.9,101.125470511361,1.7565658709320884e-17,0.00014814022329296043,0.00011288788417838004,
9be33bf065,40000,952,3036880,30368.8,101.125470511361,1.5685714837185774e-17,0.00014814022329296043,0.00012611636812430275,
9be33bf065,40000,953,3040070,30400.7,101.125470511361,1.493858477495531e-17,0.00014814022329296043,0.00011035551950307345,
9be33bf065,40000,954,3043260,30432.6,101.125470511361,1.3278049818728676e-17,0.00014814022329296043,0.00011454245368508928,
9be33bf065,40000,955,3046450,30464.5,101.125470511361,1.534299228626984e-17,0.00014814022329296043,0.00011616618545890428,
9be33bf065,40000,956,3049640,30496.4,101.125470511361,1.0739705796871187e-17,0.00014814022329296043,0.00010674868423773272,
9be33bf065,40000,957,3052830,30528.3,101.125470511361,1.553128906430126e-17,0.00014814022329296043,0.00012322500712749843,
9be33bf065,40000,958,3056020,30560.2,101.125470511361,1.5505269710385227e-17,0.00014814022329296043,0.00011447075924654073,
9be33bf065,40000,959,3059210,30592.1,101.125470511361,5.129890772306293e-17,0.00014814022329296043,0.00011016639472283467,
9be33bf065,40000,960,3062400,30624.0,101.125470511361,1.0951454105680719e-17,0.00014814022329296043,0.00012371920453298625,
9be33bf065,40000,961,3065590,30655.9,101.125470511361,1.2642437527503103e-17,0.00014814022329296043,0.0001056455912533162,
9be33bf065,40000,962,3068780,30687.8,101.125470511361,1.5515887143716714e-17,0.00014814022329296043,0.00011608854891573809,
9be33bf065,40000,963,3071970,30719.7,101.125470511361,8.511067345509234e-17,0.00014814022329296043,0.00012156166316310293,
9be33bf065,40000,964,3075160,30751.6,101.12547051135557,1.2473748510877679e-17,9.193058342264648e-05,7.107129752498274e-05,
9be33bf065,40000,965,3078350,30783.5,101.12547051135557,3.2658659822060366e-17,9.193058342264648e-05,7.854620054050017e-05,
9be33bf065,40000,966,3081540,30815.4,101.12547051135557,1.1774366642630606e-17,9.193058342264648e-05,6.704442051288557e-05,
9be33bf065,40000,967,3084730,30847.3,101.12547051135557,1.3110917109660877e-17,9.193058342264648e-05,6.880861734304177e-05,
9be33bf065,40000,968,3087920,30879.2,101.12547051135557,1.4434514108618635e-17,9.193058342264648e-05,6.944099512303032e-05,
9be33bf065,40000,969,3091110,30911.1,101.12547051135557,1.0461979853154807e-17,9.193058342264648e-05,7.607032294494038e-05,
9be33bf065,40000,970,3094300,30943.0,101.12547051135557,1.726820498132627e-17,9.193058342264648e-05,7.044878373365137e-05,
9be33bf065,40000,971,3097490,30974.9,101.12547051135557,7.582151067444711e-17,9.193058342264648e-05,7.435840791311902e-05,
9be33bf065,40000,972,3100680,31006.8,101.1254705113515,7.023370032874632e-17,0.0001068150562759696,8.63620857497933e-05,
9be33bf065,40000,973,3103870,31038.7,101.12547051134905,3.582408909841255e-17,4.4555257940208515e-05,3.446945568137449e-05,
9be33bf065,40000,974,3107060,31070.6,101.12547051134905,3.051227815262074e-17,4.4555257940208515e-05,3.360761597348598e-05,
9be33bf065,40000,975,3110250,31102.5,101.12547051134905,3.5819777562324707e-17,4.4555257940208515e-05,3.4871762976972175e-05,
9be33bf065,40000,976,3113440,31134.4,101.12547051134905,4.010999092448331e-17,4.4555257940208515e-05,3.302272583351306e-05,
9be33bf065,40000,977,3116630,31166.3,101.12547051134905,4.5960100848239057e-17,4.4555257940208515e-05,3.6485182362597036e-05,
9be33bf065,40000,978,3119820,31198.2,101.12547051131547,1.606701735313321e-17,6.735465668616401e-07,4.935437881150046e-07,
9be33bf065,40000,979,3123010,31230.1,101.12547051131547,4.968194093747926e-20,6.735465668616401e-07,5.201232532449043e-07,
9be33bf065,40000,980,3126200,31262.0,101.12547051131547,4.945799742997566e-20,6.735465668616401e-07,4.986447548857135e-07,
9be33bf065,40000,981,3129390,31293.9,101.12547051131547,1.7005464316733397e-17,6.735465668616401e-07,5.287985860520225e-07,
9be33bf065,40000,982,3132580,31325.8,101.12547051131547,1.0477196124418158e-17,6.735465668616401e-07,5.496930648102918e-07,
9be33bf065,40000,983,3135770,31357.7,101.12547051131547,1.8124484116077158e-17,6.735465668616401e-07,5.163972893554552e-07,
9be33bf065,40000,984,3138960,31389.6,101.12547051131547,1.3214266038500583e-17,6.735465668616401e-07,5.269173454960015e-07,
9be33bf065,40000,985,3142150,31421.5,101.12547051131547,1.672665462168642e-17,6.735465668616401e-07,5.537080312384633e-07,
9be33bf065,40000,986,3145340,31453.4,101.12547051131547,3.881811048661247e-17,6.735465668616401e-07,4.156372134940209e-07,
9be33bf065,40000,987,3148530,31485.3,101.12547051131547,4.904832398383328e-17,6.735465668616401e-07,5.52136065690381e-07,
9be33bf065,40000,988,3151720,31517.2,101.12547051131547,1.7347542204784786e-17,6.735465668616401e-07,5.269869566988301e-07,
9be33bf065,40000,989,3154910,31549.1,101.12547051131547,1.1625671049701069e-17,6.735465668616401e-07,5.651900613789426e-07,
9be33bf065,40000,990,3158100,31581.0,101.12547051131547,1.796901787200211e-17,6.735465668616401e-07,5.583370042627245e-07,
9be33bf065,40000,991,3161290,31612.9,101.12547051131547,1.7676178673705702e-17,6.735465668616401e-07,5.382753864110582e-07,
9be33bf065,40000,992,3164480,31644.8,101.12547051131547,1.8424450790021454e-17,6.735465668616401e-07,5.320198965753007e-07,
9be33bf065,40000,993,3167670,31676.7,101.12547051131547,2.3137225814497768e-17,6.735465668616401e-07,5.50841320376992e-07,
9be33bf065,40000,994,3170860,31708.6,101.12547051131547,1.3950700073062165e-17,6.735465668616401e-07,5.227976143443689e-07,
9be33bf065,40000,995,3174050,31740.5,101.12547051131547,1.9816338808245656e-17,6.735465668616401e-07,5.70320238191431e-07,
9be33bf065,40000,996,3177240,31772.4,101.12547051131547,1.7519932957998987e-17,6.735465668616401e-07,5.000522871077422e-07,
9be33bf065,40000,997,3180430,31804.3,101.12547051131547,4.102938997996072e-17,6.735465668616401e-07,5.465579300880554e-07,
9be33bf065,40000,998,3183620,31836.2,101.12547051131547,3.512415219357312e-17,6.735465668616401e-07,4.941649383016865e-07,
9be33bf065,40000,999,3186810,31868.1,101.12547051131547,1.646757156817476e-17,6.735465668616401e-07,5.272428686902582e-07,
9be33bf065,40000,1000,3190000,31900.0,101.12547051131547,2.087924273766903e-17,6.735465668616401e-07,4.947249469045574e-07,
9be33bf065,40000,1001,3193190,31931.9,101.12547051131547,1.6502935693044733e-17,6.735465668616401e-07,5.29385902620023e-07,
9be33bf065,40000,1002,3196380,31963.8,101.12547051131547,6.142615948475243e-17,6.735465668616401e-07,5.134792514366696e-07,
9be33bf065,40000,1003,3199570,31995.7,101.12547051131547,1.5682439532561852e-17,6.735465668616401e-07,5.074372679209414e-07,
9be33bf065,40000,1004,3202760,32027.6,101.12547051131547,4.98825419328298e-20,6.735465668616401e-07,5.20418552389067e-07,
9be33bf065,40000,1005,3205950,32059.5,101.12547051131547,4.952229035376164e-20,6.735465668616401e-07,5.10153892909806e-07,
9be33bf065,40000,1006,3209140,32091.4,101.12547051131547,2.1915656969121278e-17,6.735465668616401e-07,5.194964246985045e-07,
9be33bf065,40000,1007,3212330,32123.3,101.12547051131547,1.9466096356908494e-17,6.735465668616401e-07,5.396299377150079e-07,
9be33bf065,40000,1008,3215520,32155.2,101.12547051131547,4.957100033655741e-17,6.735465668616401e-07,5.452220482741621e-07,
9be33bf065,40000,1009,3218710,32187.1,101.12547051131547,1.5304124948264527e-17,6.735465668616401e-07,4.350497936798729e-07,
9be33bf065,40000,1010,3221900,32219.0,101.12547051131547,1.2929339951044797e-17,6.735465668616401e-07,5.291911312115402e-07,
9be33bf065,40000,1011,3225090,32250.9,101.12547051131547,3.268235280000183e-17,6.735465668616401e-07,5.2100593632835e-07,
9be33bf065,40000,1012,3228280,32282.8,101.12547051131547,1.6637317079055455e-17,6.735465668616401e-07,5.545371802832598e-07,
9be33bf065,40000,1013,3231470,32314.7,101.12547051131547,1.7131581006425575e-17,6.735465668616401e-07,4.7622978286512793e-07,
9be33bf065,40000,1014,3234660,32346.6,101.12547051131547,1.6403857439464377e-17,6.735465668616401e-07,5.321271148498651e-07,
9be33bf065,40000,1015,3237850,32378.5,101.12547051131547,1.7961269465155205e-17,6.735465668616401e-07,4.861455591146978e-07,
9be33bf065,40000,1016,3241040,32410.4,101.12547051131547,1.2859127492834625e-17,6.735465668616401e-07,5.000815313202638e-07,
9be33bf065,40000,1017,3244230,32442.3,101.12547051131547,1.6966352775881473e-17,6.735465668616401e-07,5.473819293017956e-07,
9be33bf065,40000,1018,3247420,32474.2,101.12547051131547,3.646110650327708e-17,6.735465668616401e-07,5.74729499855134e-07,
9be33bf065,40000,1019,3250610,32506.1,101.12547051131547,1.61728420270166e-17,6.735465668616401e-07,4.899402036231031e-07,
9be33bf065,40000,1020,3253800,32538.0,101.12547051131547,2.555554010635593e-17,6.735465668616401e-07,5.150224794022674e-07,
9be33bf065,40000,1021,3256990,32569.9,101.12547051131547,2.1550143090143366e-17,6.735465668616401e-07,5.593141078984765e-07,
9be33bf065,40000,1022,3260180,32601.8,101.12547051131547,1.412523562327317e-17,6.735465668616401e-07,5.31460669065019e-07,
9be33bf065,40000,1023,3263370,32633.7,101.12547051131547,1.3512390017087891e-17,6.735465668616401e-07,4.938449731935983e-07,
9be33bf065,40000,1024,3266560,32665.6,101.12547051131547,1.4588672760527137e-17,6.735465668616401e-07,5.090275981663801e-07,
9be33bf065,40000,1025,3269750,32697.5,101.12547051131547,1.461510291874363e-17,6.735465668616401e-07,5.313655333484179e-07,
9be33bf065,40000,1026,3272940,32729.4,101.12547051131547,1.6341327549126207e-17,6.735465668616401e-07,4.968583569442726e-07,
9be33bf065,40000,1027,3276130,32761.3,101.12547051131547,4.9269965602267387e-17,6.735465668616401e-07,5.239307645332846e-07,
9be33bf065,40000,1028,3279320,32793.2,101.12547051131547,1.6380260371117194e-17,6.735465668616401e-07,5.08072307185788e-07,
9be33bf065,40000,1029,3282510,32825.1,101.12547051131547,1.5708875646907807e-17,6.735465668616401e-07,5.506255441745089e-07,
9be33bf065,40000,1030,3285700,32857.0,101.12547051131547,1.2397896303913677e-17,6.735465668616401e-07,4.522009978688652e-07,
9be33bf065,40000,1031,3288890,32888.9,101.12547051131547,4.119199958165711e-17,6.735465668616401e-07,5.012446967244762e-07,
9be33bf065,40000,1032,3292080,32920.8,101.12547051131547,1.3981496558438965e-17,6.735465668616401e-07,5.216381523266719e-07,
9be33bf065,40000,1033,3295270,32952.7,101.12547051131547,1.3145616334529545e-17,6.735465668616401e-07,4.707992286924113e-07,
9be33bf065,40000,1034,3298460,32984.6,101.12547051131547,1.5630401970152987e-17,6.735465668616401e-07,5.30170095428455e-07,
9be33bf065,40000,1035,3301650,33016.5,101.12547051131547,1.4436499369118665e-17,6.735465668616401e-07,5.375734934069408e-07,
9be33bf065,40000,1036,3304840,33048.4,101.12547051131547,2.356058811679821e-17,6.735465668616401e-07,5.549079449582169e-07,
9be33bf065,40000,1037,3308030,33080.3,101.12547051131547,1.7757621658760713e-17,6.735465668616401e-07,5.867590626736478e-07,
9be33bf065,40000,1038,3311220,33112.2,101.12547051131547,1.9055987939738617e-17,6.735465668616401e-07,5.262164003735261e-07,
9be33bf065,40000,1039,3314410,33144.1,101.12547051131547,4.508844469229659e-17,6.735465668616401e-07,4.746054329072151e-07,
9be33bf065,40000,1040,3317600,33176.0,101.12547051131547,4.9694747937019376e-20,6.735465668616401e-07,4.821371129526707e-07,
9be33bf065,40000,1041,3320790,33207.9,101.12547051131547,1.7672188057213234e-17,6.735465668616401e-07,5.635725576805773e-07,
9be33bf065,40000,1042,3323980,33239.8,101.12547051131547,2.4140056003558625e-17,6.735465668616401e-07,5.268007826896825e-07,
9be33bf065,40000,1043,3327170,33271.7,101.12547051131547,1.0967940773825014e-17,6.735465668616401e-07,5.246506051537033e-07,
9be33bf065,40000,1044,3330360,33303.6,101.12547051131547,1.7650833627527017e-17,6.735465668616401e-07,5.455700160452507e-07,
9be33bf065,40000,1045,3333550,33335.5,101.12547051131547,2.4369935861095676e-17,6.735465668616401e-07,5.000356096597699e-07,
9be33bf065,40000,1046,3336740,33367.4,101.12547051131547,4.924876794995995e-20,6.735465668616401e-07,4.6699656733929797e-07,
9be33bf065,40000,1047,3339930,33399.3,101.12547051131547,1.9077610405709098e-17,6.735465668616401e-07,4.935258464341118e-07,
9be33bf065,40000,1048,3343120,33431.2,101.12547051131547,3.266860246386915e-17,6.735465668616401e-07,5.403773855695245e-07,
9be33bf065,40000,1049,3346310,33463.1,101.12547051131547,2.865372352343629e-17,6.735465668616401e-07,5.117894781037968e-07,
9be33bf065,40000,1050,3349500,33495.0,101.12547051131547,3.614846065312784e-17,6.735465668616401e-07,5.136221652674825e-07,
9be33bf065,40000,1051,3352690,33526.9,101.12547051131547,1.6359971625106135e-17,6.735465668616401e-07,5.328131285975175e-07,
9be33bf065,40000,1052,3355880,33558.8,101.12547051131547,1.7212177318554352e-17,6.735465668616401e-07,5.412986557208102e-07,
9be33bf065,40000,1053,3359070,33590.7,101.12547051131547,1.4923092305096286e-17,6.735465668616401e-07,4.888712404684874e-07,
9be33bf065,40000,1054,3362260,33622.6,101.12547051131547,1.9985420766772243e-17,6.735465668616401e-07,5.445996858651784e-07,
9be33bf065,40000,1055,3365450,33654.5,101.12547051131547,1.7023775176334675e-17,6.735465668616401e-07,5.110316104209033e-07,
9be33bf065,40000,1056,3368640,33686.4,101.12547051131547,2.72411345059157e-17,6.735465668616401e-07,4.688042601145537e-07,
9be33bf065,40000,1057,3371830,33718.3,101.12547051131547,1.6158265500926038e-17,6.735465668616401e-07,5.047291139022514e-07,
9be33bf065,40000,1058,3375020,33750.2,101.12547051131547,1.5426453041669507e-17,6.735465668616401e-07,5.109067461625958e-07,
9be33bf065,40000,1059,3378210,33782.1,101.12547051131547,3.4583845326509976e-17,6.735465668616401e-07,5.67192724497368e-07,
9be33bf065,40000,1060,3381400,33814.0,101.12547051131547,2.7685531878375243e-17,6.735465668616401e-07,5.094875309895824e-07,
9be33bf065,40000,1061,3384590,33845.9,101.12547051131547,2.0087776067366402e-17,6.735465668616401e-07,4.779398848009193e-07,
9be33bf065,40000,1062,3387780,33877.8,101.12547051131547,1.2962065554318995e-17,6.735465668616401e-07,5.919633218140575e-07,
9be33bf065,40000,1063,3390970,33909.7,101.12547051131547,4.919049513817823e-20,6.735465668616401e-07,5.219068898824919e-07,
9be33bf065,40000,1064,3394160,33941.6,101.12547051131547,2.0661716520842587e-17,6.735465668616401e-07,4.5850270617711544e-07,
9be33bf065,40000,1065,3397350,33973.5,101.12547051131547,2.218078346739672e-17,6.735465668616401e-07,5.634521422255201e-07,
9be33bf065,40000,1066,3400540,34005.4,101.12547051131547,3.309973614524933e-17,6.735465668616401e-07,4.949606980657024e-07,
9be33bf065,40000,1067,3403730,34037.3,101.12547051131547,4.901261006629593e-20,6.735465668616401e-07,5.184159066871134e-07,
9be33bf065,40000,1068,3406920,34069.2,101.12547051131547,1.5145713501347636e-17,6.735465668616401e-07,5.312417400006544e-07,
9be33bf065,40000,1069,3410110,34101.1,101.12547051131547,1.9162325460244027e-17,6.735465668616401e-07,5.790508744111193e-07,
9be33bf065,40000,1070,3413300,34133.0,101.12547051131547,2.3074336753009453e-17,6.735465668616401e-07,4.913873299642436e-07,
9be33bf065,40000,1071,3416490,34164.9,101.12547051131547,4.8890876122087296e-20,6.735465668616401e-07,5.370304586300276e-07,
9be33bf065,40000,1072,3419680,34196.8,101.12547051131547,2.12605827028007e-17,6.735465668616401e-07,5.209509289872193e-07,
9be33bf065,40000,1073,3422870,34228.7,101.12547051131547,2.369367614760175e-17,6.735465668616401e-07,5.27023392782128e-07,
9be33bf065,40000,1074,3426060,34260.6,101.12547051131547,1.4958397749971932e-17,6.735465668616401e-07,5.081198791642553e-07,
9be33bf065,40000,1075,3429250,34292.5,101.12547051131547,1.6585074779911848e-17,6.735465668616401e-07,5.752068132661317e-07,
9be33bf065,40000,1076,3432440,34324.4,101.12547051131547,7.297975579896553e-18,6.735465668616401e-07,5.212101296641179e-07,
9be33bf065,40000,1077,3435630,34356.3,101.12547051131547,3.4226291957106466e-18,6.735465668616401e-07,4.663747782522169e-07,
9be33bf065,40000,1078,3438820,34388.2,101.12547051131547,2.9635652482351776e-17,6.735465668616401e-07,5.668213678290829e-07,
9be33bf065,40000,1079,3442010,34420.1,101.12547051131547,1.7642228709234588e-17,6.735465668616401e-07,5.001286861817269e-07,
9be33bf065,40000,1080,3445200,34452.0,101.12547051131547,1.9048660194196524e-17,6.735465668616401e-07,4.961405066822702e-07,
9be33bf065,40000,1081,3448390,34483.9,101.12547051131547,5.4134196119359456e-18,6.735465668616401e-07,5.540372648679095e-07,
9be33bf065,40000,1082,3451580,34515.8,101.12547051131547,4.925947182310275e-20,6.735465668616401e-07,5.422545783257423e-07,
9be33bf065,40000,1083,3454770,34547.7,101.12547051131547,4.914770880294063e-20,6.735465668616401e-07,5.35077114436271e-07,
9be33bf065,40000,1084,3457960,34579.6,101.12547051131547,1.5248013318344334e-17,6.735465668616401e-07,5.331689838968472e-07,
9be33bf065,40000,1085,3461150,34611.5,101.12547051131547,1.8071486270904615e-18,6.735465668616401e-07,4.661650784405904e-07,
9be33bf065,40000,1086,3464340,34643.4,101.12547051131547,5.32525467302531e-18,6.735465668616401e-07,5.400268739140352e-07,
9be33bf065,40000,1087,3467530,34675.3,101.12547051131547,1.820639582613373e-17,6.735465668616401e-07,5.326684205195549e-07,
9be33bf065,40000,1088,3470720,34707.2,101.12547051131547,4.8720375428095646e-17,6.735465668616401e-07,5.545632172972129e-07,
9be33bf065,40000,1089,3473910,34739.1,101.12547051131547,2.2995161281216653e-17,6.735465668616401e-07,4.786961939108756e-07,
9be33bf065,40000,1090,3477100,34771.0,101.12547051131547,1.6875268115916878e-17,6.735465668616401e-07,5.303593453813634e-07,
9be33bf065,40000,1091,3480290,34802.9,101.12547051131547,3.576896060308386e-17,6.735465668616401e-07,5.087272789577218e-07,
9be33bf065,40000,1092,3483480,34834.8,101.12547051131547,3.301532582249392e-17,6.735465668616401e-07,5.047097399838174e-07,
9be33bf065,40000,1093,3486670,34866.7,101.12547051131547,2.2177715701239782e-17,6.735465668616401e-07,5.351654022897215e-07,
9be33bf065,40000,1094,3489860,34898.6,101.12547051131547,1.6040720476117123e-17,6.735465668616401e-07,5.644069066776421e-07,
9be33bf065,40000,1095,3493050,34930.5,101.12547051131547,1.914934215790954e-17,6.735465668616401e-07,5.605802033275017e-07,
9be33bf065,40000,1096,3496240,34962.4,101.12547051131547,6.249228894288668e-18,6.735465668616401e-07,5.272219098026296e-07,
9be33bf065,40000,1097,3499430,34994.3,101.12547051131547,2.441150279681732e-17,6.735465668616401e-07,4.801638343879615e-07,
9be33bf065,40000,1098,3502620,35026.2,101.12547051131547,1.5581773241698496e-17,6.735465668616401e-07,5.083701057899674e-07,
9be33bf065,40000,1099,3505810,35058.1,101.12547051131547,1.694240314854096e-17,6.735465668616401e-07,5.499896717402737e-07,
9be33bf065,40000,1100,3509000,35090.0,101.12547051131547,1.94064933051836e-17,6.735465668616401e-07,5.671840777139977e-07,
9be33bf065,40000,1101,3512190,35121.9,101.12547051131547,1.5066783409947542e-17,6.735465668616401e-07,5.5427602506482e-07,
9be33bf065,40000,1102,3515380,35153.8,101.12547051131547,2.9929032008854364e-17,6.735465668616401e-07,4.713500560935811e-07,
9be33bf065,40000,1103,3518570,35185.7,101.12547051131547,2.739802572924437e-17,6.735465668616401e-07,5.194274653991964e-07,
9be33bf065,40000,1104,3521760,35217.6,101.12547051131547,4.420138813640514e-17,6.735465668616401e-07,5.595717755224519e-07,
9be33bf065,40000,1105,3524950,35249.5,101.12547051131547,3.425575587111758e-17,6.735465668616401e-07,4.977684685020489e-07,
9be33bf065,40000,1106,3528140,35281.4,101.12547051131547,2.785731783514452e-17,6.735465668616401e-07,5.578316605976997e-07,
9be33bf065,40000,1107,3531330,35313.3,101.12547051131547,2.3831780726510828e-17,6.735465668616401e-07,5.348180845456881e-07,
9be33bf065,40000,1108,3534520,35345.2,101.12547051131547,3.23386889792821e-17,6.735465668616401e-07,4.861253720130043e-07,
9be33bf065,40000,1109,3537710,35377.1,101.12547051131547,1.95506484759294e-17,6.735465668616401e-07,4.889560964624731e-07,
9be33bf065,40000,1110,3540900,35409.0,101.12547051131547,1.303548861129947e-17,6.735465668616401e-07,4.838584684244473e-07,
9be33bf065,40000,1111,3544090,35440.9,101.12547051131547,1.7477507955595092e-17,6.735465668616401e-07,5.09828307593533e-07,
9be33bf065,40000,1112,3547280,35472.8,101.12547051131547,2.6115278206416016e-17,6.735465668616401e-07,5.318403193292955e-07,
9be33bf065,40000,1113,3550470,35504.7,101.12547051131547,1.5557712149294027e-17,6.735465668616401e-07,5.52045648886284e-07,
9be33bf065,40000,1114,3553660,35536.6,101.12547051131547,1.6382177933754136e-17,6.735465668616401e-07,5.146515409551815e-07,
9be33bf065,40000,1115,3556850,35568.5,101.12547051131547,1.639086821694164e-17,6.735465668616401e-07,5.370903576424649e-07,
9be33bf065,40000,1116,3560040,35600.4,101.12547051131547,4.976600922778829e-20,6.735465668616401e-07,5.45251956655386e-07,
9be33bf065,40000,1117,3563230,35632.3,101.12547051131547,1.6356764590574278e-17,6.735465668616401e-07,4.935928596316899e-07,
9be33bf065,40000,1118,3566420,35664.2,101.12547051131547,2.3682866364115292e-17,6.735465668616401e-07,5.010786733695804e-07,
9be33bf065,40000,1119,3569610,35696.1,101.12547051131547,1.1209612414556046e-17,6.735465668616401e-07,5.349969834422229e-07,
9be33bf065,40000,1120,3572800,35728.0,101.12547051131547,1.6424854803736185e-17,6.735465668616401e-07,5.123738968522001e-07,
9be33bf065,40000,1121,3575990,35759.9,101.12547051131547,3.255541706714019e-17,6.735465668616401e-07,5.16007632526546e-07,
9be33bf065,40000,1122,3579180,35791.8,101.12547051131547,2.558426297593112e-17,6.735465668616401e-07,5.147514857569231e-07,
9be33bf065,40000,1123,3582370,35823.7,101.12547051131547,2.977520684509301e-17,6.735465668616401e-07,4.969426050210794e-07,
9be33bf065,40000,1124,3585560,35855.6,101.12547051131547,1.878443720375021e-17,6.735465668616401e-07,4.682451456662026e-07,
9be33bf065,40000,1125,3588750,35887.5,101.12547051131547,2.321383390595533e-17,6.735465668616401e-07,5.648591534889852e-07,
9be33bf065,40000,1126,3591940,35919.4,101.12547051131547,1.578619189587215e-17,6.735465668616401e-07,5.357572310679795e-07,
9be33bf065,40000,1127,3595130,35951.3,101.12547051131547,1.6840587886347783e-17,6.735465668616401e-07,5.266407584985218e-07,
9be33bf065,40000,1128,3598320,35983.2,101.12547051131547,1.536344431529399e-17,6.735465668616401e-07,5.101842449908794e-07,
9be33bf065,40000,1129,3601510,36015.1,101.12547051131547,1.792294172053297e-17,6.735465668616401e-07,5.802947177140973e-07,
9be33bf065,40000,1130,3604700,36047.0,101.12547051131547,4.921217284726713e-17,6.735465668616401e-07,5.454808614034734e-07,
9be33bf065,40000,1131,3607890,36078.9,101.12547051131547,1.7212390221497432e-17,6.735465668616401e-07,4.972982891726778e-07,
9be33bf065,40000,1132,3611080,36110.8,101.12547051131547,3.669771730615331e-18,6.735465668616401e-07,5.190187080983346e-07,
9be33bf065,40000,1133,3614270,36142.7,101.12547051131547,2.4926337366853324e-18,6.735465668616401e-07,4.845525352327767e-07,
9be33bf065,40000,1134,3617460,36174.6,101.12547051131547,4.940308316982917e-20,6.735465668616401e-07,5.095061757820228e-07,
9be33bf065,40000,1135,3620650,36206.5,101.12547051131547,4.047677543824373e-18,6.735465668616401e-07,4.955265112783162e-07,
9be33bf065,40000,1136,3623840,36238.4,101.12547051131547,3.1293005973260833e-18,6.735465668616401e-07,5.245109781209193e-07,
9be33bf065,40000,1137,3627030,36270.3,101.12547051131547,3.498931256019012e-18,6.735465668616401e-07,5.623325037002236e-07,
9be33bf065,40000,1138,3630220,36302.2,101.12547051131547,4.911607614765314e-20,6.735465668616401e-07,5.900816984208871e-07,
9be33bf065,40000,1139,3633410,36334.1,101.12547051131547,4.902092160420413e-20,6.735465668616401e-07,5.244287142226908e-07,
9be33bf065,40000,1140,3636600,36366.0,101.12547051131547,8.803552390632247e-19,6.735465668616401e-07,5.452083087522879e-07,
9be33bf065,40000,1141,3639790,36397.9,101.12547051131547,4.5175574829949165e-18,6.735465668616401e-07,5.406990044018362e-07,
9be33bf065,40000,1142,3642980,36429.8,101.12547051131547,3.5739251616695014e-18,6.735465668616401e-07,6.007555937977323e-07,
9be33bf065,40000,1143,3646170,36461.7,101.12547051131547,1.2749420259040349e-18,6.735465668616401e-07,5.418110021843222e-07,
9be33bf065,40000,1144,3649360,36493.6,101.12547051131547,1.491509560856645e-17,6.735465668616401e-07,4.949253213226046e-07,
9be33bf065,40000,1145,3652550,36525.5,101.12547051131547,2.18486464963291e-17,6.735465668616401e-07,5.374763579061137e-07,
9be33bf065,40000,1146,3655740,36557.4,101.12547051131547,2.5368115562645584e-17,6.735465668616401e-07,4.975030087496191e-07,
9be33bf065,40000,1147,3658930,36589.3,101.12547051131547,4.885564301040409e-20,6.735465668616401e-07,5.344495057576459e-07,
9be33bf065,40000,1148,3662120,36621.2,101.12547051131547,2.2065299100836775e-17,6.735465668616401e-07,5.407333251249149e-07,
9be33bf065,40000,1149,3665310,36653.1,101.12547051131547,8.280374218473151e-18,6.735465668616401e-07,5.170155974451471e-07,
9be33bf065,40000,1150,3668500,36685.0,101.12547051131547,1.6965099785133252e-17,6.735465668616401e-07,4.67413011445336e-07,
9be33bf065,40000,1151,3671690,36716.9,101.12547051131547,4.881640554318719e-20,6.735465668616401e-07,5.325589794450662e-07,
9be33bf065,40000,1152,3674880,36748.8,101.12547051131547,4.027138110257622e-17,6.735465668616401e-07,5.031436620588428e-07,
9be33bf065,40000,1153,3678070,36780.7,101.12547051131547,1.3874976970178156e-17,6.735465668616401e-07,5.332700859700894e-07,
9be33bf065,40000,1154,3681260,36812.6,101.12547051131547,4.878177666113893e-20,6.735465668616401e-07,5.574352872542314e-07,
9be33bf065,40000,1155,3684450,36844.5,101.12547051131547,1.5003420237619216e-17,6.735465668616401e-07,5.318021194021584e-07,
9be33bf065,40000,1156,3687640,36876.4,101.12547051131547,3.218034668990421e-17,6.735465668616401e-07,4.886355846176813e-07,
9be33bf065,40000,1157,3690830,36908.3,101.12547051131547,4.838351689471535e-18,6.735465668616401e-07,5.547020358704199e-07,
9be33bf065,40000,1158,3694020,36940.2,101.12547051131547,4.873925951277058e-20,6.735465668616401e-07,4.5607808556866317e-07,
9be33bf065,40000,1159,3697210,36972.1,101.12547051131547,8.42187763699093e-18,6.735465668616401e-07,5.350755044234816e-07,
9be33bf065,40000,1160,3700400,37004.0,101.12547051131547,8.560142316974565e-18,6.735465668616401e-07,5.365467499907659e-07,
9be33bf065,40000,1161,3703590,37035.9,101.12547051131547,6.297636944153978e-18,6.735465668616401e-07,4.5935480196275855e-07,
9be33bf065,40000,1162,3706780,37067.8,101.12547051131547,4.871612137361248e-20,6.735465668616401e-07,4.622754070303539e-07,
9be33bf065,40000,1163,3709970,37099.7,101.12547051131547,7.480935857711517e-18,6.735465668616401e-07,4.835746128259209e-07,
9be33bf065,40000,1164,3713160,37131.6,101.12547051131547,3.5784427769649056e-18,6.735465668616401e-07,4.805093809680065e-07,
9be33bf065,40000,1165,3716350,37163.5,101.12547051131547,1.748782521563992e-17,6.735465668616401e-07,5.527810516257618e-07,
9be33bf065,40000,1166,3719540,37195.4,101.12547051131547,1.059214445190519e-17,6.735465668616401e-07,5.570590849028255e-07,
9be33bf065,40000,1167,3722730,37227.3,101.12547051131547,2.425309662703421e-17,6.735465668616401e-07,5.154840407570405e-07,
9be33bf065,40000,1168,3725920,37259.2,101.12547051131547,8.599167148675788e-18,6.735465668616401e-07,5.329064304018598e-07,
9be33bf065,40000,1169,3729110,37291.1,101.12547051131547,2.3733832961014254e-17,6.735465668616401e-07,5.225633917555331e-07,
9be33bf065,40000,1170,3732300,37323.0,101.12547051131547,1.643288881256039e-17,6.735465668616401e-07,5.392935459741837e-07,
9be33bf065,40000,1171,3735490,37354.9,101.12547051131547,2.87633251625322e-17,6.735465668616401e-07,4.67351677253518e-07,
9be33bf065,40000,1172,3738680,37386.8,101.12547051131547,1.846571391285597e-17,6.735465668616401e-07,5.211492093726055e-07,
9be33bf065,40000,1173,3741870,37418.7,101.12547051131547,2.854613199420207e-17,6.735465668616401e-07,5.130578294370682e-07,
9be33bf065,40000,1174,3745060,37450.6,101.12547051131547,2.5635422100685177e-17,6.735465668616401e-07,4.912416616145758e-07,
9be33bf065,40000,1175,3748250,37482.5,101.12547051131547,4.93534140681352e-20,6.735465668616401e-07,5.167273128894704e-07,
9be33bf065,40000,1176,3751440,37514.4,101.12547051131547,2.8320884648212346e-17,6.735465668616401e-07,4.778778417466077e-07,
9be33bf065,40000,1177,3754630,37546.3,101.12547051131547,2.970293265631805e-17,6.735465668616401e-07,5.048684631757811e-07,
9be33bf065,40000,1178,3757820,37578.2,101.12547051131547,4.920513452210428e-20,6.735465668616401e-07,5.392614327612391e-07,
9be33bf065,40000,1179,3761010,37610.1,101.12547051131547,1.7582306959873937e-17,6.735465668616401e-07,5.06790307184856e-07,
9be33bf065,40000,1180,3764200,37642.0,101.12547051131547,3.497649459898673e-17,6.735465668616401e-07,4.976831764014769e-07,
9be33bf065,40000,1181,3767390,37673.9,101.12547051131547,4.9083120407523905e-20,6.735465668616401e-07,4.805865624878989e-07,
9be33bf065,40000,1182,3770580,37705.8,101.12547051131547,1.9359803905398573e-17,6.735465668616401e-07,5.245972572046628e-07,
9be33bf065,40000,1183,3773770,37737.7,101.12547051131547,8.643993363832983e-18,6.735465668616401e-07,4.7516694779740415e-07,
9be33bf065,40000,1184,3776960,37769.6,101.12547051131547,3.082330638161443e-17,6.735465668616401e-07,5.101067944861439e-07,
9be33bf065,40000,1185,3780150,37801.5,101.12547051131547,1.6397133093359868e-17,6.735465668616401e-07,5.259039450249573e-07,
9be33bf065,40000,1186,3783340,37833.4,101.12547051131547,1.401363861243968e-17,6.735465668616401e-07,5.088233193274153e-07,
9be33bf065,40000,1187,3786530,37865.3,101.12547051131547,1.4238832284933504e-17,6.735465668616401e-07,5.727803775923605e-07,
9be33bf065,40000,1188,3789720,37897.2,101.12547051131547,1.9778823334245596e-17,6.735465668616401e-07,4.660000783079359e-07,
9be33bf065,40000,1189,3792910,37929.1,101.12547051131547,1.6985082458688227e-17,6.735465668616401e-07,5.125785873664104e-07,
9be33bf065,40000,1190,3796100,37961.0,101.12547051131547,1.1178573455066196e-17,6.735465668616401e-07,5.671418241882057e-07,
9be33bf065,40000,1191,3799290,37992.9,101.12547051131547,5.006077442109465e-18,6.735465668616401e-07,5.014174713594379e-07,
9be33bf065,40000,1192,3802480,38024.8,101.12547051131547,1.5170662540121604e-17,6.735465668616401e-07,5.581118735825766e-07,
9be33bf065,40000,1193,3805670,38056.7,101.12547051131547,2.3083559134298783e-17,6.735465668616401e-07,5.263290534770328e-07,
9be33bf065,40000,1194,3808860,38088.6,101.12547051131547,1.451725024788631e-17,6.735465668616401e-07,4.665276227119595e-07,
9be33bf065,40000,1195,3812050,38120.5,101.12547051131547,1.8028452088672435e-17,6.735465668616401e-07,5.364246431517301e-07,
9be33bf065,40000,1196,3815240,38152.4,101.12547051131547,4.9490802810926127e-20,6.735465668616401e-07,4.922676129599827e-07,
9be33bf065,40000,1197,3818430,38184.3,101.12547051131547,1.985853141117405e-17,6.735465668616401e-07,5.112598622758273e-07,
9be33bf065,40000,1198,3821620,38216.2,101.12547051131547,2.937271721950189e-17,6.735465668616401e-07,5.049402107068676e-07,
9be33bf065,40000,1199,3824810,38248.1,101.12547051131547,3.039516942650968e-17,6.735465668616401e-07,5.408656158283128e-07,
9be33bf065,40000,1200,3828000,38280.0,101.12547051131547,1.1163383962236836e-17,6.735465668616401e-07,5.430392302333506e-07,
9be33bf065,40000,1201,3831190,38311.9,101.12547051131547,1.5967376984112644e-17,6.735465668616401e-07,5.462809922967988e-07,
9be33bf065,40000,1202,3834380,38343.8,101.12547051131547,1.7773186403634756e-17,6.735465668616401e-07,5.230361149185578e-07,
9be33bf065,40000,1203,3837570,38375.7,101.12547051131547,1.4669054228415756e-17,6.735465668616401e-07,5.962725534456708e-07,
9be33bf065,40000,1204,3840760,38407.6,101.12547051131547,3.6294114036077374e-17,6.735465668616401e-07,4.786249766325827e-07,
9be33bf065,40000,1205,3843950,38439.5,101.12547051131547,4.896306773678748e-20,6.735465668616401e-07,5.520709090674713e-07,
9be33bf065,40000,1206,3847140,38471.4,101.12547051131547,2.066212098261285e-17,6.735465668616401e-07,4.792557404751701e-07,
9be33bf065,40000,1207,3850330,38503.3,101.12547051131547,1.680039034497967e-17,6.735465668616401e-07,5.726077291709075e-07,
9be33bf065,40000,1208,3853520,38535.2,101.12547051131547,1.493313974006299e-17,6.735465668616401e-07,4.83555060989143e-07,
9be33bf065,40000,1209,3856710,38567.1,101.12547051131547,2.2133553011857098e-17,6.735465668616401e-07,5.005084319597324e-07,
9be33bf065,40000,1210,3859900,38599.0,101.12547051131547,3.026494980541912e-17,6.735465668616401e-07,5.485918045929204e-07,
9be33bf065,40000,1211,3863090,38630.9,101.12547051131547,2.344619961856558e-17,6.735465668616401e-07,5.11962509567199e-07,
9be33bf065,40000,1212,3866280,38662.8,101.12547051131547,2.4549518980256727e-17,6.735465668616401e-07,5.574605784109158e-07,
9be33bf065,40000,1213,3869470,38694.7,101.12547051131547,1.61940372880041e-17,6.735465668616401e-07,5.368339481742885e-07,
9be33bf065,40000,1214,3872660,38726.6,101.12547051131547,2.1881059292341892e-17,6.735465668616401e-07,5.064564716873019e-07,
9be33bf065,40000,1215,3875850,38758.5,101.12547051131547,3.4192948207226294e-17,6.735465668616401e-07,5.1987161009944e-07,
9be33bf065,40000,1216,3879040,38790.4,101.12547051131547,1.6865399775216e-17,6.735465668616401e-07,5.637773904380936e-07,
9be33bf065,40000,1217,3882230,38822.3,101.12547051131547,2.0742649161430513e-17,6.735465668616401e-07,5.363977500024171e-07,
9be33bf065,40000,1218,3885420,38854.2,101.12547051131547,2.021600971898702e-17,6.735465668616401e-07,5.512289606605257e-07,
9be33bf065,40000,1219,3888610,38886.1,101.12547051131547,2.524765384058622e-17,6.735465668616401e-07,5.057939656523115e-07,
9be33bf065,40000,1220,3891800,38918.0,101.12547051131547,8.905891702960197e-18,6.735465668616401e-07,5.440258015301854e-07,
9be33bf065,40000,1221,3894990,38949.9,101.12547051131547,3.997306387549232e-18,6.735465668616401e-07,4.6529142783314504e-07,
9be33bf065,40000,1222,3898180,38981.8,101.12547051131547,6.3575826852636786e-18,6.735465668616401e-07,5.17680704903846e-07,
9be33bf065,40000,1223,3901370,39013.7,101.12547051131547,4.661961147214214e-19,6.735465668616401e-07,5.179171407037652e-07,
9be33bf065,40000,1224,3904560,39045.6,101.12547051131547,1.6323254947929594e-18,6.735465668616401e-07,5.587128697704942e-07,
9be33bf065,40000,1225,3907750,39077.5,101.12547051131547,3.6816873294391377e-17,6.735465668616401e-07,4.768488835207878e-07,
9be33bf065,40000,1226,3910940,39109.4,101.12547051131547,1.5333468003055048e-17,6.735465668616401e-07,5.37887672587129e-07,
9be33bf065,40000,1227,3914130,39141.3,101.12547051131547,1.7429261363498908e-17,6.735465668616401e-07,4.827664965969177e-07,
9be33bf065,40000,1228,3917320,39173.2,101.12547051131547,1.998207084677472e-17,6.735465668616401e-07,5.317859172684247e-07,
9be33bf065,40000,1229,3920510,39205.1,101.12547051131547,1.8484602155012567e-17,6.735465668616401e-07,5.087028872225779e-07,
9be33bf065,40000,1230,3923700,39237.0,101.12547051131547,3.746105403477107e-17,6.735465668616401e-07,5.218368092233423e-07,
9be33bf065,40000,1231,3926890,39268.9,101.12547051131547,2.5433402813422695e-17,6.735465668616401e-07,5.159029589064203e-07,
9be33bf065,40000,1232,3930080,39300.8,101.12547051131547,3.518037561780922e-17,6.735465668616401e-07,4.791783167176546e-07,
9be33bf065,40000,1233,3933270,39332.7,101.12547051131547,6.8602103583589685e-18,6.735465668616401e-07,4.921375377082894e-07,
9be33bf065,40000,1234,3936460,39364.6,101.12547051131547,1.1753001534691324e-17,6.735465668616401e-07,5.403311282037535e-07,
9be33bf065,40000,1235,3939650,39396.5,101.12547051131547,1.5167178864139771e-18,6.735465668616401e-07,5.392636260199695e-07,
9be33bf065,40000,1236,3942840,39428.4,101.12547051131547,1.9687800652865905e-17,6.735465668616401e-07,4.877008517684523e-07,
9be33bf065,40000,1237,3946030,39460.3,101.12547051131547,1.1966699611613205e-17,6.735465668616401e-07,5.005617517576328e-07,
9be33bf065,40000,1238,3949220,39492.2,101.12547051131547,3.7448891908171545e-18,6.735465668616401e-07,4.795855106643501e-07,
9be33bf065,40000,1239,3952410,39524.1,101.12547051131547,6.063817217413657e-19,6.735465668616401e-07,5.543696897006842e-07,
9be33bf065,40000,1240,3955600,39556.0,101.12547051131547,2.821567775172615e-19,6.735465668616401e-07,5.412529054050478e-07,
9be33bf065,40000,1241,3958790,39587.9,101.12547051131547,2.589621513131634e-18,6.735465668616401e-07,5.77459988373871e-07,
9be33bf065,40000,1242,3961980,39619.8,101.12547051131547,4.606942031648724e-18,6.735465668616401e-07,5.084243019269426e-07,
9be33bf065,40000,1243,3965170,39651.7,101.12547051131547,2.8901923968983777e-18,6.735465668616401e-07,5.251347066953428e-07,
9be33bf065,40000,1244,3968360,39683.6,101.12547051131547,6.031254802773112e-18,6.735465668616401e-07,5.511975055409508e-07,
9be33bf065,40000,1245,3971550,39715.5,101.12547051131547,8.391995571298572e-18,6.735465668616401e-07,5.594508631505031e-07,
9be33bf065,40000,1246,3974740,39747.4,101.12547051131547,1.1153025222255583e-17,6.735465668616401e-07,4.662500895504564e-07,
9be33bf065,40000,1247,3977930,39779.3,101.12547051131547,2.0688952716558257e-17,6.735465668616401e-07,5.190471767538688e-07,
9be33bf065,40000,1248,3981120,39811.2,101.12547051131547,5.345684909090525e-18,6.735465668616401e-07,4.911108577583871e-07,
9be33bf065,40000,1249,3984310,39843.1,101.12547051131547,3.461249959042634e-18,6.735465668616401e-07,5.247906983896088e-07,
9be33bf065,40000,1250,3987500,39875.0,101.12547051131547,4.960745831435053e-20,6.735465668616401e-07,5.153635423676692e-07,
9be33bf065,40000,1251,3990690,39906.9,101.12547051131547,2.5332180485044985e-18,6.735465668616401e-07,4.965202739656568e-07,
9be33bf065,40000,1252,3993880,39938.8,101.12547051131547,2.656251715641209e-17,6.735465668616401e-07,5.451951908988849e-07,
9be33bf065,40000,1253,3997070,39970.7,101.12547051131547,,6.735465668616401e-07,5.287590295514816e-07,
5b9985cfa5,40000,0,0,0.0,516651013610901.0,4.9323889958497515,119640441474639.08,95082273171320.25,"ProjectedCommonDirectionsConfig(subspace_frac_grads=0.1, subspace_frac_updates=0.1, subspace_frac_random=0.1, direction_str=newton, use_hess=True, random_proj=True, random_proj_dim_frac=0.6, ensemble=haar, inner_use_full_grad=True, reg_lambda=0, orth_P_k=True, beta=0.001, tau=0.5, c_const=inf, N_try=200, alpha_max=1, p_const=1)"
5b9985cfa5,40000,1,3190,31.9,129162753402800.98,10.450900921051042,59820220737319.484,47305534992912.75,
5b9985cfa5,40000,2,6380,63.8,101.1254705150669,2.78017143081645e-06,0.014002174174821948,0.010011347842163534,
5b9985cfa5,40000,3,9570,95.7,101.12547051397638,1.0881808468168174e-17,0.00014447390492658947,0.00010925843128982704,
5b9985cfa5,40000,4,12760,127.6,101.12547051397638,2.1587142626810387e-06,0.00014447390492658947,0.0001036235043190171,
5b9985cfa5,40000,5,15950,159.5,101.12547051392987,5.045172634519159e-07,0.0013521102461292141,0.0010290394971841893,
5b9985cfa5,40000,6,19140,191.4,101.12547051358024,2.1278317754112886e-06,9.970066008468193e-05,7.199400391716206e-05,
5b9985cfa5,40000,7,22330,223.3,101.12547051350863,3.971352154842215e-09,0.0004002853637232297,0.00033137060849879583,
5b9985cfa5,40000,8,25520,255.2,101.12547051331862,1.2330458093154153e-06,0.00022721894328759412,0.00016804701209186408,
5b9985cfa5,40000,9,28710,287.1,101.12547051328814,7.969142081437102e-07,0.00021662073172566736,0.00017958598194628726,
5b9985cfa5,40000,10,31900,319.0,101.12547051278565,1.6897913440712744e-15,0.0008331813539108162,0.0006686471860616775,
5b9985cfa5,40000,11,35090,350.9,101.12547051258322,2.009807652552611e-15,0.0012756070424518812,0.0010669945364829292,
5b9985cfa5,40000,12,38280,382.8,101.1254705124954,2.1344796423215848e-17,0.0001382736335275103,0.00011225503700437614,
5b9985cfa5,40000,13,41470,414.7,101.1254705124954,3.2637383802268236e-17,0.0001382736335275103,0.00010531901707917572,
5b9985cfa5,40000,14,44660,446.6,101.1254705124954,6.652573328970977e-17,0.0001382736335275103,0.00011072317191238449,
5b9985cfa5,40000,15,47850,478.5,101.12547051246851,8.12396076076445e-16,0.00019620971312928642,0.0001487242667674711,
5b9985cfa5,40000,16,51040,510.4,101.12547051239464,6.347481344990587e-16,0.000581353702876451,0.00044245612450917693,
5b9985cfa5,40000,17,54230,542.3,101.12547051236183,4.469396409831863e-17,0.0006090442840473659,0.0004580811027223552,
5b9985cfa5,40000,18,57420,574.2,101.12547051236116,1.4977111286157652e-09,0.0006706917417788635,0.0004662892276194299,
5b9985cfa5,40000,19,60610,606.1,101.12547051191672,6.511553510633302e-17,0.0002846335800274786,0.00018720236358838038,
5b9985cfa5,40000,20,63800,638.0,101.12547051190965,2.46387871719377e-17,0.00033340155075504475,0.0002533023758437949,
5b9985cfa5,40000,21,66990,669.9,101.12547051190965,1.5787864440408884e-16,0.00033340155075504475,0.0002654036669933135,
5b9985cfa5,40000,22,70180,701.8,101.12547051190587,4.899079400920652e-16,0.00033918923557154317,0.00025818271769570606,
5b9985cfa5,40000,23,73370,733.7,101.12547051186296,4.1063849986612395e-17,0.000277056016427751,0.00018988596713822128,
5b9985cfa5,40000,24,76560,765.6,101.12547051186296,1.4771855195085064e-17,0.000277056016427751,0.00023255610404738686,
5b9985cfa5,40000,25,79750,797.5,101.12547051186296,1.7012817471689278e-16,0.000277056016427751,0.0002129600055177411,
5b9985cfa5,40000,26,82940,829.4,101.12547051175717,5.952993172279716e-17,0.0002388862743884616,0.00020077149338247542,
5b9985cfa5,40000,27,86130,861.3,101.12547051175025,1.0706336561038583e-15,0.00021779007976486457,0.00017389650488820513,
5b9985cfa5,40000,28,89320,893.2,101.1254705117498,2.3574385793629615e-16,9.497736224503678e-06,7.386516009600568e-06,
5b9985cfa5,40000,29,92510,925.1,101.12547051170388,2.793996444130941e-17,0.00015038182714945914,0.00011599381102822781,
5b9985cfa5,40000,30,95700,957.0,101.12547051170388,1.096971062388728e-17,0.00015038182714945914,0.00011418490947452781,
5b9985cfa5,40000,31,98890,988.9,101.12547051170388,5.220467323096227e-16,0.00015038182714945914,0.00011028245333409067,
5b9985cfa5,40000,32,102080,1020.8,101.12547051142853,5.2738966508835613e-17,0.00044784289875986503,0.00035070130486174704,
5b9985cfa5,40000,33,105270,1052.7,101.12547051142853,6.262944551775063e-17,0.00044784289875986503,0.000352618144846997,
5b9985cfa5,40000,34,108460,1084.6,101.12547051142501,1.304406120834351e-16,0.00040743474540891024,0.0002992506212561057,
5b9985cfa5,40000,35,111650,1116.5,101.12547051140717,2.9205548801841003e-16,0.00037376089389083223,0.00031866401384811506,
5b9985cfa5,40000,36,114840,1148.4,101.1254705113762,1.2469133964529085e-16,0.0004658233743866739,0.0003685631654794415,
5b9985cfa5,40000,37,118030,1180.3,101.12547051136326,4.421026173952138e-17,0.0005502509423035653,0.0004041618114974955,
5b9985cfa5,40000,38,121220,1212.2,101.12547051136326,1.2117380951172686e-16,0.0005502509423035653,0.00043848807377811416,
5b9985cfa5,40000,39,124410,1244.1,101.12547051133491,2.6387467380978416e-17,0.0006777349528054441,0.0005218584996750903,
5b9985cfa5,40000,40,127600,1276.0,101.12547051133491,6.945349948671388e-17,0.0006777349528054441,0.00047536063098601005,
5b9985cfa5,40000,41,130790,1307.9,101.12547051133491,1.241103110511469e-16,0.0006777349528054441,0.00047620171065763847,
5b9985cfa5,40000,42,133980,1339.8,101.12547051131142,8.170300687418582e-17,0.000680809067003132,0.0005614871085086072,
5b9985cfa5,40000,43,137170,1371.7,101.12547051131142,5.504787390315179e-17,0.000680809067003132,0.00046427500206670363,
5b9985cfa5,40000,44,140360,1403.6,101.12547051131142,3.2842469282507396e-17,0.000680809067003132,0.0005792591149469945,
5b9985cfa5,40000,45,143550,1435.5,101.12547051131142,4.8941120217372966e-17,0.000680809067003132,0.0004877678140340447,
5b9985cfa5,40000,46,146740,1467.4,101.12547051131142,5.876352648793542e-17,0.000680809067003132,0.0005281006357216434,
5b9985cfa5,40000,47,149930,1499.3,101.12547051131142,1.9870987509828234e-17,0.000680809067003132,0.0005371942740428518,
5b9985cfa5,40000,48,153120,1531.2,101.12547051131142,5.671796766563219e-17,0.000680809067003132,0.0005688042865861445,
5b9985cfa5,40000,49,156310,1563.1,101.12547051131142,2.9769371371784985e-17,0.000680809067003132,0.0005085733445908947,
5b9985cfa5,40000,50,159500,1595.0,101.12547051131142,4.2630536994625084e-17,0.000680809067003132,0.0005548950751943303,
5b9985cfa5,40000,51,162690,1626.9,101.12547051131142,8.905232660604725e-16,0.000680809067003132,0.0005042649645429677,
5b9985cfa5,40000,52,165880,1658.8,101.1254705112829,3.200954185779728e-16,0.0002612334345826745,0.0002222519315336454,
5b9985cfa5,40000,53,169070,1690.7,101.125470511253,2.7692299745522592e-17,0.0004033731216948266,0.000293706989154475,
5b9985cfa5,40000,54,172260,1722.6,101.125470511253,3.361174444832469e-17,0.0004033731216948266,0.0003265035836607045,
5b9985cfa5,40000,55,175450,1754.5,101.125470511253,2.0803059239069104e-17,0.0004033731216948266,0.0003123081877280207,
5b9985cfa5,40000,56,178640,1786.4,101.125470511253,3.745950016150247e-17,0.0004033731216948266,0.000311688379648585,
5b9985cfa5,40000,57,181830,1818.3,101.125470511253,3.084895830919572e-17,0.0004033731216948266,0.0003111591700546515,
5b9985cfa5,40000,58,185020,1850.2,101.125470511253,2.2934401240709225e-17,0.0004033731216948266,0.000322579211930432,
5b9985cfa5,40000,59,188210,1882.1,101.125470511253,3.0536919193943886e-17,0.0004033731216948266,0.0003406399355944775,
5b9985cfa5,40000,60,191400,1914.0,101.125470511253,1.508062582053598e-16,0.0004033731216948266,0.0003022452999541378,
5b9985cfa5,40000,61,194590,1945.9,101.1254705112071,5.633702313983014e-17,0.0005369889902878811,0.0004165227096318893,
5b9985cfa5,40000,62,197780,1977.8,101.12547051119098,2.065157424489816e-17,0.0005500390639358568,0.0004472439734403206,
5b9985cfa5,40000,63,200970,2009.7,101.12547051119098,3.252834187132166e-17,0.0005500390639358568,0.00042249915680413826,
5b9985cfa5,40000,64,204160,2041.6,101.12547051119098,1.4411657978644525e-17,0.0005500390639358568,0.0004635789337879467,
5b9985cfa5,40000,65,207350,2073.5,101.12547051119098,1.949658171431434e-17,0.0005500390639358568,0.000386791366083069,
5b9985cfa5,40000,66,210540,2105.4,101.12547051119098,3.585800801714941e-17,0.0005500390639358568,0.0003772819649205365,
5b9985cfa5,40000,67,213730,2137.3,101.12547051119098,1.3082147390960584e-17,0.0005500390639358568,0.0004471160654275451,
5b9985cfa5,40000,68,216920,2169.2,101.12547051119098,2.5054503171510276e-17,0.0005500390639358568,0.0004586160858257456,
5b9985cfa5,40000,69,220110,2201.1,101.12547051119098,2.030437871862269e-17,0.0005500390639358568,0.0003920980517615752,
5b9985cfa5,40000,70,223300,2233.0,101.12547051119098,4.117332398235476e-17,0.0005500390639358568,0.0004180329957073549,
5b9985cfa5,40000,71,226490,2264.9,101.12547051119098,4.578534506963444e-17,0.0005500390639358568,0.0004282865307363564,
5b9985cfa5,40000,72,229680,2296.8,101.12547051119098,6.931538053162774e-17,0.0005500390639358568,0.00041512272533650204,
5b9985cfa5,40000,73,232870,2328.7,101.12547051119098,6.979694617261686e-17,0.0005500390639358568,0.0004035384096231937,
5b9985cfa5,40000,74,236060,2360.6,101.12547051119098,2.6421002151550186e-17,0.0005500390639358568,0.0004232686859910509,
5b9985cfa5,40000,75,239250,2392.5,101.12547051119098,4.55630246950462e-17,0.0005500390639358568,0.00042491541194941836,
5b9985cfa5,40000,76,242440,2424.4,101.12547051119098,2.0122790836814136e-17,0.0005500390639358568,0.0003860476566432778,
5b9985cfa5,40000,77,245630,2456.3,101.12547051119098,2.007997352139891e-17,0.0005500390639358568,0.0003986042439058013,
5b9985cfa5,40000,78,248820,2488.2,101.12547051119098,2.1384818035047513e-17,0.0005500390639358568,0.0004117616292146573,
5b9985cfa5,40000,79,252010,2520.1,101.12547051119098,5.0052547348770174e-17,0.0005500390639358568,0.00043154262726375774,
5b9985cfa5,40000,80,255200,2552.0,101.12547051119098,7.240199262550473e-17,0.0005500390639358568,0.00043644649119422045,
5b9985cfa5,40000,81,258390,2583.9,101.12547051119098,5.220956768725059e-17,0.0005500390639358568,0.00042939142158633414,
5b9985cfa5,40000,82,261580,2615.8,101.12547051119098,1.4111913746741342e-17,0.0005500390639358568,0.0003790344384117194,
5b9985cfa5,40000,83,264770,2647.7,101.12547051119098,3.898007383996963e-17,0.0005500390639358568,0.00041039080303904244,
5b9985cfa5,40000,84,267960,2679.6,101.12547051119098,2.346561513297583e-17,0.0005500390639358568,0.0004725545188550581,
5b9985cfa5,40000,85,271150,2711.5,101.12547051119098,7.203926172442725e-17,0.0005500390639358568,0.0004809388715865494,
5b9985cfa5,40000,86,274340,2743.4,101.12547051119098,2.141439769241024e-17,0.0005500390639358568,0.0003966615568420283,
5b9985cfa5,40000,87,277530,2775.3,101.12547051119098,1.889242645077877e-17,0.0005500390639358568,0.00038920644448295463,
5b9985cfa5,40000,88,280720,2807.2,101.12547051119098,4.266479022546256e-17,0.0005500390639358568,0.0004235148076230189,
5b9985cfa5,40000,89,283910,2839.1,101.12547051119098,4.567500099210822e-17,0.0005500390639358568,0.000422493582674045,
5b9985cfa5,40000,90,287100,2871.0,101.12547051119098,3.6919995615822335e-17,0.0005500390639358568,0.00044846875496109103,
5b9985cfa5,40000,91,290290,2902.9,101.12547051119098,2.1470447673974293e-17,0.0005500390639358568,0.000447836650500274,
5b9985cfa5,40000,92,293480,2934.8,101.12547051119098,5.4501642488858416e-17,0.0005500390639358568,0.00040472255557069225,
5b9985cfa5,40000,93,296670,2966.7,101.12547051119098,1.3004037205107924e-17,0.0005500390639358568,0.0004495932088073841,
5b9985cfa5,40000,94,299860,2998.6,101.12547051119098,1.3984364430548314e-17,0.0005500390639358568,0.00041873931712198395,
5b9985cfa5,40000,95,303050,3030.5,101.12547051119098,4.54894253497497e-17,0.0005500390639358568,0.000406880528272444,
5b9985cfa5,40000,96,306240,3062.4,101.12547051119098,1.392164309499399e-17,0.0005500390639358568,0.00037595275567698175,
5b9985cfa5,40000,97,309430,3094.3,101.12547051119098,5.5028812474042404e-17,0.0005500390639358568,0.00041937108950746327,
5b9985cfa5,40000,98,312620,3126.2,101.12547051119098,1.4660668797202747e-17,0.0005500390639358568,0.00040554606052288164,
5b9985cfa5,40000,99,315810,3158.1,101.12547051119098,2.0251484341644662e-17,0.0005500390639358568,0.00041896719243798386,
5b9985cfa5,40000,100,319000,3190.0,101.12547051119098,3.725885064562142e-17,0.0005500390639358568,0.00045779353435104937,
5b9985cfa5,40000,101,322190,3221.9,101.12547051119098,3.860745122212202e-17,0.0005500390639358568,0.0003797460435105003,
5b9985cfa5,40000,102,325380,3253.8,101.12547051119098,4.866272554144679e-17,0.0005500390639358568,0.0003904136823212104,
5b9985cfa5,40000,103,328570,3285.7,101.12547051119098,5.56806579002153e-17,0.0005500390639358568,0.00046424313604477986,
5b9985cfa5,40000,104,331760,3317.6,101.12547051119098,2.3624115971703278e-17,0.0005500390639358568,0.00042461796698448247,
5b9985cfa5,40000,105,334950,3349.5,101.12547051119098,4.914770426849881e-17,0.0005500390639358568,0.00039123378250707715,
5b9985cfa5,40000,106,338140,3381.4,101.12547051119098,5.790234292530287e-17,0.0005500390639358568,0.0004140056814108614,
5b9985cfa5,40000,107,341330,3413.3,101.12547051119098,3.9917970570361773e-17,0.0005500390639358568,0.0004426062173918225,
5b9985cfa5,40000,108,344520,3445.2,101.12547051119098,2.002115922616714e-17,0.0005500390639358568,0.0004380863983371741,
5b9985cfa5,40000,109,347710,3477.1,101.12547051119098,9.656934559647709e-17,0.0005500390639358568,0.0003944127733182757,
5b9985cfa5,40000,110,350900,3509.0,101.12547051117826,9.27502004381567e-17,0.0004672501631661491,0.00029250897640259444,
5b9985cfa5,40000,111,354090,3540.9,101.12547051117826,1.017834302087295e-16,0.0004672501631661491,0.00038612023195065703,
5b9985cfa5,40000,112,357280,3572.8,101.12547051116948,4.526119871671598e-17,0.00038630040737649843,0.0002807907737842892,
5b9985cfa5,40000,113,360470,3604.7,101.12547051116948,1.1048962916196671e-17,0.00038630040737649843,0.0002857714186211507,
5b9985cfa5,40000,114,363660,3636.6,101.12547051116948,4.115822923696198e-17,0.00038630040737649843,0.000270792003539709,
5b9985cfa5,40000,115,366850,3668.5,101.12547051116948,7.517533230062549e-17,0.00038630040737649843,0.00027739588148473237,
5b9985cfa5,40000,116,370040,3700.4,101.12547051116948,4.330925913036639e-17,0.00038630040737649843,0.00031685847213367617,
5b9985cfa5,40000,117,373230,3732.3,101.12547051116948,3.240662765887456e-17,0.00038630040737649843,0.000323122533349453,
5b9985cfa5,40000,118,376420,3764.2,101.12547051116192,2.617191058027153e-17,0.00042045450123411493,0.0003032033820284972,
5b9985cfa5,40000,119,379610,3796.1,101.12547051116192,8.122428582971288e-17,0.00042045450123411493,0.0003034892844934129,
5b9985cfa5,40000,120,382800,3828.0,101.12547051116192,3.4445270951832535e-17,0.00042045450123411493,0.0003369734959223786,
5b9985cfa5,40000,121,385990,3859.9,101.12547051116192,2.6760763756948975e-17,0.00042045450123411493,0.00032881016228353597,
5b9985cfa5,40000,122,389180,3891.8,101.12547051116192,6.081822570592001e-17,0.00042045450123411493,0.00034494096352641855,
5b9985cfa5,40000,123,392370,3923.7,101.12547051116192,4.643192119840131e-17,0.00042045450123411493,0.00032306862266302225,
5b9985cfa5,40000,124,395560,3955.6,101.12547051116192,4.6592396449560685e-17,0.00042045450123411493,0.00035635793634948587,
5b9985cfa5,40000,125,398750,3987.5,101.12547051116192,1.818481429225391e-17,0.00042045450123411493,0.00033251801634690816,
5b9985cfa5,40000,126,401940,4019.4,101.12547051116192,4.940780851991734e-17,0.00042045450123411493,0.0003449485763461616,
5b9985cfa5,40000,127,405130,4051.3,101.12547051116192,5.402608661240705e-17,0.00042045450123411493,0.0003508783749618909,
5b9985cfa5,40000,128,408320,4083.2,101.12547051116192,1.3921318787742988e-17,0.00042045450123411493,0.0003424783427184173,
5b9985cfa5,40000,129,411510,4115.1,101.12547051116192,4.854937059839005e-17,0.00042045450123411493,0.00032319810235644143,
5b9985cfa5,40000,130,414700,4147.0,101.12547051116192,3.0485037970551256e-17,0.00042045450123411493,0.0003583069439992842,
5b9985cfa5,40000,131,417890,4178.9,101.12547051116192,1.5429090308509667e-17,0.00042045450123411493,0.0003345891795057185,
5b9985cfa5,40000,132,421080,4210.8,101.12547051116192,7.717833282224689e-17,0.00042045450123411493,0.00033184701931267583,
5b9985cfa5,40000,133,424270,4242.7,101.12547051116192,6.110472295794273e-17,0.00042045450123411493,0.0003077474966074845,
5b9985cfa5,40000,134,427460,4274.6,101.12547051116192,4.652485227172106e-17,0.00042045450123411493,0.0003083371247077159,
5b9985cfa5,40000,135,430650,4306.5,101.12547051116192,3.572890339872475e-17,0.00042045450123411493,0.0003113110356827594,
5b9985cfa5,40000,136,433840,4338.4,101.12547051116192,2.082811162469641e-17,0.00042045450123411493,0.00031442148773648776,
5b9985cfa5,40000,137,437030,4370.3,101.12547051116192,2.256599160394849e-17,0.00042045450123411493,0.0003409961087378633,
5b9985cfa5,40000,138,440220,4402.2,101.12547051116192,3.370560150899391e-17,0.00042045450123411493,0.00033230322814200187,
5b9985cfa5,40000,139,443410,4434.1,101.12547051116192,1.4624612547900573e-17,0.00042045450123411493,0.00032199782577337836,
5b9985cfa5,40000,140,446600,4466.0,101.12547051116192,9.696508205314541e-18,0.00042045450123411493,0.0003338588949148322,
5b9985cfa5,40000,141,449790,4497.9,101.12547051116192,7.488494038938228e-17,0.00042045450123411493,0.0002973130041412764,
5b9985cfa5,40000,142,452980,4529.8,101.12547051116192,1.6127138890301168e-17,0.00042045450123411493,0.00034808791115880185,
5b9985cfa5,40000,143,456170,4561.7,101.12547051116192,1.829436241277293e-17,0.00042045450123411493,0.00035396305513837683,
5b9985cfa5,40000,144,459360,4593.6,101.12547051116192,5.937336584426041e-17,0.00042045450123411493,0.0003271241421805536,
5b9985cfa5,40000,145,462550,4625.5,101.12547051116192,1.7174867578581728e-17,0.00042045450123411493,0.0003067387251482244,
5b9985cfa5,40000,146,465740,4657.4,101.12547051116192,9.477062834025166e-17,0.00042045450123411493,0.0003580822215548409,
5b9985cfa5,40000,147,468930,4689.3,101.12547051116192,1.5466645923666235e-17,0.00042045450123411493,0.00033274420000872215,
5b9985cfa5,40000,148,472120,4721.2,101.12547051116192,6.3399118672808e-17,0.00042045450123411493,0.00037114367888425913,
5b9985cfa5,40000,149,475310,4753.1,101.12547051116192,4.621410975575541e-17,0.00042045450123411493,0.0003595537589049299,
5b9985cfa5,40000,150,478500,4785.0,101.12547051116192,7.163568937755791e-17,0.00042045450123411493,0.0003154316659719697,
5b9985cfa5,40000,151,481690,4816.9,101.12547051116192,1.531289804536542e-17,0.00042045450123411493,0.0003357111161203392,
5b9985cfa5,40000,152,484880,4848.8,101.12547051116192,1.8180951065203085e-17,0.00042045450123411493,0.00032408757989724375,
5b9985cfa5,40000,153,488070,4880.7,101.12547051116192,1.9102273597413013e-15,0.00042045450123411493,0.0003078699441308903,
5b9985cfa5,40000,154,491260,4912.6,101.12547051114049,4.1133596795252693e-16,0.0010565915586767441,0.0008314084314740094,
5b9985cfa5,40000,155,494450,4944.5,101.12547051063501,8.764921035941987e-17,0.0009846707853785354,0.0007632572989083752,
5b9985cfa5,40000,156,497640,4976.4,101.12547051063478,8.482722718460122e-17,0.0009182441524439245,0.0007918289360316873,
5b9985cfa5,40000,157,500830,5008.3,101.12547051060791,1.705824076500936e-17,0.0009400576210639299,0.0007325720907902336,
5b9985cfa5,40000,158,504020,5040.2,101.12547051060791,4.022403714280321e-17,0.0009400576210639299,0.0006079049419822525,
5b9985cfa5,40000,159,507210,5072.1,101.12547051060791,4.934436030643772e-17,0.0009400576210639299,0.0007653934502759897,
5b9985cfa5,40000,160,510400,5104.0,101.12547051060791,1.804219569699525e-17,0.0009400576210639299,0.0007813494200425215,
5b9985cfa5,40000,161,513590,5135.9,101.12547051060791,4.8838775460495e-17,0.0009400576210639299,0.0007022356471484266,
5b9985cfa5,40000,162,516780,5167.8,101.12547051060791,3.190483914169712e-17,0.0009400576210639299,0.0006761960250626575,
5b9985cfa5,40000,163,519970,5199.7,101.12547051060791,1.5345679546743392e-17,0.0009400576210639299,0.0007016063068734397,
5b9985cfa5,40000,164,523160,5231.6,101.12547051060791,3.406745696984664e-17,0.0009400576210639299,0.0007285024509295739,
5b9985cfa5,40000,165,526350,5263.5,101.12547051060791,3.405016403426672e-17,0.0009400576210639299,0.0007292129008720131,
5b9985cfa5,40000,166,529540,5295.4,101.12547051060791,2.2571669118593123e-17,0.0009400576210639299,0.0007131839443211542,
5b9985cfa5,40000,167,532730,5327.3,101.12547051060791,3.5242044996529655e-17,0.0009400576210639299,0.0006405572809221529,
5b9985cfa5,40000,168,535920,5359.2,101.12547051060791,5.467616703276465e-17,0.0009400576210639299,0.0007181684779839682,
5b9985cfa5,40000,169,539110,5391.1,101.12547051060791,3.1526348599056016e-17,0.0009400576210639299,0.0006302867065023062,
5b9985cfa5,40000,170,542300,5423.0,101.12547051060791,2.204341222280139e-17,0.0009400576210639299,0.0006821681680205116,
5b9985cfa5,40000,171,545490,5454.9,101.12547051060791,1.671718126594126e-17,0.0009400576210639299,0.0007223825427570069,
5b9985cfa5,40000,172,548680,5486.8,101.12547051060791,3.376271007667304e-17,0.0009400576210639299,0.0007173474271072425,
5b9985cfa5,40000,173,551870,5518.7,101.12547051060791,3.2446619651255534e-17,0.0009400576210639299,0.0008082231662732644,
5b9985cfa5,40000,174,555060,5550.6,101.12547051060791,5.167953493426413e-17,0.0009400576210639299,0.0007617119228829395,
5b9985cfa5,40000,175,558250,5582.5,101.12547051060791,3.658368267760915e-17,0.0009400576210639299,0.0007077539544952443,
5b9985cfa5,40000,176,561440,5614.4,101.12547051060791,2.6846091973237196e-17,0.0009400576210639299,0.0007550210070899911,
5b9985cfa5,40000,177,564630,5646.3,101.12547051060791,3.6129884332731456e-17,0.0009400576210639299,0.0007368220779702469,
5b9985cfa5,40000,178,567820,5678.2,101.12547051060791,3.652907664853524e-17,0.0009400576210639299,0.0007806777767833399,
5b9985cfa5,40000,179,571010,5710.1,101.12547051060791,1.8098300411108586e-17,0.0009400576210639299,0.0007326923271807232,
5b9985cfa5,40000,180,574200,5742.0,101.12547051060791,1.3662893278637348e-16,0.0009400576210639299,0.000714911248225001,
5b9985cfa5,40000,181,577390,5773.9,101.12547051049283,1.7172756342789246e-17,0.0008468474288817328,0.000637075154690586,
5b9985cfa5,40000,182,580580,5805.8,101.12547051049283,3.8395738181260274e-17,0.0008468474288817328,0.0006895924365795786,
5b9985cfa5,40000,183,583770,5837.7,101.12547051049283,2.8566408059114005e-17,0.0008468474288817328,0.0007044508081109913,
5b9985cfa5,40000,184,586960,5869.6,101.12547051049283,9.334392842223785e-17,0.0008468474288817328,0.0006952961871355404,
5b9985cfa5,40000,185,590150,5901.5,101.12547051049191,8.103537753082049e-17,0.0008048963740573253,0.0006551261161282682,
5b9985cfa5,40000,186,593340,5933.4,101.12547051049191,5.893038653500054e-17,0.0008048963740573253,0.0006013028121841566,
5b9985cfa5,40000,187,596530,5965.3,101.12547051049191,3.137603643428577e-17,0.0008048963740573253,0.0006275172192453728,
5b9985cfa5,40000,188,599720,5997.2,101.12547051049191,2.151099774215837e-17,0.0008048963740573253,0.0006519963146158238,
5b9985cfa5,40000,189,602910,6029.1,101.12547051049191,1.2641063742910171e-17,0.0008048963740573253,0.0006677956916349078,
5b9985cfa5,40000,190,606100,6061.0,101.12547051049191,1.07775134980967e-17,0.0008048963740573253,0.0006132824645396553,
5b9985cfa5,40000,191,609290,6092.9,101.12547051049191,1.168707409454655e-17,0.0008048963740573253,0.00067588676639524,
5b9985cfa5,40000,192,612480,6124.8,101.12547051049191,3.6971698143966973e-17,0.0008048963740573253,0.0006359644619305556,
5b9985cfa5,40000,193,615670,6156.7,101.12547051049191,1.572019896145998e-17,0.0008048963740573253,0.0007087864880885515,
5b9985cfa5,40000,194,618860,6188.6,101.12547051049191,5.852097910013053e-17,0.0008048963740573253,0.0006461966411940293,
5b9985cfa5,40000,195,622050,6220.5,101.12547051048969,3.0085827237720326e-17,0.0007243758644409863,0.000505256897243117,
5b9985cfa5,40000,196,625240,6252.4,101.12547051048969,2.6309635708823864e-17,0.0007243758644409863,0.0005180426306762977,
5b9985cfa5,40000,197,628430,6284.3,101.12547051048969,1.3668964347271749e-17,0.0007243758644409863,0.0005289678651849523,
5b9985cfa5,40000,198,631620,6316.2,101.12547051048969,2.1380736980258587e-17,0.0007243758644409863,0.0005752335205301375,
5b9985cfa5,40000,199,634810,6348.1,101.12547051048969,2.2301847055815585e-17,0.0007243758644409863,0.00059061636697815,
5b9985cfa5,40000,200,638000,6380.0,101.12547051048969,1.3123566958047886e-17,0.0007243758644409863,0.000609098023041872,
5b9985cfa5,40000,201,641190,6411.9,101.12547051048969,1.4886476140117173e-17,0.0007243758644409863,0.0005496097760768196,
5b9985cfa5,40000,202,644380,6443.8,101.12547051048969,1.3114823831833034e-17,0.0007243758644409863,0.0005462339779504914,
5b9985cfa5,40000,203,647570,6475.7,101.12547051048969,1.2840200885226498e-17,0.0007243758644409863,0.0005783439060426541,
5b9985cfa5,40000,204,650760,6507.6,101.12547051048969,1.6353025038616058e-17,0.0007243758644409863,0.0005629028925154137,
5b9985cfa5,40000,205,653950,6539.5,101.12547051048969,2.0036161175332493e-17,0.0007243758644409863,0.0005238169371696037,
5b9985cfa5,40000,206,657140,6571.4,101.12547051048969,1.3112144636439791e-17,0.0007243758644409863,0.0005640825715123005,
5b9985cfa5,40000,207,660330,6603.3,101.12547051048969,1.3105968785170877e-17,0.0007243758644409863,0.0005802696689185444,
5b9985cfa5,40000,208,663520,6635.2,101.12547051048969,1.2956108017680691e-17,0.0007243758644409863,0.0005851369927446446,
5b9985cfa5,40000,209,666710,6667.1,101.12547051048969,3.590044432163434e-17,0.0007243758644409863,0.000573693209264542,
5b9985cfa5,40000,210,669900,6699.0,101.12547051048969,1.7878794697704786e-17,0.0007243758644409863,0.000602800137376662,
5b9985cfa5,40000,211,673090,6730.9,101.12547051048969,1.5328084783983205e-17,0.0007243758644409863,0.0005814328345439316,
5b9985cfa5,40000,212,676280,6762.8,101.12547051048969,1.4905069044014088e-17,0.0007243758644409863,0.0005481373992844455,
5b9985cfa5,40000,213,679470,6794.7,101.12547051048969,1.4280796663428395e-17,0.0007243758644409863,0.0005333232158837904,
5b9985cfa5,40000,214,682660,6826.6,101.12547051048969,1.6953344232718162e-17,0.0007243758644409863,0.0005189858028427638,
5b9985cfa5,40000,215,685850,6858.5,101.12547051048969,1.3690055077894814e-17,0.0007243758644409863,0.0005173198700724825,
5b9985cfa5,40000,216,689040,6890.4,101.12547051048969,3.086154486976239e-17,0.0007243758644409863,0.0005698270395011481,
5b9985cfa5,40000,217,692230,6922.3,101.12547051048969,1.5314869342056683e-17,0.0007243758644409863,0.0006010047644625831,
5b9985cfa5,40000,218,695420,6954.2,101.12547051048969,1.5425863154511682e-17,0.0007243758644409863,0.0005922312325973148,
5b9985cfa5,40000,219,698610,6986.1,101.12547051048969,2.0173273262047374e-17,0.0007243758644409863,0.0005450960365806054,
5b9985cfa5,40000,220,701800,7018.0,101.12547051048969,2.309051160657517e-17,0.0007243758644409863,0.0005617722648132247,
5b9985cfa5,40000,221,704990,7049.9,101.12547051048969,2.6446611726804372e-17,0.0007243758644409863,0.0005026997418983145,
5b9985cfa5,40000,222,708180,7081.8,101.12547051048969,2.5088292959391793e-17,0.0007243758644409863,0.0005660229024855439,
5b9985cfa5,40000,223,711370,7113.7,101.12547051048969,3.102771745025844e-17,0.0007243758644409863,0.0006062631499403219,
5b9985cfa5,40000,224,714560,7145.6,101.12547051048969,2.2166837147071218e-17,0.0007243758644409863,0.0005141197430447888,
5b9985cfa5,40000,225,717750,7177.5,101.12547051048969,5.0147938716551497e-17,0.0007243758644409863,0.0005325269073422836,
5b9985cfa5,40000,226,720940,7209.4,101.12547051048969,1.3366971276006694e-17,0.0007243758644409863,0.0006330258681774488,
5b9985cfa5,40000,227,724130,7241.3,101.12547051048969,6.242945677698366e-17,0.0007243758644409863,0.0005688209067377888,
5b9985cfa5,40000,228,727320,7273.2,101.12547051048969,2.240975816725872e-17,0.0007243758644409863,0.0005636552144976294,
5b9985cfa5,40000,229,730510,7305.1,101.12547051048969,2.5435321653498222e-17,0.0007243758644409863,0.0005493851645582197,
5b9985cfa5,40000,230,733700,7337.0,101.12547051048969,1.4999373079375098e-17,0.0007243758644409863,0.0005646598295118169,
5b9985cfa5,40000,231,736890,7368.9,101.12547051048969,4.874915910413287e-17,0.0007243758644409863,0.0005620058142650183,
5b9985cfa5,40000,232,740080,7400.8,101.12547051048969,1.5996927684294516e-17,0.0007243758644409863,0.0005613482746681569,
5b9985cfa5,40000,233,743270,7432.7,101.12547051048969,2.0171191681289813e-17,0.0007243758644409863,0.0005504374995393404,
5b9985cfa5,40000,234,746460,7464.6,101.12547051048969,5.015423251687601e-17,0.0007243758644409863,0.0005246358297533405,
5b9985cfa5,40000,235,749650,7496.5,101.12547051048969,2.6392052204115487e-17,0.0007243758644409863,0.0005849996111732472,
5b9985cfa5,40000,236,752840,7528.4,101.12547051048969,1.671930953032223e-17,0.0007243758644409863,0.00047490813141957847,
5b9985cfa5,40000,237,756030,7560.3,101.12547051048969,1.432934516150599e-17,0.0007243758644409863,0.0005281665718110986,
5b9985cfa5,40000,238,759220,7592.2,101.12547051048969,1.5234115478486314e-17,0.0007243758644409863,0.0005629468709630773,
5b9985cfa5,40000,239,762410,7624.1,101.12547051048969,1.3170153987466743e-17,0.0007243758644409863,0.0006108714160295847,
5b9985cfa5,40000,240,765600,7656.0,101.12547051048969,1.3146679282863351e-17,0.0007243758644409863,0.0005587616200260942,
5b9985cfa5,40000,241,768790,7687.9,101.12547051048969,1.5578432794685367e-17,0.0007243758644409863,0.0005752392090822394,
5b9985cfa5,40000,242,771980,7719.8,101.12547051048969,3.1392152325178197e-17,0.0007243758644409863,0.0005687446305616049,
5b9985cfa5,40000,243,775170,7751.7,101.12547051048969,1.755020461228422e-17,0.0007243758644409863,0.0005798517315247921,
5b9985cfa5,40000,244,778360,7783.6,101.12547051048969,2.0630967686174385e-17,0.0007243758644409863,0.0005533648998296448,
5b9985cfa5,40000,245,781550,7815.5,101.12547051048969,1.4997859686866983e-17,0.0007243758644409863,0.0005614217619637991,
5b9985cfa5,40000,246,784740,7847.4,101.12547051048969,1.6984503006752092e-17,0.0007243758644409863,0.0005987145548375108,
5b9985cfa5,40000,247,787930,7879.3,101.12547051048969,1.8687667383093944e-17,0.0007243758644409863,0.0005983669609944977,
5b9985cfa5,40000,248,791120,7911.2,101.12547051048969,1.5838959162349645e-17,0.0007243758644409863,0.0005883952761528789,
5b9985cfa5,40000,249,794310,7943.1,101.12547051048969,1.7558781423832193e-17,0.0007243758644409863,0.0005510022923935349,
5b9985cfa5,40000,250,797500,7975.0,101.12547051048969,2.99911440735755e-17,0.0007243758644409863,0.0005884207276463679,
5b9985cfa5,40000,251,800690,8006.9,101.12547051048969,3.0810802496707053e-17,0.0007243758644409863,0.0005843214358169402,
5b9985cfa5,40000,252,803880,8038.8,101.12547051048969,6.162476521074035e-17,0.0007243758644409863,0.0005743243651519202,
5b9985cfa5,40000,253,807070,8070.7,101.12547051048969,3.415766038354366e-17,0.0007243758644409863,0.0005160075900666393,
5b9985cfa5,40000,254,810260,8102.6,101.12547051048969,2.6680747928440114e-17,0.0007243758644409863,0.0005765615464081699,
5b9985cfa5,40000,255,813450,8134.5,101.12547051048969,2.6593509461655065e-17,0.0007243758644409863,0.0005992113898057053,
5b9985cfa5,40000,256,816640,8166.4,101.12547051048969,3.1199273959012834e-17,0.0007243758644409863,0.0005404969319289858,
5b9985cfa5,40000,257,819830,8198.3,101.12547051048969,3.751889679707267e-17,0.0007243758644409863,0.0005694332434247614,
5b9985cfa5,40000,258,823020,8230.2,101.12547051048969,2.4761826132126587e-17,0.0007243758644409863,0.0005477965749527438,
5b9985cfa5,40000,259,826210,8262.1,101.12547051048969,1.8961482478367433e-17,0.0007243758644409863,0.000557378517304466,
5b9985cfa5,40000,260,829400,8294.0,101.12547051048969,4.7725098922662007e-17,0.0007243758644409863,0.0005415069243782119,
5b9985cfa5,40000,261,832590,8325.9,101.12547051048969,2.3648823790204024e-17,0.0007243758644409863,0.000592337338050392,
5b9985cfa5,40000,262,835780,8357.8,101.12547051048969,6.092781903819517e-17,0.0007243758644409863,0.0005890428373888404,
5b9985cfa5,40000,263,838970,8389.7,101.12547051048969,3.226287868277819e-17,0.0007243758644409863,0.0005585769004410069,
5b9985cfa5,40000,264,842160,8421.6,101.12547051048969,2.7263078294676522e-17,0.0007243758644409863,0.0005123588651555788,
5b9985cfa5,40000,265,845350,8453.5,101.12547051048969,2.4129942403141863e-17,0.0007243758644409863,0.00047758963509021143,
5b9985cfa5,40000,266,848540,8485.4,101.12547051048969,3.38801265859201e-17,0.0007243758644409863,0.0006043502732747519,
5b9985cfa5,40000,267,851730,8517.3,101.12547051048969,1.5645043775543083e-17,0.0007243758644409863,0.0005744193945726704,
5b9985cfa5,40000,268,854920,8549.2,101.12547051048969,2.5704764903409713e-17,0.0007243758644409863,0.0005710820242893068,
5b9985cfa5,40000,269,858110,8581.1,101.12547051048969,2.699111080178572e-17,0.0007243758644409863,0.0005645924636626966,
5b9985cfa5,40000,270,861300,8613.0,101.12547051048969,1.4828989448220383e-17,0.0007243758644409863,0.0005271123849612346,
5b9985cfa5,40000,271,864490,8644.9,101.12547051048969,3.0445797933711824e-17,0.0007243758644409863,0.0005335309763429114,
5b9985cfa5,40000,272,867680,8676.8,101.12547051048969,2.1143366657681628e-17,0.0007243758644409863,0.0005838377279483229,
5b9985cfa5,40000,273,870870,8708.7,101.12547051048969,1.6758409187683933e-17,0.0007243758644409863,0.0005749752300873607,
5b9985cfa5,40000,274,874060,8740.6,101.12547051048969,7.743032662856066e-18,0.0007243758644409863,0.0005416076070081504,
5b9985cfa5,40000,275,877250,8772.5,101.12547051048969,2.3895074878479774e-17,0.0007243758644409863,0.0006029202936107431,
5b9985cfa5,40000,276,880440,8804.4,101.12547051048969,2.1192275789086158e-17,0.0007243758644409863,0.000600836702240452,
5b9985cfa5,40000,277,883630,8836.3,101.12547051048969,1.0888535249361693e-17,0.0007243758644409863,0.0005687841585536924,
5b9985cfa5,40000,278,886820,8868.2,101.12547051048969,2.7248468838117637e-17,0.0007243758644409863,0.000482062680590094,
5b9985cfa5,40000,279,890010,8900.1,101.12547051048969,3.0483007925903327e-17,0.0007243758644409863,0.0005847713142168259,
5b9985cfa5,40000,280,893200,8932.0,101.12547051048969,1.6970181102240204e-17,0.0007243758644409863,0.0006123413676621239,
5b9985cfa5,40000,281,896390,8963.9,101.12547051048969,2.467879856391241e-17,0.0007243758644409863,0.0005750461710731478,
5b9985cfa5,40000,282,899580,8995.8,101.12547051048969,1.859289313423383e-17,0.0007243758644409863,0.0005824337196390689,
5b9985cfa5,40000,283,902770,9027.7,101.12547051048969,2.2112495212220385e-17,0.0007243758644409863,0.0005315200017482555,
5b9985cfa5,40000,284,905960,9059.6,101.12547051048969,2.6608127772833335e-17,0.0007243758644409863,0.0005433927034296625,
5b9985cfa5,40000,285,909150,9091.5,101.12547051048969,1.6521516438285145e-17,0.0007243758644409863,0.0005249937975810111,
5b9985cfa5,40000,286,912340,9123.4,101.12547051048969,3.089403811847675e-17,0.0007243758644409863,0.0005391631116158299,
5b9985cfa5,40000,287,915530,9155.3,101.12547051048969,3.830492714214966e-17,0.0007243758644409863,0.0005426598228980271,
5b9985cfa5,40000,288,918720,9187.2,101.12547051048969,2.790166977468494e-17,0.0007243758644409863,0.0005482621254379588,
5b9985cfa5,40000,289,921910,9219.1,101.12547051048969,2.6481925391382136e-17,0.0007243758644409863,0.0005106646572374272,
5b9985cfa5,40000,290,925100,9251.0,101.12547051048969,3.101658772961953e-17,0.0007243758644409863,0.0005127648252427029,
5b9985cfa5,40000,291,928290,9282.9,101.12547051048969,2.3170642529337685e-17,0.0007243758644409863,0.0005768657616356327,
5b9985cfa5,40000,292,931480,9314.8,101.12547051048969,1.6399081768890435e-17,0.0007243758644409863,0.0005443359562943704,
5b9985cfa5,40000,293,934670,9346.7,101.12547051048969,3.024196593425892e-17,0.0007243758644409863,0.0006073226755038047,
5b9985cfa5,40000,294,937860,9378.6,101.12547051048969,1.5591186696230403e-17,0.0007243758644409863,0.0005550039610979808,
5b9985cfa5,40000,295,941050,9410.5,101.12547051048969,2.4251600887054762e-17,0.0007243758644409863,0.0005664493305526204,
5b9985cfa5,40000,296,944240,9442.4,101.12547051048969,1.6319538199368983e-17,0.0007243758644409863,0.0005753144613294017,
5b9985cfa5,40000,297,947430,9474.3,101.12547051048969,1.8642485580412915e-17,0.0007243758644409863,0.0005886831224415011,
5b9985cfa5,40000,298,950620,9506.2,101.12547051048969,3.843280065146607e-17,0.0007243758644409863,0.0005531388301122505,
5b9985cfa5,40000,299,953810,9538.1,101.12547051048969,2.057460903437325e-17,0.0007243758644409863,0.0005956825834545765,
5b9985cfa5,40000,300,957000,9570.0,101.12547051048969,2.3385508531432402e-17,0.0007243758644409863,0.0005789412093345228,
5b9985cfa5,40000,301,960190,9601.9,101.12547051048969,2.6533527183877177e-17,0.0007243758644409863,0.0006255634727571979,
5b9985cfa5,40000,302,963380,9633.8,101.12547051048969,1.3231149469339835e-17,0.0007243758644409863,0.0006014432461818558,
5b9985cfa5,40000,303,966570,9665.7,101.12547051048969,1.7892066246894942e-17,0.0007243758644409863,0.0005469866044598335,
5b9985cfa5,40000,304,969760,9697.6,101.12547051048969,2.245301358059193e-17,0.0007243758644409863,0.0005494674166510176,
5b9985cfa5,40000,305,972950,9729.5,101.12547051048969,1.6237314685549362e-17,0.0007243758644409863,0.0005508776837067311,
5b9985cfa5,40000,306,976140,9761.4,101.12547051048969,6.260219943540694e-17,0.0007243758644409863,0.0005410602086150264,
5b9985cfa5,40000,307,979330,9793.3,101.12547051048969,1.1930235027892297e-17,0.0007243758644409863,0.0005289673641108635,
5b9985cfa5,40000,308,982520,9825.2,101.12547051048969,2.1397095468663832e-17,0.0007243758644409863,0.0005360401266055065,
5b9985cfa5,40000,309,985710,9857.1,101.12547051048969,7.018055789029596e-17,0.0007243758644409863,0.0005577812585190497,
5b9985cfa5,40000,310,988900,9889.0,101.12547051048969,1.6523188601109265e-17,0.0007243758644409863,0.0005550668476863253,
5b9985cfa5,40000,311,992090,9920.9,101.12547051048969,2.6342079625471434e-17,0.0007243758644409863,0.0005559234784536002,
5b9985cfa5,40000,312,995280,9952.8,101.12547051048969,3.675581592026988e-17,0.0007243758644409863,0.0005987865995813808,
5b9985cfa5,40000,313,998470,9984.7,101.12547051048969,1.6013811754237704e-17,0.0007243758644409863,0.0004896535514882932,
5b9985cfa5,40000,314,1001660,10016.6,101.12547051048969,2.208633265173521e-17,0.0007243758644409863,0.0005411185891637442,
5b9985cfa5,40000,315,1004850,10048.5,101.12547051048969,4.9054623831901416e-17,0.0007243758644409863,0.0005525040303445091,
5b9985cfa5,40000,316,1008040,10080.4,101.12547051048969,1.7801562953799628e-17,0.0007243758644409863,0.0005746864074447065,
5b9985cfa5,40000,317,1011230,10112.3,101.12547051048969,7.454044096905847e-17,0.0007243758644409863,0.0005739192155842676,
5b9985cfa5,40000,318,1014420,10144.2,101.12547051048969,2.4108431203310945e-17,0.0007243758644409863,0.0005629846193283137,
5b9985cfa5,40000,319,1017610,10176.1,101.12547051048969,1.8267006877310206e-17,0.0007243758644409863,0.0005774478426721066,
5b9985cfa5,40000,320,1020800,10208.0,101.12547051048969,2.1369827301294064e-17,0.0007243758644409863,0.000577494558231554,
5b9985cfa5,40000,321,1023990,10239.9,101.12547051048969,4.870545351270956e-17,0.0007243758644409863,0.0005441339882669514,
5b9985cfa5,40000,322,1027180,10271.8,101.12547051048969,1.8915369593066126e-17,0.0007243758644409863,0.0005288801986978025,
5b9985cfa5,40000,323,1030370,10303.7,101.12547051048969,2.5283196950011254e-17,0.0007243758644409863,0.0005325776234226283,
5b9985cfa5,40000,324,1033560,10335.6,101.12547051048969,2.4646511656254005e-17,0.0007243758644409863,0.0005537729776344676,
5b9985cfa5,40000,325,1036750,10367.5,101.12547051048473,3.75780039816375e-17,0.0007428539631873729,0.0005501116208483032,
5b9985cfa5,40000,326,1039940,10399.4,101.12547051048473,1.2805497621915032e-17,0.0007428539631873729,0.0005941094030949692,
5b9985cfa5,40000,327,1043130,10431.3,101.12547051048473,4.8586194756037824e-17,0.0007428539631873729,0.0005771440165526447,
5b9985cfa5,40000,328,1046320,10463.2,101.12547051048473,1.2433407609781245e-17,0.0007428539631873729,0.0005318690291536996,
5b9985cfa5,40000,329,1049510,10495.1,101.12547051048473,2.7449385817890904e-17,0.0007428539631873729,0.0005429894234601713,
5b9985cfa5,40000,330,1052700,10527.0,101.12547051048473,3.412125572351236e-17,0.0007428539631873729,0.0005933376870110117,
5b9985cfa5,40000,331,1055890,10558.9,101.12547051048473,4.363009264123137e-17,0.0007428539631873729,0.000561462973195178,
5b9985cfa5,40000,332,1059080,10590.8,101.12547051048473,2.905819130119257e-17,0.0007428539631873729,0.0005736150899839444,
5b9985cfa5,40000,333,1062270,10622.7,101.12547051048473,2.301030399203943e-17,0.0007428539631873729,0.0005757269336699664,
5b9985cfa5,40000,334,1065460,10654.6,101.12547051048473,1.725978037635201e-17,0.0007428539631873729,0.000565384511207498,
5b9985cfa5,40000,335,1068650,10686.5,101.12547051048473,1.4689761508945855e-17,0.0007428539631873729,0.0005821850724270064,
5b9985cfa5,40000,336,1071840,10718.4,101.12547051048473,2.1877522933269366e-17,0.0007428539631873729,0.000515476483181621,
5b9985cfa5,40000,337,1075030,10750.3,101.12547051048473,1.6107232820957646e-17,0.0007428539631873729,0.0005521143646210597,
5b9985cfa5,40000,338,1078220,10782.2,101.12547051048473,1.2370792925913345e-17,0.0007428539631873729,0.0005629290829319627,
5b9985cfa5,40000,339,1081410,10814.1,101.12547051048473,2.20857352844126e-17,0.0007428539631873729,0.0006361413607602024,
5b9985cfa5,40000,340,1084600,10846.0,101.12547051048473,3.993016351726482e-17,0.0007428539631873729,0.0005770654775834975,
5b9985cfa5,40000,341,1087790,10877.9,101.12547051048473,1.5182124642355706e-17,0.0007428539631873729,0.000571121146097493,
5b9985cfa5,40000,342,1090980,10909.8,101.12547051048473,2.741969333854231e-17,0.0007428539631873729,0.0006169429722244447,
5b9985cfa5,40000,343,1094170,10941.7,101.12547051048473,1.5151898385576042e-17,0.0007428539631873729,0.0005863550414174313,
5b9985cfa5,40000,344,1097360,10973.6,101.12547051048473,2.130834681961085e-17,0.0007428539631873729,0.000560042907439556,
5b9985cfa5,40000,345,1100550,11005.5,101.12547051048473,1.544040849392355e-17,0.0007428539631873729,0.0005461227282861304,
5b9985cfa5,40000,346,1103740,11037.4,101.12547051048473,1.9612767123574657e-17,0.0007428539631873729,0.0005533522400119309,
5b9985cfa5,40000,347,1106930,11069.3,101.12547051048473,5.98394503277327e-17,0.0007428539631873729,0.0006217165019361683,
5b9985cfa5,40000,348,1110120,11101.2,101.12547051048473,1.3049220162770361e-17,0.0007428539631873729,0.0006037679058581775,
5b9985cfa5,40000,349,1113310,11133.1,101.12547051048473,2.2683470431187316e-17,0.0007428539631873729,0.0005800694301141036,
5b9985cfa5,40000,350,1116500,11165.0,101.12547051048473,2.044118756870227e-17,0.0007428539631873729,0.0006044825010359166,
5b9985cfa5,40000,351,1119690,11196.9,101.12547051048473,1.6837090076310398e-17,0.0007428539631873729,0.0005617893118861492,
5b9985cfa5,40000,352,1122880,11228.8,101.12547051048473,1.9184437810432858e-17,0.0007428539631873729,0.0005813420850599932,
5b9985cfa5,40000,353,1126070,11260.7,101.12547051048473,1.997191617596028e-17,0.0007428539631873729,0.0005584497426219649,
5b9985cfa5,40000,354,1129260,11292.6,101.12547051048473,3.3406857349017467e-17,0.0007428539631873729,0.0005911800296550756,
5b9985cfa5,40000,355,1132450,11324.5,101.12547051048473,1.4903815578917035e-17,0.0007428539631873729,0.0006154367894880692,
5b9985cfa5,40000,356,1135640,11356.4,101.12547051048473,2.743405347275227e-17,0.0007428539631873729,0.0005427999727826749,
5b9985cfa5,40000,357,1138830,11388.3,101.12547051048473,1.9601563953228694e-17,0.0007428539631873729,0.0005600784598621612,
5b9985cfa5,40000,358,1142020,11420.2,101.12547051048473,2.2055298769927178e-17,0.0007428539631873729,0.0005674369898435839,
5b9985cfa5,40000,359,1145210,11452.1,101.12547051048473,1.388391191615627e-17,0.0007428539631873729,0.0006153936238855906,
5b9985cfa5,40000,360,1148400,11484.0,101.12547051048473,2.1497112362555538e-17,0.0007428539631873729,0.0005157650185928295,
5b9985cfa5,40000,361,1151590,11515.9,101.12547051048473,1.3078723463459796e-17,0.0007428539631873729,0.0005600860720350533,
5b9985cfa5,40000,362,1154780,11547.8,101.12547051048473,3.767578782278245e-17,0.0007428539631873729,0.0005342342219573902,
5b9985cfa5,40000,363,1157970,11579.7,101.12547051048473,2.3640026104633534e-17,0.0007428539631873729,0.0005626096819740102,
5b9985cfa5,40000,364,1161160,11611.6,101.12547051048473,2.0269699663310945e-17,0.0007428539631873729,0.0005942989960257792,
5b9985cfa5,40000,365,1164350,11643.5,101.12547051048473,1.377721887401979e-17,0.0007428539631873729,0.0006503504933095237,
5b9985cfa5,40000,366,1167540,11675.4,101.12547051048473,2.0270345814994327e-17,0.0007428539631873729,0.000581531367630948,
5b9985cfa5,40000,367,1170730,11707.3,101.12547051048473,2.4816219862340442e-17,0.0007428539631873729,0.000569395302586866,
5b9985cfa5,40000,368,1173920,11739.2,101.12547051048473,2.4396358131794988e-17,0.0007428539631873729,0.0005944680740983557,
5b9985cfa5,40000,369,1177110,11771.1,101.12547051048473,1.4483364021668983e-17,0.0007428539631873729,0.0005912961589465402,
5b9985cfa5,40000,370,1180300,11803.0,101.12547051048473,2.812069100397944e-17,0.0007428539631873729,0.0006219493284651748,
5b9985cfa5,40000,371,1183490,11834.9,101.12547051048473,1.076651353146532e-17,0.0007428539631873729,0.0005605654014300895,
5b9985cfa5,40000,372,1186680,11866.8,101.12547051048473,1.5085820852320688e-17,0.0007428539631873729,0.000558542978998956,
5b9985cfa5,40000,373,1189870,11898.7,101.12547051048473,1.8246874109262047e-17,0.0007428539631873729,0.000578637671187004,
5b9985cfa5,40000,374,1193060,11930.6,101.12547051048473,1.3655028366998225e-17,0.0007428539631873729,0.0006284483097906216,
5b9985cfa5,40000,375,1196250,11962.5,101.12547051048473,6.25119042943968e-17,0.0007428539631873729,0.0005862045932945352,
5b9985cfa5,40000,376,1199440,11994.4,101.12547051048473,1.3610776040517618e-17,0.0007428539631873729,0.0005082388460579713,
5b9985cfa5,40000,377,1202630,12026.3,101.12547051048473,1.682262500641282e-17,0.0007428539631873729,0.0005068278522008596,
5b9985cfa5,40000,378,1205820,12058.2,101.12547051048473,2.0643532233296784e-17,0.0007428539631873729,0.0006172304719521749,
5b9985cfa5,40000,379,1209010,12090.1,101.12547051048473,1.3536863037983607e-17,0.0007428539631873729,0.0005473080907575196,
5b9985cfa5,40000,380,1212200,12122.0,101.12547051048473,1.832825757420756e-17,0.0007428539631873729,0.000521213360257139,
5b9985cfa5,40000,381,1215390,12153.9,101.12547051048473,2.3870822476091613e-17,0.0007428539631873729,0.0005895831975099763,
5b9985cfa5,40000,382,1218580,12185.8,101.12547051048473,1.6103214243624118e-17,0.0007428539631873729,0.0006072647875998042,
5b9985cfa5,40000,383,1221770,12217.7,101.12547051048473,1.547462585391798e-17,0.0007428539631873729,0.0005352044067294037,
5b9985cfa5,40000,384,1224960,12249.6,101.12547051048473,1.349030985553476e-17,0.0007428539631873729,0.0006118042228794021,
5b9985cfa5,40000,385,1228150,12281.5,101.12547051048473,2.703268236796562e-17,0.0007428539631873729,0.0006088786447903793,
5b9985cfa5,40000,386,1231340,12313.4,101.12547051048473,1.4996220557173505e-17,0.0007428539631873729,0.0005696219278302436,
5b9985cfa5,40000,387,1234530,12345.3,101.12547051048473,1.437588893521283e-17,0.0007428539631873729,0.0005448735719482012,
5b9985cfa5,40000,388,1237720,12377.2,101.12547051048473,8.616859435942097e-18,0.0007428539631873729,0.0005708200766632766,
5b9985cfa5,40000,389,1240910,12409.1,101.12547051048473,1.154622915583065e-17,0.0007428539631873729,0.0005900286536382405,
5b9985cfa5,40000,390,1244100,12441.0,101.12547051048473,1.4357199895399077e-17,0.0007428539631873729,0.0006010642794165651,
5b9985cfa5,40000,391,1247290,12472.9,101.12547051048473,1.346335775498971e-17,0.0007428539631873729,0.0005195012935684322,
5b9985cfa5,40000,392,1250480,12504.8,101.12547051048473,1.6321153258740043e-17,0.0007428539631873729,0.0005777789517795738,
5b9985cfa5,40000,393,1253670,12536.7,101.12547051048473,1.3454888973182677e-17,0.0007428539631873729,0.0005053643607199004,
5b9985cfa5,40000,394,1256860,12568.6,101.12547051048473,2.0524371174595504e-17,0.0007428539631873729,0.0005783638901455978,
5b9985cfa5,40000,395,1260050,12600.5,101.12547051048473,1.5615767422767787e-17,0.0007428539631873729,0.0005249269581492222,
5b9985cfa5,40000,396,1263240,12632.4,101.12547051048473,2.1224265861217254e-17,0.0007428539631873729,0.0005406888610216976,
5b9985cfa5,40000,397,1266430,12664.3,101.12547051048473,1.780427913231e-17,0.0007428539631873729,0.0005672340581121358,
5b9985cfa5,40000,398,1269620,12696.2,101.12547051048473,1.2144962710350335e-17,0.0007428539631873729,0.0005805327441062652,
5b9985cfa5,40000,399,1272810,12728.1,101.12547051048473,1.894901749703389e-17,0.0007428539631873729,0.0005603660498013078,
5b9985cfa5,40000,400,1276000,12760.0,101.12547051048473,2.1594196234679335e-17,0.0007428539631873729,0.0006010308574056857,
5b9985cfa5,40000,401,1279190,12791.9,101.12547051048473,2.1732222667006178e-17,0.0007428539631873729,0.0005628735411370574,
5b9985cfa5,40000,402,1282380,12823.8,101.12547051048473,2.417317071159761e-17,0.0007428539631873729,0.0005798218756641623,
5b9985cfa5,40000,403,1285570,12855.7,101.12547051048473,1.5855654318600374e-17,0.0007428539631873729,0.0005854350708264553,
5b9985cfa5,40000,404,1288760,12887.6,101.12547051048473,2.387623398174548e-17,0.0007428539631873729,0.0005665532942791927,
5b9985cfa5,40000,405,1291950,12919.5,101.12547051048473,1.7713465681693046e-17,0.0007428539631873729,0.0005924017146093052,
5b9985cfa5,40000,406,1295140,12951.4,101.12547051048473,1.9313741728406432e-17,0.0007428539631873729,0.0005146151066123305,
5b9985cfa5,40000,407,1298330,12983.3,101.12547051048473,1.7674461259480232e-17,0.0007428539631873729,0.000556978616017128,
5b9985cfa5,40000,408,1301520,13015.2,101.12547051048473,1.6634222507814e-17,0.0007428539631873729,0.000587264218438976,
5b9985cfa5,40000,409,1304710,13047.1,101.12547051048473,2.7647023006438283e-17,0.0007428539631873729,0.0004955464001130396,
5b9985cfa5,40000,410,1307900,13079.0,101.12547051048473,1.6201540339186853e-17,0.0007428539631873729,0.000569480768088143,
5b9985cfa5,40000,411,1311090,13110.9,101.12547051048473,1.5212609867430843e-17,0.0007428539631873729,0.0006088782405352836,
5b9985cfa5,40000,412,1314280,13142.8,101.12547051048473,1.673066150901556e-17,0.0007428539631873729,0.0005662081946709349,
5b9985cfa5,40000,413,1317470,13174.7,101.12547051048473,3.6095871178573805e-17,0.0007428539631873729,0.0005298806732230215,
5b9985cfa5,40000,414,1320660,13206.6,101.12547051048473,2.3530941951816123e-17,0.0007428539631873729,0.0005544146468725651,
5b9985cfa5,40000,415,1323850,13238.5,101.12547051048473,1.857975093586975e-17,0.0007428539631873729,0.0005572684029057965,
5b9985cfa5,40000,416,1327040,13270.4,101.12547051048473,1.2904538549755303e-17,0.0007428539631873729,0.0005522167428572559,
5b9985cfa5,40000,417,1330230,13302.3,101.12547051048473,1.3832889427381679e-17,0.0007428539631873729,0.0005327136280653048,
5b9985cfa5,40000,418,1333420,13334.2,101.12547051048473,3.678923672704232e-17,0.0007428539631873729,0.00056038885238511,
5b9985cfa5,40000,419,1336610,13366.1,101.12547051048473,1.9972020258100587e-17,0.0007428539631873729,0.0006224591380036334,
5b9985cfa5,40000,420,1339800,13398.0,101.12547051048473,2.010505868230151e-17,0.0007428539631873729,0.0005524322136683634,
5b9985cfa5,40000,421,1342990,13429.9,101.12547051048473,2.852486851480371e-17,0.0007428539631873729,0.00060872964543859,
5b9985cfa5,40000,422,1346180,13461.8,101.12547051048473,2.5985834300461515e-17,0.0007428539631873729,0.0005402050401153914,
5b9985cfa5,40000,423,1349370,13493.7,101.12547051048473,1.9948242201466882e-17,0.0007428539631873729,0.0006043466108775997,
5b9985cfa5,40000,424,1352560,13525.6,101.12547051048473,1.6169240000325033e-17,0.0007428539631873729,0.000568284010448764,
5b9985cfa5,40000,425,1355750,13557.5,101.12547051048473,1.3610069209805779e-17,0.0007428539631873729,0.0006481888392841301,
5b9985cfa5,40000,426,1358940,13589.4,101.12547051048473,1.70187553141481e-17,0.0007428539631873729,0.000578994189517535,
5b9985cfa5,40000,427,1362130,13621.3,101.12547051048473,3.288946138568555e-17,0.0007428539631873729,0.000567241564333902,
5b9985cfa5,40000,428,1365320,13653.2,101.12547051048473,1.3525211124408932e-17,0.0007428539631873729,0.000615976635007108,
5b9985cfa5,40000,429,1368510,13685.1,101.12547051048473,3.35443177149952e-17,0.0007428539631873729,0.0005742230500858137,
5b9985cfa5,40000,430,1371700,13717.0,101.12547051048473,1.8842654791413527e-17,0.0007428539631873729,0.0006131786997949053,
5b9985cfa5,40000,431,1374890,13748.9,101.12547051048473,2.249783345875076e-17,0.0007428539631873729,0.0006120771809367448,
5b9985cfa5,40000,432,1378080,13780.8,101.12547051048473,2.704498309765175e-17,0.0007428539631873729,0.0005835697948053232,
5b9985cfa5,40000,433,1381270,13812.7,101.12547051048473,2.4210514132579817e-17,0.0007428539631873729,0.0005805183228089287,
5b9985cfa5,40000,434,1384460,13844.6,101.12547051048473,2.27170093237536e-17,0.0007428539631873729,0.0005415828689251173,
5b9985cfa5,40000,435,1387650,13876.5,101.12547051048473,2.7001635003385248e-17,0.0007428539631873729,0.000542421915787823,
5b9985cfa5,40000,436,1390840,13908.4,101.12547051048473,1.5718785163474036e-17,0.0007428539631873729,0.0006138630055926638,
5b9985cfa5,40000,437,1394030,13940.3,101.12547051048473,1.4658770874804297e-17,0.0007428539631873729,0.0005759934221692195,
5b9985cfa5,40000,438,1397220,13972.2,101.12547051048473,1.5243281222466927e-17,0.0007428539631873729,0.0005654714741105269,
5b9985cfa5,40000,439,1400410,14004.1,101.12547051048473,3.166043819462962e-17,0.0007428539631873729,0.0005475681559817808,
5b9985cfa5,40000,440,1403600,14036.0,101.12547051048473,1.586694871946807e-17,0.0007428539631873729,0.0005524611104904957,
5b9985cfa5,40000,441,1406790,14067.9,101.12547051048473,3.219452869802156e-17,0.0007428539631873729,0.0005372052428523617,
5b9985cfa5,40000,442,1409980,14099.8,101.12547051048473,1.384467220200891e-17,0.0007428539631873729,0.0005377262813324086,
5b9985cfa5,40000,443,1413170,14131.7,101.12547051048473,1.8481331277126465e-17,0.0007428539631873729,0.0005507272815477048,
5b9985cfa5,40000,444,1416360,14163.6,101.12547051048473,1.2794453262031601e-17,0.0007428539631873729,0.0005805298657039663,
5b9985cfa5,40000,445,1419550,14195.5,101.12547051048473,3.1743973457531476e-17,0.0007428539631873729,0.0006022953306660494,
5b9985cfa5,40000,446,1422740,14227.4,101.12547051048473,1.5537197516897593e-17,0.0007428539631873729,0.0005966159191610287,
5b9985cfa5,40000,447,1425930,14259.3,101.12547051048473,1.9535822463048288e-17,0.0007428539631873729,0.0005719024266280793,
5b9985cfa5,40000,448,1429120,14291.2,101.12547051048473,2.464554974779714e-17,0.0007428539631873729,0.0005683052186769462,
5b9985cfa5,40000,449,1432310,14323.1,101.12547051048473,1.468067513230929e-17,0.0007428539631873729,0.0005735989329266107,
5b9985cfa5,40000,450,1435500,14355.0,101.12547051048473,1.6763871185814015e-17,0.0007428539631873729,0.0006010239529717096,
5b9985cfa5,40000,451,1438690,14386.9,101.12547051048473,2.9125660957515025e-17,0.0007428539631873729,0.0005371952900416019,
5b9985cfa5,40000,452,1441880,14418.8,101.12547051048473,3.2887796773166604e-17,0.0007428539631873729,0.0005968382818624722,
5b9985cfa5,40000,453,1445070,14450.7,101.12547051048473,1.689014068703902e-17,0.0007428539631873729,0.00057276699354173,
5b9985cfa5,40000,454,1448260,14482.6,101.12547051048473,2.1435090999120137e-17,0.0007428539631873729,0.0005861949409189948,
5b9985cfa5,40000,455,1451450,14514.5,101.12547051048473,3.381174734613732e-17,0.0007428539631873729,0.000539075943277838,
5b9985cfa5,40000,456,1454640,14546.4,101.12547051048473,3.8285548438904896e-17,0.0007428539631873729,0.0005330804738797369,
5b9985cfa5,40000,457,1457830,14578.3,101.12547051048473,1.405570728016407e-17,0.0007428539631873729,0.0005817127688023793,
5b9985cfa5,40000,458,1461020,14610.2,101.12547051048473,1.6450172294352776e-17,0.0007428539631873729,0.0005966283780785546,
5b9985cfa5,40000,459,1464210,14642.1,101.12547051048473,2.745692573789179e-17,0.0007428539631873729,0.0006079131261491855,
5b9985cfa5,40000,460,1467400,14674.0,101.12547051048473,3.23932278346495e-17,0.0007428539631873729,0.0005870398785584443,
5b9985cfa5,40000,461,1470590,14705.9,101.12547051048473,1.9070589381145485e-17,0.0007428539631873729,0.000585785371344535,
5b9985cfa5,40000,462,1473780,14737.8,101.12547051048473,1.4894618146245905e-17,0.0007428539631873729,0.0005432011821296398,
5b9985cfa5,40000,463,1476970,14769.7,101.12547051048473,9.037956227434333e-18,0.0007428539631873729,0.0006087245504240679,
5b9985cfa5,40000,464,1480160,14801.6,101.12547051048473,2.201157111563279e-17,0.0007428539631873729,0.0005955205930470993,
5b9985cfa5,40000,465,1483350,14833.5,101.12547051048473,2.2317875783873608e-17,0.0007428539631873729,0.0005681103582609153,
5b9985cfa5,40000,466,1486540,14865.4,101.12547051048473,2.5729223019028274e-17,0.0007428539631873729,0.0005549726738207393,
5b9985cfa5,40000,467,1489730,14897.3,101.12547051048473,2.6247478619578393e-17,0.0007428539631873729,0.0006150169968897887,
5b9985cfa5,40000,468,1492920,14929.2,101.12547051048473,2.6273407097342214e-17,0.0007428539631873729,0.0005425782782635219,
5b9985cfa5,40000,469,1496110,14961.1,101.12547051048473,3.461786118484817e-17,0.0007428539631873729,0.0005821120306981311,
5b9985cfa5,40000,470,1499300,14993.0,101.12547051048473,1.3654446046236317e-17,0.0007428539631873729,0.0006084758213806474,
5b9985cfa5,40000,471,1502490,15024.9,101.12547051048473,2.390267728564317e-17,0.0007428539631873729,0.000556719226519591,
5b9985cfa5,40000,472,1505680,15056.8,101.12547051048473,1.2947803337645218e-17,0.0007428539631873729,0.0005706713412067202,
5b9985cfa5,40000,473,1508870,15088.7,101.12547051048473,1.409282684723105e-17,0.0007428539631873729,0.0006342459486036022,
5b9985cfa5,40000,474,1512060,15120.6,101.12547051048473,1.842548690443197e-17,0.0007428539631873729,0.0005568191184156965,
5b9985cfa5,40000,475,1515250,15152.5,101.12547051048473,3.138909547946521e-17,0.0007428539631873729,0.0005564133037374244,
5b9985cfa5,40000,476,1518440,15184.4,101.12547051048473,2.3666977311395015e-17,0.0007428539631873729,0.0006039468404623747,
5b9985cfa5,40000,477,1521630,15216.3,101.12547051048473,2.1092648173541753e-17,0.0007428539631873729,0.0005526421727067221,
5b9985cfa5,40000,478,1524820,15248.2,101.12547051048473,2.1874660483198164e-17,0.0007428539631873729,0.0006068642277016814,
5b9985cfa5,40000,479,1528010,15280.1,101.12547051048473,1.8490788130070887e-17,0.0007428539631873729,0.0005402580410163175,
5b9985cfa5,40000,480,1531200,15312.0,101.12547051048473,7.6602529132466e-18,0.0007428539631873729,0.0005321563488041718,
5b9985cfa5,40000,481,1534390,15343.9,101.12547051048473,1.5994458145432512e-17,0.0007428539631873729,0.0005497938928255626,
5b9985cfa5,40000,482,1537580,15375.8,101.12547051048473,2.820819560839024e-17,0.0007428539631873729,0.0005698562973420098,
5b9985cfa5,40000,483,1540770,15407.7,101.12547051048473,1.507171871747191e-17,0.0007428539631873729,0.0005929494575040472,
5b9985cfa5,40000,484,1543960,15439.6,101.12547051048473,2.52827091911545e-17,0.0007428539631873729,0.0006069057490593141,
5b9985cfa5,40000,485,1547150,15471.5,101.12547051048473,2.4212544330356963e-17,0.0007428539631873729,0.0005495990591419206,
5b9985cfa5,40000,486,1550340,15503.4,101.12547051048473,2.859974145600532e-17,0.0007428539631873729,0.0006210952197683122,
5b9985cfa5,40000,487,1553530,15535.3,101.12547051048473,1.327572220304411e-17,0.0007428539631873729,0.0005246515402091894,
5b9985cfa5,40000,488,1556720,15567.2,101.12547051048473,1.5306345355226344e-17,0.0007428539631873729,0.0005957902676277775,
5b9985cfa5,40000,489,1559910,15599.1,101.12547051048473,2.6824269843230106e-17,0.0007428539631873729,0.0005748764016023725,
5b9985cfa5,40000,490,1563100,15631.0,101.12547051048473,1.748206542784607e-17,0.0007428539631873729,0.0005928590809307152,
5b9985cfa5,40000,491,1566290,15662.9,101.12547051048473,2.620479343301929e-17,0.0007428539631873729,0.000562137314645404,
5b9985cfa5,40000,492,1569480,15694.8,101.12547051048473,1.3645139159462997e-17,0.0007428539631873729,0.0005799938301217509,
5b9985cfa5,40000,493,1572670,15726.7,101.12547051048473,3.0528290741968196e-17,0.0007428539631873729,0.0006435824748522395,
5b9985cfa5,40000,494,1575860,15758.6,101.12547051048473,1.488160574691297e-17,0.0007428539631873729,0.0006432748389859157,
5b9985cfa5,40000,495,1579050,15790.5,101.12547051048473,1.3525434744943394e-17,0.0007428539631873729,0.0005585816063783452,
5b9985cfa5,40000,496,1582240,15822.4,101.12547051048473,2.1802748061628584e-17,0.0007428539631873729,0.0005333624656406609,
5b9985cfa5,40000,497,1585430,15854.3,101.12547051048473,1.968190989865562e-17,0.0007428539631873729,0.0005987644369006522,
5b9985cfa5,40000,498,1588620,15886.2,101.12547051048473,3.6273844980045517e-17,0.0007428539631873729,0.0005631342246208148,
5b9985cfa5,40000,499,1591810,15918.1,101.12547051048473,2.0744478404989027e-17,0.0007428539631873729,0.0006022717805583685,
5b9985cfa5,40000,500,1595000,15950.0,101.12547051048473,1.761994852163405e-17,0.0007428539631873729,0.0005849449491617739,
5b9985cfa5,40000,501,1598190,15981.9,101.12547051048473,2.6467577934879813e-17,0.0007428539631873729,0.0005080244490638266,
5b9985cfa5,40000,502,1601380,16013.8,101.12547051048473,2.694871275263706e-17,0.0007428539631873729,0.0005713800796189892,
5b9985cfa5,40000,503,1604570,16045.7,101.12547051048473,3.6847281817711547e-17,0.0007428539631873729,0.0006027342504988409,
5b9985cfa5,40000,504,1607760,16077.6,101.12547051048473,1.710637172796894e-17,0.0007428539631873729,0.0006025619404812985,
5b9985cfa5,40000,505,1610950,16109.5,101.12547051048473,2.8015389916792457e-17,0.0007428539631873729,0.0006011707412070027,
5b9985cfa5,40000,506,1614140,16141.4,101.12547051048473,1.58135191616899e-17,0.0007428539631873729,0.0005758801979727166,
5b9985cfa5,40000,507,1617330,16173.3,101.12547051048473,2.0094570651065166e-17,0.0007428539631873729,0.0006437790487736534,
5b9985cfa5,40000,508,1620520,16205.2,101.12547051048473,1.6697088265625466e-17,0.0007428539631873729,0.0005394976364363428,
5b9985cfa5,40000,509,1623710,16237.1,101.12547051048473,1.9958221917579314e-17,0.0007428539631873729,0.0005313850144064393,
5b9985cfa5,40000,510,1626900,16269.0,101.12547051048473,2.4234043253592386e-17,0.0007428539631873729,0.0006198277701658325,
5b9985cfa5,40000,511,1630090,16300.9,101.12547051048473,2.055871420984088e-17,0.0007428539631873729,0.0005673090099491445,
5b9985cfa5,40000,512,1633280,16332.8,101.12547051048473,1.799544085050172e-17,0.0007428539631873729,0.0005955878561725009,
5b9985cfa5,40000,513,1636470,16364.7,101.12547051048473,1.5749497881716438e-17,0.0007428539631873729,0.0005287773027053754,
5b9985cfa5,40000,514,1639660,16396.6,101.12547051048473,4.239807006889189e-17,0.0007428539631873729,0.000607632091618841,
5b9985cfa5,40000,515,1642850,16428.5,101.12547051048473,1.3708618728080072e-17,0.0007428539631873729,0.0005224315794091374,
5b9985cfa5,40000,516,1646040,16460.4,101.12547051048473,1.3674977668869182e-17,0.0007428539631873729,0.0006177197146207002,
5b9985cfa5,40000,517,1649230,16492.3,101.12547051048473,1.6772052510340037e-17,0.0007428539631873729,0.0005354549035518655,
5b9985cfa5,40000,518,1652420,16524.2,101.12547051048473,3.1791902849378345e-17,0.0007428539631873729,0.0005430421993663266,
5b9985cfa5,40000,519,1655610,16556.1,101.12547051048473,2.722670900010763e-17,0.0007428539631873729,0.0005426684415470266,
5b9985cfa5,40000,520,1658800,16588.0,101.12547051048473,2.6933301215116615e-17,0.0007428539631873729,0.0005215499552589348,
5b9985cfa5,40000,521,1661990,16619.9,101.12547051048473,3.1208966570824505e-17,0.0007428539631873729,0.000517368182169876,
5b9985cfa5,40000,522,1665180,16651.8,101.12547051048473,2.0818109155035313e-17,0.0007428539631873729,0.0006219054717287833,
5b9985cfa5,40000,523,1668370,16683.7,101.12547051048473,3.0738448649519265e-17,0.0007428539631873729,0.0005749073347799704,
5b9985cfa5,40000,524,1671560,16715.6,101.12547051048473,2.298806521332426e-17,0.0007428539631873729,0.0005826128108213936,
5b9985cfa5,40000,525,1674750,16747.5,101.12547051048473,1.3602009427621688e-17,0.0007428539631873729,0.0005385694336129795,
5b9985cfa5,40000,526,1677940,16779.4,101.12547051048473,1.3237588935195154e-17,0.0007428539631873729,0.0006006466827060756,
5b9985cfa5,40000,527,1681130,16811.3,101.12547051048473,1.9213811017394378e-17,0.0007428539631873729,0.0005011307030370799,
5b9985cfa5,40000,528,1684320,16843.2,101.12547051048473,1.3212300046469568e-17,0.0007428539631873729,0.0005751264732013606,
5b9985cfa5,40000,529,1687510,16875.1,101.12547051048473,1.6956757526769992e-17,0.0007428539631873729,0.00059618928011597,
5b9985cfa5,40000,530,1690700,16907.0,101.12547051048473,2.539648470349578e-17,0.0007428539631873729,0.0005172124945704555,
5b9985cfa5,40000,531,1693890,16938.9,101.12547051048473,4.11710239750904e-17,0.0007428539631873729,0.0005789661060001419,
5b9985cfa5,40000,532,1697080,16970.8,101.12547051048473,2.1986827749701075e-17,0.0007428539631873729,0.0005202872867666724,
5b9985cfa5,40000,533,1700270,17002.7,101.12547051048473,2.247285573687859e-17,0.0007428539631873729,0.0006263869713623037,
5b9985cfa5,40000,534,1703460,17034.6,101.12547051048473,1.618112643358064e-17,0.0007428539631873729,0.0005917757413786693,
5b9985cfa5,40000,535,1706650,17066.5,101.12547051048473,3.228200716468749e-17,0.0007428539631873729,0.0005020706331541385,
5b9985cfa5,40000,536,1709840,17098.4,101.12547051048473,2.7259366517742853e-17,0.0007428539631873729,0.000598419350749677,
5b9985cfa5,40000,537,1713030,17130.3,101.12547051048473,2.934033343498061e-17,0.0007428539631873729,0.0006051097672876224,
5b9985cfa5,40000,538,1716220,17162.2,101.12547051048473,3.3607476519401796e-17,0.0007428539631873729,0.0005882230419751212,
5b9985cfa5,40000,539,1719410,17194.1,101.12547051048473,1.770541834490064e-17,0.0007428539631873729,0.00055990493986593,
5b9985cfa5,40000,540,1722600,17226.0,101.12547051048473,1.5875959085996076e-17,0.0007428539631873729,0.0005613170207748936,
5b9985cfa5,40000,541,1725790,17257.9,101.12547051048473,2.000713150537844e-17,0.0007428539631873729,0.0005460474866360833,
5b9985cfa5,40000,542,1728980,17289.8,101.12547051048473,2.707269629599248e-17,0.0007428539631873729,0.0005691960058676197,
5b9985cfa5,40000,543,1732170,17321.7,101.12547051048473,1.8491573945864607e-17,0.0007428539631873729,0.0006333001761278768,
5b9985cfa5,40000,544,1735360,17353.6,101.12547051048473,1.6364144154700906e-17,0.0007428539631873729,0.0005442698615196732,
5b9985cfa5,40000,545,1738550,17385.5,101.12547051048473,9.302557430928775e-18,0.0007428539631873729,0.0005844434748217485,
5b9985cfa5,40000,546,1741740,17417.4,101.12547051048473,1.7809438173442888e-17,0.0007428539631873729,0.0005614101992616329,
5b9985cfa5,40000,547,1744930,17449.3,101.12547051048473,1.5354853319684022e-17,0.0007428539631873729,0.0005610962865341794,
5b9985cfa5,40000,548,1748120,17481.2,101.12547051048473,2.7067252751412793e-17,0.0007428539631873729,0.0005717174349364814,
5b9985cfa5,40000,549,1751310,17513.1,101.12547051048473,1.406640327601488e-17,0.0007428539631873729,0.000636760799150686,
5b9985cfa5,40000,550,1754500,17545.0,101.12547051048473,1.9256516991317894e-17,0.0007428539631873729,0.0005691166258783329,
5b9985cfa5,40000,551,1757690,17576.9,101.12547051048473,9.53918923647702e-17,0.0007428539631873729,0.0005776307328949803,
5b9985cfa5,40000,552,1760880,17608.8,101.12547051048342,1.443564337639977e-17,0.000796220246069817,0.0006199950926425538,
5b9985cfa5,40000,553,1764070,17640.7,101.12547051048342,2.3112769555069595e-17,0.000796220246069817,0.000667945612251728,
5b9985cfa5,40000,554,1767260,17672.6,101.12547051048342,2.4598862141171043e-17,0.000796220246069817,0.0005457671049165573,
5b9985cfa5,40000,555,1770450,17704.5,101.12547051048342,2.807983344364801e-17,0.000796220246069817,0.0005484194218407125,
5b9985cfa5,40000,556,1773640,17736.4,101.12547051048342,3.131915921525217e-17,0.000796220246069817,0.0006662725207935294,
5b9985cfa5,40000,557,1776830,17768.3,101.12547051048342,1.4416726408576474e-17,0.000796220246069817,0.000605204646587416,
5b9985cfa5,40000,558,1780020,17800.2,101.12547051048342,2.683335055118591e-17,0.000796220246069817,0.0005914134023089064,
5b9985cfa5,40000,559,1783210,17832.1,101.12547051048342,2.6517705325331822e-17,0.000796220246069817,0.0006259644062809894,
5b9985cfa5,40000,560,1786400,17864.0,101.12547051048342,3.1239746347810204e-17,0.000796220246069817,0.0006600655972929373,
5b9985cfa5,40000,561,1789590,17895.9,101.12547051048342,2.0787399128183127e-17,0.000796220246069817,0.0005871454186718863,
5b9985cfa5,40000,562,1792780,17927.8,101.12547051048342,1.8323023459024448e-17,0.000796220246069817,0.0005401816792692761,
5b9985cfa5,40000,563,1795970,17959.7,101.12547051048342,3.265954436901819e-17,0.000796220246069817,0.0005825897597170669,
5b9985cfa5,40000,564,1799160,17991.6,101.12547051048342,3.164129129652568e-17,0.000796220246069817,0.0005593324076862854,
5b9985cfa5,40000,565,1802350,18023.5,101.12547051048342,3.000276571251449e-17,0.000796220246069817,0.0005913349606334341,
5b9985cfa5,40000,566,1805540,18055.4,101.12547051048342,1.4405114483118368e-17,0.000796220246069817,0.0005524834833429885,
5b9985cfa5,40000,567,1808730,18087.3,101.12547051048342,1.439893762347952e-17,0.000796220246069817,0.0006510312815636145,
5b9985cfa5,40000,568,1811920,18119.2,101.12547051048342,3.881732333249009e-17,0.000796220246069817,0.0006110297278213512,
5b9985cfa5,40000,569,1815110,18151.1,101.12547051048021,3.193052239951471e-17,0.0008144311572378376,0.000628272228633413,
5b9985cfa5,40000,570,1818300,18183.0,101.12547051048021,3.32167367603333e-17,0.0008144311572378376,0.0006532172309920894,
5b9985cfa5,40000,571,1821490,18214.9,101.12547051048021,3.829141473317168e-17,0.0008144311572378376,0.0006042264843144669,
5b9985cfa5,40000,572,1824680,18246.8,101.12547051048021,5.44233638801964e-17,0.0008144311572378376,0.0006495149244877273,
5b9985cfa5,40000,573,1827870,18278.7,101.12547051048021,4.7079460537929494e-17,0.0008144311572378376,0.000630416713213187,
5b9985cfa5,40000,574,1831060,18310.6,101.12547051048021,3.009330990579917e-17,0.0008144311572378376,0.0006627600977183719,
5b9985cfa5,40000,575,1834250,18342.5,101.12547051048021,1.4722148220737072e-17,0.0008144311572378376,0.0005712272808861256,
5b9985cfa5,40000,576,1837440,18374.4,101.12547051048021,2.8528717078104537e-17,0.0008144311572378376,0.0006600918114287066,
5b9985cfa5,40000,577,1840630,18406.3,101.12547051048021,1.7183532135478045e-17,0.0008144311572378376,0.0006382567637719758,
5b9985cfa5,40000,578,1843820,18438.2,101.12547051048021,2.6802729389810424e-17,0.0008144311572378376,0.0006250879506096748,
5b9985cfa5,40000,579,1847010,18470.1,101.12547051048021,1.4345865052458384e-17,0.0008144311572378376,0.0006333190328012386,
5b9985cfa5,40000,580,1850200,18502.0,101.12547051048021,7.201512186696235e-17,0.0008144311572378376,0.0006618145831693976,
5b9985cfa5,40000,581,1853390,18533.9,101.12547051048021,3.052927189108633e-17,0.0008144311572378376,0.0005724723750950544,
5b9985cfa5,40000,582,1856580,18565.8,101.12547051048021,2.440256564088229e-17,0.0008144311572378376,0.0006127930585533035,
5b9985cfa5,40000,583,1859770,18597.7,101.12547051048021,4.033477444150676e-17,0.0008144311572378376,0.000662656607509769,
5b9985cfa5,40000,584,1862960,18629.6,101.12547051048021,2.943318597597361e-17,0.0008144311572378376,0.0006148188103353018,
5b9985cfa5,40000,585,1866150,18661.5,101.12547051048021,3.1119911729555944e-17,0.0008144311572378376,0.0006424886592568238,
5b9985cfa5,40000,586,1869340,18693.4,101.12547051048021,2.7601259936671802e-17,0.0008144311572378376,0.0006185809688315546,
5b9985cfa5,40000,587,1872530,18725.3,101.12547051048021,1.5718686298077546e-17,0.0008144311572378376,0.0005554913958490827,
5b9985cfa5,40000,588,1875720,18757.2,101.12547051048021,4.533568354519284e-17,0.0008144311572378376,0.000645984041694181,
5b9985cfa5,40000,589,1878910,18789.1,101.12547051048021,2.8258122909714696e-17,0.0008144311572378376,0.0006234916744637916,
5b9985cfa5,40000,590,1882100,18821.0,101.12547051048021,2.7833765176319306e-17,0.0008144311572378376,0.000627337074099262,
5b9985cfa5,40000,591,1885290,18852.9,101.12547051048021,4.3483983646108384e-17,0.0008144311572378376,0.000562523631428429,
5b9985cfa5,40000,592,1888480,18884.8,101.12547051048021,3.223977773367171e-17,0.0008144311572378376,0.000620199992401896,
5b9985cfa5,40000,593,1891670,18916.7,101.12547051048021,2.5283608518709232e-17,0.0008144311572378376,0.0005952608852935211,
5b9985cfa5,40000,594,1894860,18948.6,101.12547051048021,3.658403559276279e-17,0.0008144311572378376,0.0006185391142153563,
5b9985cfa5,40000,595,1898050,18980.5,101.12547051048021,2.4733265160140456e-17,0.0008144311572378376,0.000641558681056127,
5b9985cfa5,40000,596,1901240,19012.4,101.12547051048021,4.9361365920240256e-17,0.0008144311572378376,0.0006412595493093312,
5b9985cfa5,40000,597,1904430,19044.3,101.12547051048021,2.932747798829722e-17,0.0008144311572378376,0.000666905475280789,
5b9985cfa5,40000,598,1907620,19076.2,101.12547051048021,3.8411931340337166e-17,0.0008144311572378376,0.0006382134446206941,
5b9985cfa5,40000,599,1910810,19108.1,101.12547051048021,3.012360602832807e-17,0.0008144311572378376,0.0006498482954488432,
5b9985cfa5,40000,600,1914000,19140.0,101.12547051048021,3.4705076091825796e-17,0.0008144311572378376,0.0006052362296203023,
5b9985cfa5,40000,601,1917190,19171.9,101.12547051048021,2.053273197141867e-17,0.0008144311572378376,0.0006662152559019949,
5b9985cfa5,40000,602,1920380,19203.8,101.12547051048021,1.585172177251372e-17,0.0008144311572378376,0.0006046977932454811,
5b9985cfa5,40000,603,1923570,19235.7,101.12547051048021,1.9845411403617416e-17,0.0008144311572378376,0.0006152632397696328,
5b9985cfa5,40000,604,1926760,19267.6,101.12547051048021,3.047553928891793e-17,0.0008144311572378376,0.0006317327995334738,
5b9985cfa5,40000,605,1929950,19299.5,101.12547051048021,3.0067191659694105e-17,0.0008144311572378376,0.0006751139283242568,
5b9985cfa5,40000,606,1933140,19331.4,101.12547051048021,2.988382936912241e-17,0.0008144311572378376,0.0006576404680024208,
5b9985cfa5,40000,607,1936330,19363.3,101.12547051048021,2.679848556943969e-17,0.0008144311572378376,0.0006202331364022178,
5b9985cfa5,40000,608,1939520,19395.2,101.12547051048021,2.953071287794337e-17,0.0008144311572378376,0.0005990179423361254,
5b9985cfa5,40000,609,1942710,19427.1,101.12547051048021,2.4067326948714977e-17,0.0008144311572378376,0.0006612792369708034,
5b9985cfa5,40000,610,1945900,19459.0,101.12547051048021,3.1576419794032754e-17,0.0008144311572378376,0.000670305641671161,
5b9985cfa5,40000,611,1949090,19490.9,101.12547051048021,3.136525174647647e-17,0.0008144311572378376,0.0006277825293075136,
5b9985cfa5,40000,612,1952280,19522.8,101.12547051048021,1.6279733968799488e-17,0.0008144311572378376,0.0006231579448499278,
5b9985cfa5,40000,613,1955470,19554.7,101.12547051048021,1.4923597229091524e-17,0.0008144311572378376,0.0006521464021949134,
5b9985cfa5,40000,614,1958660,19586.6,101.12547051048021,1.4848959550706662e-17,0.0008144311572378376,0.0006266281866885036,
5b9985cfa5,40000,615,1961850,19618.5,101.12547051048021,2.6218018132418882e-17,0.0008144311572378376,0.0006140061863857399,
5b9985cfa5,40000,616,1965040,19650.4,101.12547051048021,6.017025633941626e-17,0.0008144311572378376,0.000641159181004489,
5b9985cfa5,40000,617,1968230,19682.3,101.12547051048021,1.7571477385641793e-17,0.0008144311572378376,0.0006298075966661134,
5b9985cfa5,40000,618,1971420,19714.2,101.12547051048021,2.925000679037786e-17,0.0008144311572378376,0.0006768473616302147,
5b9985cfa5,40000,619,1974610,19746.1,101.12547051048021,2.595215524646722e-17,0.0008144311572378376,0.0006622347793482333,
5b9985cfa5,40000,620,1977800,19778.0,101.12547051048021,2.7129387052635858e-17,0.0008144311572378376,0.0005709230719237697,
5b9985cfa5,40000,621,1980990,19809.9,101.12547051048021,1.3892724529584772e-17,0.0008144311572378376,0.0006876341415448788,
5b9985cfa5,40000,622,1984180,19841.8,101.12547051048021,1.488956122362503e-17,0.0008144311572378376,0.0006582035453527158,
5b9985cfa5,40000,623,1987370,19873.7,101.12547051048021,1.46438138086868e-17,0.0008144311572378376,0.0006487037725130955,
5b9985cfa5,40000,624,1990560,19905.6,101.12547051048021,2.2661015926358862e-17,0.0008144311572378376,0.0006470798150764392,
5b9985cfa5,40000,625,1993750,19937.5,101.12547051048021,1.6284201056381586e-17,0.0008144311572378376,0.0005562996044676205,
5b9985cfa5,40000,626,1996940,19969.4,101.12547051048021,3.305073047846717e-17,0.0008144311572378376,0.0005890690487289472,
5b9985cfa5,40000,627,2000130,20001.3,101.12547051048021,2.538283808108647e-17,0.0008144311572378376,0.0006201903645987578,
5b9985cfa5,40000,628,2003320,20033.2,101.12547051048021,2.6200733738631716e-17,0.0008144311572378376,0.0006256062847581735,
5b9985cfa5,40000,629,2006510,20065.1,101.12547051048021,2.4760087777039128e-17,0.0008144311572378376,0.0006799046180653676,
5b9985cfa5,40000,630,2009700,20097.0,101.12547051048021,2.1579661917937872e-17,0.0008144311572378376,0.0006429212502717657,
5b9985cfa5,40000,631,2012890,20128.9,101.12547051048021,1.582731908003787e-17,0.0008144311572378376,0.0006741650369917065,
5b9985cfa5,40000,632,2016080,20160.8,101.12547051048021,3.0025377824037866e-17,0.0008144311572378376,0.0006240797455539828,
5b9985cfa5,40000,633,2019270,20192.7,101.12547051048021,1.3719695674828295e-17,0.0008144311572378376,0.0006659374716771658,
5b9985cfa5,40000,634,2022460,20224.6,101.12547051048021,2.4782771511032766e-17,0.0008144311572378376,0.0006959699255921174,
5b9985cfa5,40000,635,2025650,20256.5,101.12547051048021,1.9890433254449428e-17,0.0008144311572378376,0.0006582551272193633,
5b9985cfa5,40000,636,2028840,20288.4,101.12547051048021,2.958948219660177e-17,0.0008144311572378376,0.0005599101819816262,
5b9985cfa5,40000,637,2032030,20320.3,101.12547051048021,2.211020427447841e-17,0.0008144311572378376,0.0006510302222430304,
5b9985cfa5,40000,638,2035220,20352.2,101.12547051048021,1.489287107093004e-17,0.0008144311572378376,0.0006340840353636149,
5b9985cfa5,40000,639,2038410,20384.1,101.12547051048021,2.630007167693014e-17,0.0008144311572378376,0.0006431399888648877,
5b9985cfa5,40000,640,2041600,20416.0,101.12547051048021,1.6659688835625945e-17,0.0008144311572378376,0.0006442107554051764,
5b9985cfa5,40000,641,2044790,20447.9,101.12547051048021,1.3534134805083694e-17,0.0008144311572378376,0.0006844440603446711,
5b9985cfa5,40000,642,2047980,20479.8,101.12547051048021,2.049902061791349e-17,0.0008144311572378376,0.0006367933354371542,
5b9985cfa5,40000,643,2051170,20511.7,101.12547051048021,1.6918857248942205e-17,0.0008144311572378376,0.0006383674785962807,
5b9985cfa5,40000,644,2054360,20543.6,101.12547051048021,1.8288558137382655e-17,0.0008144311572378376,0.0006241862830467775,
5b9985cfa5,40000,645,2057550,20575.5,101.12547051048021,1.59507340401063e-17,0.0008144311572378376,0.0006004362498968613,
5b9985cfa5,40000,646,2060740,20607.4,101.12547051048021,1.3771618761223973e-17,0.0008144311572378376,0.0006094797394575548,
5b9985cfa5,40000,647,2063930,20639.3,101.12547051048021,2.3250582479457863e-17,0.0008144311572378376,0.0005905345534893049,
5b9985cfa5,40000,648,2067120,20671.2,101.12547051048021,1.5337050150663165e-17,0.0008144311572378376,0.0006072643112606108,
5b9985cfa5,40000,649,2070310,20703.1,101.12547051048021,1.469939664426592e-17,0.0008144311572378376,0.0006395293907393809,
5b9985cfa5,40000,650,2073500,20735.0,101.12547051048021,1.47546832101836e-17,0.0008144311572378376,0.0005897487443444251,
5b9985cfa5,40000,651,2076690,20766.9,101.12547051048021,1.5679692187843737e-17,0.0008144311572378376,0.0006220180758451645,
5b9985cfa5,40000,652,2079880,20798.8,101.12547051048021,1.4963671370958445e-17,0.0008144311572378376,0.0005913806604570365,
5b9985cfa5,40000,653,2083070,20830.7,101.12547051048021,1.734923275292682e-17,0.0008144311572378376,0.000561600521270365,
5b9985cfa5,40000,654,2086260,20862.6,101.12547051048021,3.927625215453955e-17,0.0008144311572378376,0.0006651206928061724,
5b9985cfa5,40000,655,2089450,20894.5,101.12547051048021,3.28424952942627e-17,0.0008144311572378376,0.0006705693842583718,
5b9985cfa5,40000,656,2092640,20926.4,101.12547051048021,2.11515443284377e-17,0.0008144311572378376,0.0006315319700151949,
5b9985cfa5,40000,657,2095830,20958.3,101.12547051048021,1.4884679352082352e-17,0.0008144311572378376,0.0006530450854214705,
5b9985cfa5,40000,658,2099020,20990.2,101.12547051048021,1.38636222765009e-17,0.0008144311572378376,0.0006178998945455226,
5b9985cfa5,40000,659,2102210,21022.1,101.12547051048021,1.469975213580157e-17,0.0008144311572378376,0.0005796094777711135,
5b9985cfa5,40000,660,2105400,21054.0,101.12547051048021,1.7658775889918565e-17,0.0008144311572378376,0.0005909638180644745,
5b9985cfa5,40000,661,2108590,21085.9,101.12547051048021,1.3089470345011254e-17,0.0008144311572378376,0.0006213779867497183,
5b9985cfa5,40000,662,2111780,21117.8,101.12547051048021,3.0925239138979835e-17,0.0008144311572378376,0.0006601066781879867,
5b9985cfa5,40000,663,2114970,21149.7,101.12547051048021,2.6332737570230858e-17,0.0008144311572378376,0.0005993852386772092,
5b9985cfa5,40000,664,2118160,21181.6,101.12547051048021,2.963465901964767e-17,0.0008144311572378376,0.0006629145343161841,
5b9985cfa5,40000,665,2121350,21213.5,101.12547051048021,1.911822399591773e-17,0.0008144311572378376,0.0006867886772833064,
5b9985cfa5,40000,666,2124540,21245.4,101.12547051048021,1.5504160355376167e-17,0.0008144311572378376,0.0006009468054593596,
5b9985cfa5,40000,667,2127730,21277.3,101.12547051048021,9.758271815653209e-18,0.0008144311572378376,0.0006243147751168691,
5b9985cfa5,40000,668,2130920,21309.2,101.12547051048021,1.5590453867480077e-17,0.0008144311572378376,0.0005499365764075702,
5b9985cfa5,40000,669,2134110,21341.1,101.12547051048021,1.971096586489449e-17,0.0008144311572378376,0.0006125496636052014,
5b9985cfa5,40000,670,2137300,21373.0,101.12547051048021,3.584253654553468e-17,0.0008144311572378376,0.0005865861551920952,
5b9985cfa5,40000,671,2140490,21404.9,101.12547051048021,1.477123826845043e-17,0.0008144311572378376,0.0006351338221730065,
5b9985cfa5,40000,672,2143680,21436.8,101.12547051048021,2.6732964742260895e-17,0.0008144311572378376,0.0006128781054313083,
5b9985cfa5,40000,673,2146870,21468.7,101.12547051048021,9.267720523785298e-18,0.0008144311572378376,0.000627570249966211,
5b9985cfa5,40000,674,2150060,21500.6,101.12547051048021,1.9787125908929994e-17,0.0008144311572378376,0.0006435910948370432,
5b9985cfa5,40000,675,2153250,21532.5,101.12547051048021,2.1778208041679487e-17,0.0008144311572378376,0.0005735431929694934,
5b9985cfa5,40000,676,2156440,21564.4,101.12547051048021,2.919998876072298e-17,0.0008144311572378376,0.0005864484248834893,
5b9985cfa5,40000,677,2159630,21596.3,101.12547051048021,1.6486791604591596e-17,0.0008144311572378376,0.0006249932945667727,
5b9985cfa5,40000,678,2162820,21628.2,101.12547051048021,9.776734621921456e-18,0.0008144311572378376,0.0006007174814839282,
5b9985cfa5,40000,679,2166010,21660.1,101.12547051048021,2.0928516692920883e-17,0.0008144311572378376,0.0006697621731209363,
5b9985cfa5,40000,680,2169200,21692.0,101.12547051048021,2.0014188765332055e-17,0.0008144311572378376,0.0005652014142038094,
5b9985cfa5,40000,681,2172390,21723.9,101.12547051048021,5.09961063446722e-17,0.0008144311572378376,0.0006546306300157698,
5b9985cfa5,40000,682,2175580,21755.8,101.12547051048021,1.482110367931432e-17,0.0008144311572378376,0.0006832586976277589,
5b9985cfa5,40000,683,2178770,21787.7,101.12547051048021,2.614149331243331e-17,0.0008144311572378376,0.0006345850808841462,
5b9985cfa5,40000,684,2181960,21819.6,101.12547051048021,1.3297852989896064e-17,0.0008144311572378376,0.0006257449117529338,
5b9985cfa5,40000,685,2185150,21851.5,101.12547051048021,1.4780477629724817e-17,0.0008144311572378376,0.0006618745356021756,
5b9985cfa5,40000,686,2188340,21883.4,101.12547051048021,2.4601438436405056e-17,0.0008144311572378376,0.0006617949767736822,
5b9985cfa5,40000,687,2191530,21915.3,101.12547051048021,1.818988670936324e-17,0.0008144311572378376,0.0006639038711730592,
5b9985cfa5,40000,688,2194720,21947.2,101.12547051048021,1.6773094658527188e-17,0.0008144311572378376,0.0006456753689268357,
5b9985cfa5,40000,689,2197910,21979.1,101.12547051048021,2.366018494079855e-17,0.0008144311572378376,0.0006434296357471315,
5b9985cfa5,40000,690,2201100,22011.0,101.12547051048021,3.154518323726261e-17,0.0008144311572378376,0.0006797070911073218,
5b9985cfa5,40000,691,2204290,22042.9,101.12547051048021,1.525283810666493e-17,0.0008144311572378376,0.0006153787413156915,
5b9985cfa5,40000,692,2207480,22074.8,101.12547051048021,3.307028943652766e-17,0.0008144311572378376,0.0006239449813916539,
5b9985cfa5,40000,693,2210670,22106.7,101.12547051048021,2.477212490473696e-17,0.0008144311572378376,0.0006440957870111343,
5b9985cfa5,40000,694,2213860,22138.6,101.12547051048021,1.3984323062455125e-17,0.0008144311572378376,0.0006503449171109962,
5b9985cfa5,40000,695,2217050,22170.5,101.12547051048021,2.2773005411051724e-17,0.0008144311572378376,0.0006144394873383115,
5b9985cfa5,40000,696,2220240,22202.4,101.12547051048021,1.6360914328474673e-17,0.0008144311572378376,0.0005904674501645006,
5b9985cfa5,40000,697,2223430,22234.3,101.12547051048021,1.7372878213386933e-17,0.0008144311572378376,0.0005767040965083728,
5b9985cfa5,40000,698,2226620,22266.2,101.12547051048021,2.999640036404292e-17,0.0008144311572378376,0.000561607776428922,
5b9985cfa5,40000,699,2229810,22298.1,101.12547051048021,1.8479220136885442e-17,0.0008144311572378376,0.0006247843557547425,
5b9985cfa5,40000,700,2233000,22330.0,101.12547051048021,1.604417229407164e-17,0.0008144311572378376,0.0005529394762476195,
5b9985cfa5,40000,701,2236190,22361.9,101.12547051048021,3.270155941592593e-17,0.0008144311572378376,0.0006076996359652319,
5b9985cfa5,40000,702,2239380,22393.8,101.12547051048021,3.177810639927856e-17,0.0008144311572378376,0.0005953232340693845,
5b9985cfa5,40000,703,2242570,22425.7,101.12547051048021,2.1408739588697832e-17,0.0008144311572378376,0.0006284818124893594,
5b9985cfa5,40000,704,2245760,22457.6,101.12547051048021,1.1724547828907264e-17,0.0008144311572378376,0.0005661623445440809,
5b9985cfa5,40000,705,2248950,22489.5,101.12547051048021,1.7826378885257234e-17,0.0008144311572378376,0.0006340747157504763,
5b9985cfa5,40000,706,2252140,22521.4,101.12547051048021,1.5449632253146316e-17,0.0008144311572378376,0.0006558159141687321,
5b9985cfa5,40000,707,2255330,22553.3,101.12547051048021,1.459237486630362e-17,0.0008144311572378376,0.0006217014226172794,
5b9985cfa5,40000,708,2258520,22585.2,101.12547051048021,2.915856659981973e-17,0.0008144311572378376,0.0006526095456917542,
5b9985cfa5,40000,709,2261710,22617.1,101.12547051048021,2.57668061351758e-17,0.0008144311572378376,0.000627855411426212,
5b9985cfa5,40000,710,2264900,22649.0,101.12547051048021,9.698952131584413e-18,0.0008144311572378376,0.0006026704532570865,
5b9985cfa5,40000,711,2268090,22680.9,101.12547051048021,9.312282324427003e-18,0.0008144311572378376,0.0006192917174971331,
5b9985cfa5,40000,712,2271280,22712.8,101.12547051048021,1.7303696363968817e-17,0.0008144311572378376,0.0006319286306816064,
5b9985cfa5,40000,713,2274470,22744.7,101.12547051048021,1.4294090146751015e-17,0.0008144311572378376,0.000647514697876025,
5b9985cfa5,40000,714,2277660,22776.6,101.12547051048021,2.8992485414655805e-17,0.0008144311572378376,0.0006336928814541111,
5b9985cfa5,40000,715,2280850,22808.5,101.12547051048021,2.00810356843261e-17,0.0008144311572378376,0.0005518431427964964,
5b9985cfa5,40000,716,2284040,22840.4,101.12547051048021,1.2153552902976897e-17,0.0008144311572378376,0.0006099857462887112,
5b9985cfa5,40000,717,2287230,22872.3,101.12547051048021,4.479500148062122e-17,0.0008144311572378376,0.000638513980465642,
5b9985cfa5,40000,718,2290420,22904.2,101.12547051048021,2.426946035802069e-17,0.0008144311572378376,0.0006146988521248389,
5b9985cfa5,40000,719,2293610,22936.1,101.12547051048021,2.5167432614826326e-17,0.0008144311572378376,0.0005988246350490735,
5b9985cfa5,40000,720,2296800,22968.0,101.12547051048021,2.4371972154897394e-17,0.0008144311572378376,0.0006466561971713086,
5b9985cfa5,40000,721,2299990,22999.9,101.12547051048021,1.883374288677755e-17,0.0008144311572378376,0.0006187891450361755,
5b9985cfa5,40000,722,2303180,23031.8,101.12547051048021,2.804814119357086e-17,0.0008144311572378376,0.0006405042914425513,
5b9985cfa5,40000,723,2306370,23063.7,101.12547051048021,1.5519329625990162e-17,0.0008144311572378376,0.0006052346008073475,
5b9985cfa5,40000,724,2309560,23095.6,101.12547051048021,1.1679597025675924e-17,0.0008144311572378376,0.0005797789814702061,
5b9985cfa5,40000,725,2312750,23127.5,101.12547051048021,1.700084392805048e-17,0.0008144311572378376,0.0006163787210938008,
5b9985cfa5,40000,726,2315940,23159.4,101.12547051048021,1.4678316890113635e-17,0.0008144311572378376,0.0006248001651299801,
5b9985cfa5,40000,727,2319130,23191.3,101.12547051048021,1.8225075507266012e-17,0.0008144311572378376,0.0005540868073765377,
5b9985cfa5,40000,728,2322320,23223.2,101.12547051048021,2.1000187860805404e-17,0.0008144311572378376,0.000616948990911008,
5b9985cfa5,40000,729,2325510,23255.1,101.12547051048021,2.9743626894538424e-17,0.0008144311572378376,0.0006449571297159165,
5b9985cfa5,40000,730,2328700,23287.0,101.12547051048021,2.518642735630294e-17,0.0008144311572378376,0.0006503931865386549,
5b9985cfa5,40000,731,2331890,23318.9,101.12547051048021,2.990749004088706e-17,0.0008144311572378376,0.0006378722918821288,
5b9985cfa5,40000,732,2335080,23350.8,101.12547051048021,4.299744621119307e-17,0.0008144311572378376,0.0006051580004829151,
5b9985cfa5,40000,733,2338270,23382.7,101.12547051048021,7.302116851662965e-17,0.0008144311572378376,0.0006015424367542122,
5b9985cfa5,40000,734,2341460,23414.6,101.12547051048021,2.0812160943638138e-17,0.0008144311572378376,0.0005588276148805467,
5b9985cfa5,40000,735,2344650,23446.5,101.12547051048021,3.338357609724906e-17,0.0008144311572378376,0.0006007103704913748,
5b9985cfa5,40000,736,2347840,23478.4,101.12547051048021,2.462362159949669e-17,0.0008144311572378376,0.0006716171521369536,
5b9985cfa5,40000,737,2351030,23510.3,101.12547051048021,1.8747659128201857e-17,0.0008144311572378376,0.0006182554554797192,
5b9985cfa5,40000,738,2354220,23542.2,101.12547051048021,3.4663324755675515e-17,0.0008144311572378376,0.0006739258313020048,
5b9985cfa5,40000,739,2357410,23574.1,101.12547051048021,1.7312310493991153e-17,0.0008144311572378376,0.0006229497387059401,
5b9985cfa5,40000,740,2360600,23606.0,101.12547051048021,1.4679188249722558e-17,0.0008144311572378376,0.0005941359263464241,
5b9985cfa5,40000,741,2363790,23637.9,101.12547051048021,1.5573288224235395e-17,0.0008144311572378376,0.0006525797893350572,
5b9985cfa5,40000,742,2366980,23669.8,101.12547051048021,4.901822527590156e-17,0.0008144311572378376,0.0005915773178776661,
5b9985cfa5,40000,743,2370170,23701.7,101.12547051048021,3.353427099486933e-17,0.0008144311572378376,0.0006650938875300494,
5b9985cfa5,40000,744,2373360,23733.6,101.12547051048021,7.928897752376644e-18,0.0008144311572378376,0.0006523923173580805,
5b9985cfa5,40000,745,2376550,23765.5,101.12547051048021,3.372484948977576e-17,0.0008144311572378376,0.0006302930302118881,
5b9985cfa5,40000,746,2379740,23797.4,101.12547051048021,4.334043508340329e-17,0.0008144311572378376,0.00058132205539497,
5b9985cfa5,40000,747,2382930,23829.3,101.12547051048021,4.8427125730683466e-17,0.0008144311572378376,0.0005899955003212433,
5b9985cfa5,40000,748,2386120,23861.2,101.12547051048021,3.026027181482748e-17,0.0008144311572378376,0.0006280947686921566,
5b9985cfa5,40000,749,2389310,23893.1,101.12547051048021,2.912794520850854e-17,0.0008144311572378376,0.0005967183225145183,
5b9985cfa5,40000,750,2392500,23925.0,101.12547051048021,1.8353690472784694e-17,0.0008144311572378376,0.0006319105709892971,
5b9985cfa5,40000,751,2395690,23956.9,101.12547051048021,2.1325086634545153e-17,0.0008144311572378376,0.0006352243534078951,
5b9985cfa5,40000,752,2398880,23988.8,101.12547051048021,1.8826790716025487e-17,0.0008144311572378376,0.0005967657080255157,
5b9985cfa5,40000,753,2402070,24020.7,101.12547051048021,1.1034238497924515e-17,0.0008144311572378376,0.0006299293531404775,
5b9985cfa5,40000,754,2405260,24052.6,101.12547051048021,2.8560701559952367e-17,0.0008144311572378376,0.0006184502915849416,
5b9985cfa5,40000,755,2408450,24084.5,101.12547051048021,3.167212278683938e-17,0.0008144311572378376,0.0006105282208511543,
5b9985cfa5,40000,756,2411640,24116.4,101.12547051048021,1.5609734137570778e-17,0.0008144311572378376,0.000630410859559837,
5b9985cfa5,40000,757,2414830,24148.3,101.12547051048021,1.574926761748611e-17,0.0008144311572378376,0.0006876331700696269,
5b9985cfa5,40000,758,2418020,24180.2,101.12547051048021,1.6157530850236615e-17,0.0008144311572378376,0.0006246967340817365,
5b9985cfa5,40000,759,2421210,24212.1,101.12547051048021,2.477108421276298e-17,0.0008144311572378376,0.000631562199140331,
5b9985cfa5,40000,760,2424400,24244.0,101.12547051048021,2.9923333929798557e-17,0.0008144311572378376,0.0006399432321276054,
5b9985cfa5,40000,761,2427590,24275.9,101.12547051048021,3.913594879657983e-17,0.0008144311572378376,0.0006786940081759906,
5b9985cfa5,40000,762,2430780,24307.8,101.12547051048021,1.7653664533517535e-17,0.0008144311572378376,0.0006110652721602615,
5b9985cfa5,40000,763,2433970,24339.7,101.12547051048021,3.2818563533767213e-17,0.0008144311572378376,0.0005877910678698249,
5b9985cfa5,40000,764,2437160,24371.6,101.12547051048021,2.050826131158419e-17,0.0008144311572378376,0.0006807635419656038,
5b9985cfa5,40000,765,2440350,24403.5,101.12547051048021,2.9740315184706317e-17,0.0008144311572378376,0.0006266051761036934,
5b9985cfa5,40000,766,2443540,24435.4,101.12547051048021,1.484694307093709e-17,0.0008144311572378376,0.0006272133711423778,
5b9985cfa5,40000,767,2446730,24467.3,101.12547051048021,2.2829282131935016e-17,0.0008144311572378376,0.0006446805618020345,
5b9985cfa5,40000,768,2449920,24499.2,101.12547051048021,2.1577865735668285e-17,0.0008144311572378376,0.0006556756647448005,
5b9985cfa5,40000,769,2453110,24531.1,101.12547051048021,3.083116731742684e-17,0.0008144311572378376,0.000550113607692442,
5b9985cfa5,40000,770,2456300,24563.0,101.12547051048021,1.4799693120166915e-17,0.0008144311572378376,0.0006224315967417722,
5b9985cfa5,40000,771,2459490,24594.9,101.12547051048021,1.9225056791404098e-17,0.0008144311572378376,0.0006054805580598589,
5b9985cfa5,40000,772,2462680,24626.8,101.12547051048021,1.9887184434205635e-17,0.0008144311572378376,0.0005659956290087608,
5b9985cfa5,40000,773,2465870,24658.7,101.12547051048021,2.910846327561761e-17,0.0008144311572378376,0.0006255963538059208,
5b9985cfa5,40000,774,2469060,24690.6,101.12547051048021,2.3346867606068958e-17,0.0008144311572378376,0.0006444552735896659,
5b9985cfa5,40000,775,2472250,24722.5,101.12547051048021,2.384603583240555e-17,0.0008144311572378376,0.0006569194668122373,
5b9985cfa5,40000,776,2475440,24754.4,101.12547051048021,2.1964273330960586e-17,0.0008144311572378376,0.0006216357177924692,
5b9985cfa5,40000,777,2478630,24786.3,101.12547051048021,2.954988212469891e-17,0.0008144311572378376,0.0006230717786241577,
5b9985cfa5,40000,778,2481820,24818.2,101.12547051048021,2.2946657735879364e-17,0.0008144311572378376,0.0006638361271873844,
5b9985cfa5,40000,779,2485010,24850.1,101.12547051048021,2.626994991698185e-17,0.0008144311572378376,0.0006177103333590083,
5b9985cfa5,40000,780,2488200,24882.0,101.12547051048021,1.4766033613687886e-17,0.0008144311572378376,0.0005894396043679149,
5b9985cfa5,40000,781,2491390,24913.9,101.12547051048021,1.477897631034687e-17,0.0008144311572378376,0.0006536931461754475,
5b9985cfa5,40000,782,2494580,24945.8,101.12547051048021,2.7141246689393897e-17,0.0008144311572378376,0.0007034359148027992,
5b9985cfa5,40000,783,2497770,24977.7,101.12547051048021,1.8346011091790736e-17,0.0008144311572378376,0.0006053001390541442,
5b9985cfa5,40000,784,2500960,25009.6,101.12547051048021,1.7892544786915065e-17,0.0008144311572378376,0.0006548366375659996,
5b9985cfa5,40000,785,2504150,25041.5,101.12547051048021,1.8749659319472743e-17,0.0008144311572378376,0.0006255868286035504,
5b9985cfa5,40000,786,2507340,25073.4,101.12547051048021,1.90696445981215e-17,0.0008144311572378376,0.0006562802201257124,
5b9985cfa5,40000,787,2510530,25105.3,101.12547051048021,1.688543402136037e-17,0.0008144311572378376,0.0006383476728927113,
5b9985cfa5,40000,788,2513720,25137.2,101.12547051048021,1.83326987344386e-17,0.0008144311572378376,0.0006260438870790273,
5b9985cfa5,40000,789,2516910,25169.1,101.12547051048021,1.5864811543681212e-17,0.0008144311572378376,0.0006472269138624851,
5b9985cfa5,40000,790,2520100,25201.0,101.12547051048021,2.9047552435579704e-17,0.0008144311572378376,0.0006660022973979091,
5b9985cfa5,40000,791,2523290,25232.9,101.12547051048021,1.8234892160118813e-17,0.0008144311572378376,0.0006133779277181208,
5b9985cfa5,40000,792,2526480,25264.8,101.12547051048021,1.3740663765584437e-17,0.0008144311572378376,0.0006338723711133445,
5b9985cfa5,40000,793,2529670,25296.7,101.12547051048021,2.976746841081251e-17,0.0008144311572378376,0.0005220390040446197,
5b9985cfa5,40000,794,2532860,25328.6,101.12547051048021,3.5855507695836285e-17,0.0008144311572378376,0.0006376328988344074,
5b9985cfa5,40000,795,2536050,25360.5,101.12547051048021,3.64394216637386e-17,0.0008144311572378376,0.0006869621714580319,
5b9985cfa5,40000,796,2539240,25392.4,101.12547051048021,4.696220523955963e-17,0.0008144311572378376,0.0005891927144933446,
5b9985cfa5,40000,797,2542430,25424.3,101.12547051048021,3.55629327749285e-17,0.0008144311572378376,0.0006411663760448183,
5b9985cfa5,40000,798,2545620,25456.2,101.12547051048021,2.229438121144764e-17,0.0008144311572378376,0.0005867949631478209,
5b9985cfa5,40000,799,2548810,25488.1,101.12547051048021,4.7584230247127575e-17,0.0008144311572378376,0.0006693934154388768,
5b9985cfa5,40000,800,2552000,25520.0,101.12547051048021,3.140397530869792e-17,0.0008144311572378376,0.0005608464865062676,
5b9985cfa5,40000,801,2555190,25551.9,101.12547051048021,1.6819290139564433e-17,0.0008144311572378376,0.0006230502538476398,
5b9985cfa5,40000,802,2558380,25583.8,101.12547051048021,3.360922214789122e-17,0.0008144311572378376,0.0007115147602216358,
5b9985cfa5,40000,803,2561570,25615.7,101.12547051048021,3.484054184017755e-17,0.0008144311572378376,0.0006312666815307817,
5b9985cfa5,40000,804,2564760,25647.6,101.12547051048021,4.487120055785524e-17,0.0008144311572378376,0.0006378042600120265,
5b9985cfa5,40000,805,2567950,25679.5,101.12547051048021,2.304661923482756e-17,0.0008144311572378376,0.0005281034750433032,
5b9985cfa5,40000,806,2571140,25711.4,101.12547051048021,3.051999402854096e-17,0.0008144311572378376,0.0006205288738800967,
5b9985cfa5,40000,807,2574330,25743.3,101.12547051048021,1.4506758023941783e-17,0.0008144311572378376,0.0005870125649942011,
5b9985cfa5,40000,808,2577520,25775.2,101.12547051048021,5.237284676041872e-17,0.0008144311572378376,0.0006611857276776919,
5b9985cfa5,40000,809,2580710,25807.1,101.12547051048021,2.4192132167781152e-17,0.0008144311572378376,0.0006328744935619419,
5b9985cfa5,40000,810,2583900,25839.0,101.12547051048021,2.389160932982498e-17,0.0008144311572378376,0.0006522970765715148,
5b9985cfa5,40000,811,2587090,25870.9,101.12547051048021,1.5738395869896932e-17,0.0008144311572378376,0.0006310874256715621,
5b9985cfa5,40000,812,2590280,25902.8,101.12547051048021,2.369118365254404e-17,0.0008144311572378376,0.0005613320281051312,
5b9985cfa5,40000,813,2593470,25934.7,101.12547051048021,2.285185655939999e-17,0.0008144311572378376,0.0006211069242734576,
5b9985cfa5,40000,814,2596660,25966.6,101.12547051048021,3.0102159917159274e-17,0.0008144311572378376,0.0006547195510448348,
5b9985cfa5,40000,815,2599850,25998.5,101.12547051048021,2.3053726278673933e-17,0.0008144311572378376,0.0005940299045535425,
5b9985cfa5,40000,816,2603040,26030.4,101.12547051048021,3.0261706555253455e-17,0.0008144311572378376,0.0006563114633129,
5b9985cfa5,40000,817,2606230,26062.3,101.12547051048021,2.1021767832753076e-17,0.0008144311572378376,0.0006455470904339796,
5b9985cfa5,40000,818,2609420,26094.2,101.12547051048021,1.633349770830601e-17,0.0008144311572378376,0.0006624012561479422,
5b9985cfa5,40000,819,2612610,26126.1,101.12547051048021,1.578285236390202e-17,0.0008144311572378376,0.0006385591123994051,
5b9985cfa5,40000,820,2615800,26158.0,101.12547051048021,3.6595187459430544e-17,0.0008144311572378376,0.0006580591667647554,
5b9985cfa5,40000,821,2618990,26189.9,101.12547051048021,1.2864520769987211e-17,0.0008144311572378376,0.0006870106149321675,
5b9985cfa5,40000,822,2622180,26221.8,101.12547051048021,1.6093390333705937e-17,0.0008144311572378376,0.0006324559860729568,
5b9985cfa5,40000,823,2625370,26253.7,101.12547051048021,1.879177740459182e-17,0.0008144311572378376,0.0006623659788576112,
5b9985cfa5,40000,824,2628560,26285.6,101.12547051048021,1.7616011267330402e-17,0.0008144311572378376,0.0006542115782988038,
5b9985cfa5,40000,825,2631750,26317.5,101.12547051048021,1.656452330161945e-17,0.0008144311572378376,0.0006273785342339437,
5b9985cfa5,40000,826,2634940,26349.4,101.12547051048021,1.3571395875507934e-17,0.0008144311572378376,0.0005790167647396893,
5b9985cfa5,40000,827,2638130,26381.3,101.12547051048021,3.0038325005858626e-17,0.0008144311572378376,0.0006570096326004147,
5b9985cfa5,40000,828,2641320,26413.2,101.12547051048021,2.152800057764714e-17,0.0008144311572378376,0.0006223083674868058,
5b9985cfa5,40000,829,2644510,26445.1,101.12547051048021,1.5162896896287466e-17,0.0008144311572378376,0.0006528976274160533,
5b9985cfa5,40000,830,2647700,26477.0,101.12547051048021,3.741009195485558e-17,0.0008144311572378376,0.0006983328212938886,
5b9985cfa5,40000,831,2650890,26508.9,101.12547051048021,2.9830790140769235e-17,0.0008144311572378376,0.0006161441454138278,
5b9985cfa5,40000,832,2654080,26540.8,101.12547051048021,1.9623051464586832e-17,0.0008144311572378376,0.0006143939252277999,
5b9985cfa5,40000,833,2657270,26572.7,101.12547051048021,1.4866413085770228e-17,0.0008144311572378376,0.0006363845933157834,
5b9985cfa5,40000,834,2660460,26604.6,101.12547051048021,2.799696334234379e-17,0.0008144311572378376,0.0006540516763520108,
5b9985cfa5,40000,835,2663650,26636.5,101.12547051048021,1.1433729485146153e-17,0.0008144311572378376,0.0005034149409560605,
5b9985cfa5,40000,836,2666840,26668.4,101.12547051048021,1.2742068028268311e-17,0.0008144311572378376,0.0006842867199946409,
5b9985cfa5,40000,837,2670030,26700.3,101.12547051048021,1.6430764984293928e-17,0.0008144311572378376,0.0006600028351565246,
5b9985cfa5,40000,838,2673220,26732.2,101.12547051048021,1.9783753954819035e-17,0.0008144311572378376,0.0006109976944104749,
5b9985cfa5,40000,839,2676410,26764.1,101.12547051048021,4.0879941856492845e-17,0.0008144311572378376,0.0006333534686724742,
5b9985cfa5,40000,840,2679600,26796.0,101.12547051048021,3.3189850889934546e-17,0.0008144311572378376,0.0006185589731515453,
5b9985cfa5,40000,841,2682790,26827.9,101.12547051048021,2.7953272140268395e-17,0.0008144311572378376,0.0006957259638142441,
5b9985cfa5,40000,842,2685980,26859.8,101.12547051048021,1.9192470438473228e-17,0.0008144311572378376,0.0005972846660409545,
5b9985cfa5,40000,843,2689170,26891.7,101.12547051048021,1.699932858766631e-17,0.0008144311572378376,0.000628607172139083,
5b9985cfa5,40000,844,2692360,26923.6,101.12547051048021,1.6879089552154275e-17,0.0008144311572378376,0.0005917097836363533,
5b9985cfa5,40000,845,2695550,26955.5,101.12547051048021,2.988433040408394e-17,0.0008144311572378376,0.0006292449504458757,
5b9985cfa5,40000,846,2698740,26987.4,101.12547051048021,2.057789684070867e-17,0.0008144311572378376,0.0006452081137082876,
5b9985cfa5,40000,847,2701930,27019.3,101.12547051048021,2.5398859100436742e-17,0.0008144311572378376,0.000614248061989642,
5b9985cfa5,40000,848,2705120,27051.2,101.12547051048021,2.377281427000824e-17,0.0008144311572378376,0.0005847882274094617,
5b9985cfa5,40000,849,2708310,27083.1,101.12547051048021,2.7504295354823777e-17,0.0008144311572378376,0.0005788525347455722,
5b9985cfa5,40000,850,2711500,27115.0,101.12547051048021,1.4310732560514736e-17,0.0008144311572378376,0.0006232057425671865,
5b9985cfa5,40000,851,2714690,27146.9,101.12547051048021,3.158406932561748e-17,0.0008144311572378376,0.0006692890061069795,
5b9985cfa5,40000,852,2717880,27178.8,101.12547051048021,2.5441319392055552e-17,0.0008144311572378376,0.0006310438882307756,
5b9985cfa5,40000,853,2721070,27210.7,101.12547051048021,1.385469355043575e-17,0.0008144311572378376,0.0005908756707778257,
5b9985cfa5,40000,854,2724260,27242.6,101.12547051048021,1.833718803564268e-17,0.0008144311572378376,0.0006464246915478157,
5b9985cfa5,40000,855,2727450,27274.5,101.12547051048021,2.4969620695430284e-17,0.0008144311572378376,0.0006737681002645333,
5b9985cfa5,40000,856,2730640,27306.4,101.12547051048021,1.500544102199387e-17,0.0008144311572378376,0.0006630135888751686,
5b9985cfa5,40000,857,2733830,27338.3,101.12547051048021,2.853101606185719e-17,0.0008144311572378376,0.0005819675667623796,
5b9985cfa5,40000,858,2737020,27370.2,101.12547051048021,3.271395015041236e-17,0.0008144311572378376,0.0006238321850024145,
5b9985cfa5,40000,859,2740210,27402.1,101.12547051048021,1.4843645481672353e-17,0.0008144311572378376,0.0006171690112994324,
5b9985cfa5,40000,860,2743400,27434.0,101.12547051048021,2.980762106184588e-17,0.0008144311572378376,0.0006470322811233376,
5b9985cfa5,40000,861,2746590,27465.9,101.12547051048021,3.1163947477770364e-17,0.0008144311572378376,0.0006180613946686658,
5b9985cfa5,40000,862,2749780,27497.8,101.12547051048021,2.9053786855332824e-17,0.0008144311572378376,0.0006452995433780969,
5b9985cfa5,40000,863,2752970,27529.7,101.12547051048021,2.5729283461207918e-17,0.0008144311572378376,0.0006658121638761532,
5b9985cfa5,40000,864,2756160,27561.6,101.12547051048021,2.168062929376762e-17,0.0008144311572378376,0.0006317909094512962,
5b9985cfa5,40000,865,2759350,27593.5,101.12547051048021,2.966313124894555e-17,0.0008144311572378376,0.0006505472049373902,
5b9985cfa5,40000,866,2762540,27625.4,101.12547051048021,1.6633486723258913e-17,0.0008144311572378376,0.0006054960913050316,
5b9985cfa5,40000,867,2765730,27657.3,101.12547051048021,1.6780760919056025e-17,0.0008144311572378376,0.0006901363613187746,
5b9985cfa5,40000,868,2768920,27689.2,101.12547051048021,1.4579135723083418e-17,0.0008144311572378376,0.0006677908930091312,
5b9985cfa5,40000,869,2772110,27721.1,101.12547051048021,2.5303893564663578e-17,0.0008144311572378376,0.0005884371753238781,
5b9985cfa5,40000,870,2775300,27753.0,101.12547051048021,2.945179852232694e-17,0.0008144311572378376,0.000616470320239879,
5b9985cfa5,40000,871,2778490,27784.9,101.12547051048021,2.230928397234236e-17,0.0008144311572378376,0.000646481014278862,
5b9985cfa5,40000,872,2781680,27816.8,101.12547051048021,1.425565842603661e-17,0.0008144311572378376,0.0005967043329340342,
5b9985cfa5,40000,873,2784870,27848.7,101.12547051048021,2.6593858330585598e-17,0.0008144311572378376,0.0006035895735231201,
5b9985cfa5,40000,874,2788060,27880.6,101.12547051048021,2.0140158168374045e-17,0.0008144311572378376,0.0006161040154003528,
5b9985cfa5,40000,875,2791250,27912.5,101.12547051048021,1.4781879133438638e-17,0.0008144311572378376,0.0006479260561582223,
5b9985cfa5,40000,876,2794440,27944.4,101.12547051048021,1.416932497381607e-17,0.0008144311572378376,0.0006137059999871206,
5b9985cfa5,40000,877,2797630,27976.3,101.12547051048021,2.8279684965042876e-17,0.0008144311572378376,0.0005918369807492416,
5b9985cfa5,40000,878,2800820,28008.2,101.12547051048021,1.5036908802213328e-17,0.0008144311572378376,0.0006468890854253348,
5b9985cfa5,40000,879,2804010,28040.1,101.12547051048021,1.6146037660436275e-17,0.0008144311572378376,0.0006139319264033255,
5b9985cfa5,40000,880,2807200,28072.0,101.12547051048021,2.6211865307851565e-17,0.0008144311572378376,0.0006120144952442747,
5b9985cfa5,40000,881,2810390,28103.9,101.12547051048021,2.0175796192807027e-17,0.0008144311572378376,0.0006014719052230378,
5b9985cfa5,40000,882,2813580,28135.8,101.12547051048021,2.3323682216560984e-17,0.0008144311572378376,0.0005773247168885785,
5b9985cfa5,40000,883,2816770,28167.7,101.12547051048021,1.761965995333323e-17,0.0008144311572378376,0.0006561249337897356,
5b9985cfa5,40000,884,2819960,28199.6,101.12547051048021,2.2559128371819077e-17,0.0008144311572378376,0.0006143385122984751,
5b9985cfa5,40000,885,2823150,28231.5,101.12547051048021,2.2582876538010896e-17,0.0008144311572378376,0.000677195451188426,
5b9985cfa5,40000,886,2826340,28263.4,101.12547051048021,1.4226710514197774e-17,0.0008144311572378376,0.000642760009275035,
5b9985cfa5,40000,887,2829530,28295.3,101.12547051048021,2.79111757065406e-17,0.0008144311572378376,0.0006559840998650188,
5b9985cfa5,40000,888,2832720,28327.2,101.12547051048021,1.5115759377509116e-17,0.0008144311572378376,0.0006271195615343784,
5b9985cfa5,40000,889,2835910,28359.1,101.12547051048021,1.4860415401555887e-17,0.0008144311572378376,0.0006454766542479302,
5b9985cfa5,40000,890,2839100,28391.0,101.12547051048021,2.094566084230601e-17,0.0008144311572378376,0.0006058963694966347,
5b9985cfa5,40000,891,2842290,28422.9,101.12547051048021,1.5874872531760104e-17,0.0008144311572378376,0.0006539575867456866,
5b9985cfa5,40000,892,2845480,28454.8,101.12547051048021,1.804719212482081e-17,0.0008144311572378376,0.0005834594395803206,
5b9985cfa5,40000,893,2848670,28486.7,101.12547051048021,1.7457773896151546e-17,0.0008144311572378376,0.0005486024673140968,
5b9985cfa5,40000,894,2851860,28518.6,101.12547051048021,1.494157813576482e-17,0.0008144311572378376,0.0006576120697626823,
5b9985cfa5,40000,895,2855050,28550.5,101.12547051048021,2.8099966475853345e-17,0.0008144311572378376,0.0006153122997799361,
5b9985cfa5,40000,896,2858240,28582.4,101.12547051048021,1.772468743361023e-17,0.0008144311572378376,0.0007019108655589891,
5b9985cfa5,40000,897,2861430,28614.3,101.12547051048021,1.5381208559160475e-17,0.0008144311572378376,0.0006230804061036067,
5b9985cfa5,40000,898,2864620,28646.2,101.12547051048021,1.290682360189024e-17,0.0008144311572378376,0.0006550591126176943,
5b9985cfa5,40000,899,2867810,28678.1,101.12547051048021,1.647610668671755e-17,0.0008144311572378376,0.0006358917599205328,
5b9985cfa5,40000,900,2871000,28710.0,101.12547051048021,1.5161226500502926e-17,0.0008144311572378376,0.0006319191136791966,
5b9985cfa5,40000,901,2874190,28741.9,101.12547051048021,1.535018943830056e-17,0.0008144311572378376,0.0006743221439992856,
5b9985cfa5,40000,902,2877380,28773.8,101.12547051048021,1.4602325787181873e-17,0.0008144311572378376,0.000599377612902441,
5b9985cfa5,40000,903,2880570,28805.7,101.12547051048021,2.4590609984709146e-17,0.0008144311572378376,0.0006285684264359407,
5b9985cfa5,40000,904,2883760,28837.6,101.12547051048021,1.7085970471855076e-17,0.0008144311572378376,0.0005544670805682684,
5b9985cfa5,40000,905,2886950,28869.5,101.12547051048021,1.489472122449554e-17,0.0008144311572378376,0.0006491362518818216,
5b9985cfa5,40000,906,2890140,28901.4,101.12547051048021,1.4844573068372388e-17,0.0008144311572378376,0.0006897762064266636,
5b9985cfa5,40000,907,2893330,28933.3,101.12547051048021,1.8883861948451977e-13,0.0008144311572378376,0.0005614881082394848,
5b9985cfa5,40000,908,2896520,28965.2,101.12547051030637,5.487281871987818e-16,0.001485400139472665,0.0011120784809219785,
5b9985cfa5,40000,909,2899710,28997.1,101.12547051019966,3.399357997898979e-17,0.0011205272030545093,0.0009056932090715079,
5b9985cfa5,40000,910,2902900,29029.0,101.12547051019966,3.8225552680308803e-17,0.0011205272030545093,0.0008185209173052672,
5b9985cfa5,40000,911,2906090,29060.9,101.12547051019966,1.2321129006664602e-16,0.0011205272030545093,0.0008974941879886111,
5b9985cfa5,40000,912,2909280,29092.8,101.12547051016396,9.607364314793978e-17,0.0010467664644259033,0.0008308848446629606,
5b9985cfa5,40000,913,2912470,29124.7,101.12547051016396,4.076056750874651e-17,0.0010467664644259033,0.0008568552114498575,
5b9985cfa5,40000,914,2915660,29156.6,101.12547051016396,1.0309439424696938e-16,0.0010467664644259033,0.0008054172441764562,
5b9985cfa5,40000,915,2918850,29188.5,101.12547051013827,1.1215767139080167e-17,0.0010861241612888347,0.0008596137224430178,
5b9985cfa5,40000,916,2922040,29220.4,101.12547051013827,1.582960380573998e-17,0.0010861241612888347,0.0008904109949409001,
5b9985cfa5,40000,917,2925230,29252.3,101.12547051013827,3.469484366194091e-17,0.0010861241612888347,0.0008417579451835967,
5b9985cfa5,40000,918,2928420,29284.2,101.12547051013827,4.868690347601583e-17,0.0010861241612888347,0.000786243444884338,
5b9985cfa5,40000,919,2931610,29316.1,101.12547051013827,4.501808140749497e-17,0.0010861241612888347,0.0008275379156830267,
5b9985cfa5,40000,920,2934800,29348.0,101.12547051013827,5.144868876825541e-17,0.0010861241612888347,0.0009137507521856841,
5b9985cfa5,40000,921,2937990,29379.9,101.12547051013827,5.167283359567015e-17,0.0010861241612888347,0.0008315178447465914,
5b9985cfa5,40000,922,2941180,29411.8,101.12547051013827,4.540904235528584e-17,0.0010861241612888347,0.0008168818822382398,
5b9985cfa5,40000,923,2944370,29443.7,101.12547051010877,2.3199807627975297e-17,0.0011083378369371362,0.0008753790205882034,
5b9985cfa5,40000,924,2947560,29475.6,101.12547051010877,3.6078943622008524e-17,0.0011083378369371362,0.000859689426204834,
5b9985cfa5,40000,925,2950750,29507.5,101.12547051010877,2.0386246219477783e-17,0.0011083378369371362,0.0009022807902122936,
5b9985cfa5,40000,926,2953940,29539.4,101.12547051010877,2.0310251597076e-17,0.0011083378369371362,0.0008594570107951314,
5b9985cfa5,40000,927,2957130,29571.3,101.12547051010877,6.410296272983729e-17,0.0011083378369371362,0.0008403897544871048,
5b9985cfa5,40000,928,2960320,29603.2,101.12547051010877,4.725147871674506e-17,0.0011083378369371362,0.0008526869700999734,
5b9985cfa5,40000,929,2963510,29635.1,101.12547051010877,3.8333886320223247e-17,0.0011083378369371362,0.0007985338540311782,
5b9985cfa5,40000,930,2966700,29667.0,101.12547051010877,4.781587098742121e-17,0.0011083378369371362,0.0009641451079034556,
5b9985cfa5,40000,931,2969890,29698.9,101.12547051010877,1.285888952888711e-17,0.0011083378369371362,0.0007778000475592736,
5b9985cfa5,40000,932,2973080,29730.8,101.12547051010877,4.027087390559352e-17,0.0011083378369371362,0.0009274231274514758,
5b9985cfa5,40000,933,2976270,29762.7,101.12547051010877,5.811127257748148e-17,0.0011083378369371362,0.0008349131823879117,
5b9985cfa5,40000,934,2979460,29794.6,101.12547051010877,6.015722995411946e-17,0.0011083378369371362,0.0008013152027319285,
5b9985cfa5,40000,935,2982650,29826.5,101.12547051010877,6.210952382008734e-17,0.0011083378369371362,0.0008055045681806387,
5b9985cfa5,40000,936,2985840,29858.4,101.12547051010877,3.503863787534765e-17,0.0011083378369371362,0.0007356937356019627,
5b9985cfa5,40000,937,2989030,29890.3,101.12547051010877,3.429953677227212e-17,0.0011083378369371362,0.0009196068504789757,
5b9985cfa5,40000,938,2992220,29922.2,101.12547051010877,4.8367999142192744e-17,0.0011083378369371362,0.0008796756791028276,
5b9985cfa5,40000,939,2995410,29954.1,101.12547051010877,2.0295529771356308e-17,0.0011083378369371362,0.0009008293394518154,
5b9985cfa5,40000,940,2998600,29986.0,101.12547051010877,4.4541072903868646e-17,0.0011083378369371362,0.0009099915583354366,
5b9985cfa5,40000,941,3001790,30017.9,101.12547051010877,2.8232290116944364e-17,0.0011083378369371362,0.0008022121422222145,
5b9985cfa5,40000,942,3004980,30049.8,101.12547051010877,6.055174403398236e-17,0.0011083378369371362,0.0008523701196056423,
5b9985cfa5,40000,943,3008170,30081.7,101.12547051010877,3.057673649436241e-17,0.0011083378369371362,0.0008265117592105901,
5b9985cfa5,40000,944,3011360,30113.6,101.12547051010877,1.254442505210186e-17,0.0011083378369371362,0.0007842814872403147,
5b9985cfa5,40000,945,3014550,30145.5,101.12547051010877,3.8299312687421927e-17,0.0011083378369371362,0.0008007926934071489,
5b9985cfa5,40000,946,3017740,30177.4,101.12547051010877,9.329982756934059e-17,0.0011083378369371362,0.000787153566416546,
5b9985cfa5,40000,947,3020930,30209.3,101.12547051010606,4.723287004502816e-17,0.0009437629587227997,0.0006904944647384854,
5b9985cfa5,40000,948,3024120,30241.2,101.12547051010606,3.434065194805512e-17,0.0009437629587227997,0.0007032912899900483,
5b9985cfa5,40000,949,3027310,30273.1,101.12547051010606,3.2591769523090243e-17,0.0009437629587227997,0.0007885463052741579,
5b9985cfa5,40000,950,3030500,30305.0,101.12547051010606,3.366840468418228e-17,0.0009437629587227997,0.0006799007739163594,
5b9985cfa5,40000,951,3033690,30336.9,101.12547051010606,7.163833567609012e-17,0.0009437629587227997,0.0007500291291348471,
5b9985cfa5,40000,952,3036880,30368.8,101.12547051006908,5.67331501223626e-17,0.0009327772400876427,0.0007530331191630705,
5b9985cfa5,40000,953,3040070,30400.7,101.12547051006908,3.4108997668270154e-17,0.0009327772400876427,0.0006085302395272114,
5b9985cfa5,40000,954,3043260,30432.6,101.12547051006908,3.4051827085430636e-16,0.0009327772400876427,0.0006582603689846787,
5b9985cfa5,40000,955,3046450,30464.5,101.12547051005184,2.7192990904306288e-17,3.747101507473859e-05,3.0272787575520406e-05,
5b9985cfa5,40000,956,3049640,30496.4,101.12547051005184,2.6294303813953486e-17,3.747101507473859e-05,2.839311537189051e-05,
5b9985cfa5,40000,957,3052830,30528.3,101.12547051005184,2.6230188153571466e-17,3.747101507473859e-05,2.8614053272197943e-05,
5b9985cfa5,40000,958,3056020,30560.2,101.12547051005184,4.1267458500531766e-17,3.747101507473859e-05,3.0383570754211837e-05,
5b9985cfa5,40000,959,3059210,30592.1,101.12547051005184,4.986191646438756e-17,3.747101507473859e-05,2.9255984939559793e-05,
5b9985cfa5,40000,960,3062400,30624.0,101.12547051005184,4.253282512926679e-17,3.747101507473859e-05,2.721553908493826e-05,
5b9985cfa5,40000,961,3065590,30655.9,101.12547051003388,2.3385837847978147e-17,1.3622761335921369e-05,1.1503007826705423e-05,
5b9985cfa5,40000,962,3068780,30687.8,101.12547051003388,1.0244361349876558e-16,1.3622761335921369e-05,9.397180545535724e-06,
5b9985cfa5,40000,963,3071970,30719.7,101.12547050999828,6.908392454638742e-17,1.8759625634106976e-06,1.1702704581986977e-06,
5b9985cfa5,40000,964,3075160,30751.6,101.12547050999828,4.1147057107159386e-17,1.8759625634106976e-06,1.4879271918904424e-06,
5b9985cfa5,40000,965,3078350,30783.5,101.12547050999156,2.364049444912392e-17,2.0620560709421143e-05,1.5774196377492e-05,
5b9985cfa5,40000,966,3081540,30815.4,101.12547050999156,2.9235019132114484e-17,2.0620560709421143e-05,1.5561051216308676e-05,
5b9985cfa5,40000,967,3084730,30847.3,101.12547050999156,5.792134451463175e-17,2.0620560709421143e-05,1.4325453199245304e-05,
5b9985cfa5,40000,968,3087920,30879.2,101.12547050997945,6.233161236717298e-17,6.337703491039743e-06,4.122012436922062e-06,
5b9985cfa5,40000,969,3091110,30911.1,101.12547050997945,3.9344070714116053e-17,6.337703491039743e-06,5.462040470682828e-06,
5b9985cfa5,40000,970,3094300,30943.0,101.12547050997945,2.893317537217921e-17,6.337703491039743e-06,5.115612872926743e-06,
5b9985cfa5,40000,971,3097490,30974.9,101.12547050997945,7.023310187860458e-17,6.337703491039743e-06,4.84574880334138e-06,
5b9985cfa5,40000,972,3100680,31006.8,101.12547050995435,1.4926021197549133e-17,2.4665193484202586e-05,1.951989424376931e-05,
5b9985cfa5,40000,973,3103870,31038.7,101.12547050995435,1.8160266066636633e-18,2.4665193484202586e-05,2.0020997386929785e-05,
5b9985cfa5,40000,974,3107060,31070.6,101.12547050995435,2.882955530946414e-17,2.4665193484202586e-05,2.0586112729701417e-05,
5b9985cfa5,40000,975,3110250,31102.5,101.12547050995435,3.9472934288753534e-17,2.4665193484202586e-05,2.0006258610409323e-05,
5b9985cfa5,40000,976,3113440,31134.4,101.12547050995435,6.604571746759764e-17,2.4665193484202586e-05,1.942382907023177e-05,
5b9985cfa5,40000,977,3116630,31166.3,101.12547050995435,1.461525413934114e-17,2.4665193484202586e-05,2.0490898439742154e-05,
5b9985cfa5,40000,978,3119820,31198.2,101.12547050995435,1.802833327457273e-18,2.4665193484202586e-05,1.9016682438562592e-05,
5b9985cfa5,40000,979,3123010,31230.1,101.12547050995435,4.567093458392611e-17,2.4665193484202586e-05,1.932433689548291e-05,
5b9985cfa5,40000,980,3126200,31262.0,101.12547050995435,2.4118122198105647e-17,2.4665193484202586e-05,2.0785981323975003e-05,
5b9985cfa5,40000,981,3129390,31293.9,101.12547050995435,2.900561823958979e-17,2.4665193484202586e-05,1.8330118287706557e-05,
5b9985cfa5,40000,982,3132580,31325.8,101.12547050995435,2.250367137626383e-17,2.4665193484202586e-05,2.0006309571864997e-05,
5b9985cfa5,40000,983,3135770,31357.7,101.12547050995435,1.7206605992877343e-17,2.4665193484202586e-05,1.9727059004763758e-05,
5b9985cfa5,40000,984,3138960,31389.6,101.12547050995435,1.7958771193972402e-18,2.4665193484202586e-05,1.9379558487060284e-05,
5b9985cfa5,40000,985,3142150,31421.5,101.12547050995435,6.38457094906019e-17,2.4665193484202586e-05,1.86930546109998e-05,
5b9985cfa5,40000,986,3145340,31453.4,101.12547050995435,2.277662958040649e-17,2.4665193484202586e-05,1.8577536483972893e-05,
5b9985cfa5,40000,987,3148530,31485.3,101.12547050995435,1.3791368400108243e-17,2.4665193484202586e-05,1.934133766119414e-05,
5b9985cfa5,40000,988,3151720,31517.2,101.12547050995435,1.4466936209044492e-16,2.4665193484202586e-05,1.7728283820681442e-05,
5b9985cfa5,40000,989,3154910,31549.1,101.12547050995191,4.47294893310201e-17,7.675353428730098e-06,5.162417847939649e-06,
5b9985cfa5,40000,990,3158100,31581.0,101.12547050995191,2.915939180342202e-17,7.675353428730098e-06,5.807824292101253e-06,
5b9985cfa5,40000,991,3161290,31612.9,101.12547050995191,2.974627328937512e-17,7.675353428730098e-06,5.681264039738654e-06,
5b9985cfa5,40000,992,3164480,31644.8,101.12547050995191,5.567336832677258e-19,7.675353428730098e-06,5.18498964492116e-06,
5b9985cfa5,40000,993,3167670,31676.7,101.12547050995191,2.0033061237936594e-17,7.675353428730098e-06,5.548790052651641e-06,
5b9985cfa5,40000,994,3170860,31708.6,101.12547050995191,3.198093093676438e-17,7.675353428730098e-06,5.746192729108488e-06,
5b9985cfa5,40000,995,3174050,31740.5,101.12547050995191,1.754077787175881e-17,7.675353428730098e-06,5.263599714583465e-06,
5b9985cfa5,40000,996,3177240,31772.4,101.12547050995191,5.086824777868036e-17,7.675353428730098e-06,5.658642168596854e-06,
5b9985cfa5,40000,997,3180430,31804.3,101.12547050995191,1.2236246628526577e-17,7.675353428730098e-06,6.430695445417302e-06,
5b9985cfa5,40000,998,3183620,31836.2,101.12547050995191,1.5498590924530834e-17,7.675353428730098e-06,5.592564159885489e-06,
5b9985cfa5,40000,999,3186810,31868.1,101.12547050995191,5.722665498043605e-17,7.675353428730098e-06,6.060471026363547e-06,
5b9985cfa5,40000,1000,3190000,31900.0,101.12547050995191,1.8432615124647368e-17,7.675353428730098e-06,6.380646542039604e-06,
5b9985cfa5,40000,1001,3193190,31931.9,101.12547050995191,1.6804834326537743e-17,7.675353428730098e-06,6.518310606191892e-06,
5b9985cfa5,40000,1002,3196380,31963.8,101.12547050995191,1.2415121081570355e-17,7.675353428730098e-06,5.43964375932722e-06,
5b9985cfa5,40000,1003,3199570,31995.7,101.12547050995191,1.8053671678969202e-17,7.675353428730098e-06,6.586200514582989e-06,
5b9985cfa5,40000,1004,3202760,32027.6,101.12547050995191,1.7869911815730515e-17,7.675353428730098e-06,5.784860273291621e-06,
5b9985cfa5,40000,1005,3205950,32059.5,101.12547050995191,2.584666121314637e-17,7.675353428730098e-06,5.858646339775653e-06,
5b9985cfa5,40000,1006,3209140,32091.4,101.12547050995191,4.33728454148273e-17,7.675353428730098e-06,6.20443890395539e-06,
5b9985cfa5,40000,1007,3212330,32123.3,101.12547050995191,3.784742070372797e-17,7.675353428730098e-06,6.151699500303078e-06,
5b9985cfa5,40000,1008,3215520,32155.2,101.12547050995191,1.2091856103061575e-16,7.675353428730098e-06,5.931430928843419e-06,
5b9985cfa5,40000,1009,3218710,32187.1,101.12547050992619,4.455368043593808e-19,6.075128494127994e-06,5.132821235117709e-06,
5b9985cfa5,40000,1010,3221900,32219.0,101.12547050992619,1.1093103816645093e-17,6.075128494127994e-06,4.643075233861331e-06,
5b9985cfa5,40000,1011,3225090,32250.9,101.12547050992619,1.4369801575811444e-17,6.075128494127994e-06,4.86762433088869e-06,
5b9985cfa5,40000,1012,3228280,32282.8,101.12547050992619,1.3085335949414073e-17,6.075128494127994e-06,5.253618732772242e-06,
5b9985cfa5,40000,1013,3231470,32314.7,101.12547050992619,3.074979179656517e-17,6.075128494127994e-06,4.679348080742319e-06,
5b9985cfa5,40000,1014,3234660,32346.6,101.12547050992619,1.260646878211815e-17,6.075128494127994e-06,5.278219589159819e-06,
5b9985cfa5,40000,1015,3237850,32378.5,101.12547050992619,3.134790032175012e-17,6.075128494127994e-06,4.971845434217875e-06,
5b9985cfa5,40000,1016,3241040,32410.4,101.12547050992619,1.6022149698779978e-17,6.075128494127994e-06,4.786216935810007e-06,
5b9985cfa5,40000,1017,3244230,32442.3,101.12547050992619,1.3470348845448457e-17,6.075128494127994e-06,4.732306951830751e-06,
5b9985cfa5,40000,1018,3247420,32474.2,101.12547050992619,2.092541364130989e-17,6.075128494127994e-06,4.995915030358295e-06,
5b9985cfa5,40000,1019,3250610,32506.1,101.12547050992619,1.6494034007572766e-17,6.075128494127994e-06,4.358102607994521e-06,
5b9985cfa5,40000,1020,3253800,32538.0,101.12547050992619,1.741074066223725e-17,6.075128494127994e-06,4.986840244983151e-06,
5b9985cfa5,40000,1021,3256990,32569.9,101.12547050992619,4.458265187448804e-19,6.075128494127994e-06,4.633691159340484e-06,
5b9985cfa5,40000,1022,3260180,32601.8,101.12547050992619,4.44306152281553e-19,6.075128494127994e-06,4.841351283235614e-06,
5b9985cfa5,40000,1023,3263370,32633.7,101.12547050992619,1.1241484390302273e-17,6.075128494127994e-06,4.003947769271792e-06,
5b9985cfa5,40000,1024,3266560,32665.6,101.12547050992619,4.425716763624832e-19,6.075128494127994e-06,4.6672561509045115e-06,
5b9985cfa5,40000,1025,3269750,32697.5,101.12547050992619,1.5607702108214764e-17,6.075128494127994e-06,4.502445584247359e-06,
5b9985cfa5,40000,1026,3272940,32729.4,101.12547050992619,4.414051631050407e-19,6.075128494127994e-06,4.777816566594907e-06,
5b9985cfa5,40000,1027,3276130,32761.3,101.12547050992619,2.5558649827537407e-17,6.075128494127994e-06,4.4806889654220314e-06,
5b9985cfa5,40000,1028,3279320,32793.2,101.12547050992619,6.069331998496897e-17,6.075128494127994e-06,4.241161984406796e-06,
5b9985cfa5,40000,1029,3282510,32825.1,101.12547050992619,7.175588230590193e-17,6.075128494127994e-06,4.947272949412116e-06,
5b9985cfa5,40000,1030,3285700,32857.0,101.12547050990868,5.780753924086825e-17,3.0026583202180986e-05,2.5595684128988243e-05,
5b9985cfa5,40000,1031,3288890,32888.9,101.12547050986873,1.6575602572120067e-17,5.703953337259646e-05,4.396607589972336e-05,
5b9985cfa5,40000,1032,3292080,32920.8,101.12547050986873,2.807366594414017e-17,5.703953337259646e-05,4.4175887106425823e-05,
5b9985cfa5,40000,1033,3295270,32952.7,101.12547050986873,1.1146118759930482e-17,5.703953337259646e-05,4.6291799924616964e-05,
5b9985cfa5,40000,1034,3298460,32984.6,101.12547050986873,3.240839931170093e-17,5.703953337259646e-05,4.6311133063411876e-05,
5b9985cfa5,40000,1035,3301650,33016.5,101.12547050986873,1.3929400319453885e-17,5.703953337259646e-05,4.224040089842418e-05,
5b9985cfa5,40000,1036,3304840,33048.4,101.12547050986873,1.66942479742799e-17,5.703953337259646e-05,4.054771460281209e-05,
5b9985cfa5,40000,1037,3308030,33080.3,101.12547050986873,1.782091672994465e-17,5.703953337259646e-05,4.264171827787687e-05,
5b9985cfa5,40000,1038,3311220,33112.2,101.12547050986873,2.213484554059481e-17,5.703953337259646e-05,4.47442363381705e-05,
5b9985cfa5,40000,1039,3314410,33144.1,101.12547050986873,1.2692014207851536e-17,5.703953337259646e-05,4.4542662719492526e-05,
5b9985cfa5,40000,1040,3317600,33176.0,101.12547050986873,3.330521251341138e-17,5.703953337259646e-05,4.687770565063514e-05,
5b9985cfa5,40000,1041,3320790,33207.9,101.12547050986873,1.3125903432689389e-17,5.703953337259646e-05,4.540761549771558e-05,
5b9985cfa5,40000,1042,3323980,33239.8,101.12547050986873,1.1644499563360081e-17,5.703953337259646e-05,4.6856113142398126e-05,
5b9985cfa5,40000,1043,3327170,33271.7,101.12547050986873,1.8093792549658288e-17,5.703953337259646e-05,4.307592406064624e-05,
5b9985cfa5,40000,1044,3330360,33303.6,101.12547050986873,1.3504488790408164e-17,5.703953337259646e-05,4.466217340037573e-05,
5b9985cfa5,40000,1045,3333550,33335.5,101.12547050986873,2.11372614177613e-17,5.703953337259646e-05,4.86965323289896e-05,
5b9985cfa5,40000,1046,3336740,33367.4,101.12547050986873,5.98507185361856e-17,5.703953337259646e-05,4.502401986754324e-05,
5b9985cfa5,40000,1047,3339930,33399.3,101.12547050986873,3.214152121631563e-17,5.703953337259646e-05,4.50805090552181e-05,
5b9985cfa5,40000,1048,3343120,33431.2,101.12547050986873,7.626766332048705e-17,5.703953337259646e-05,4.3110846721417344e-05,
5b9985cfa5,40000,1049,3346310,33463.1,101.12547050985694,2.3442112013062633e-17,8.958057483082117e-05,7.328384437536834e-05,
5b9985cfa5,40000,1050,3349500,33495.0,101.12547050985694,1.712583343460566e-17,8.958057483082117e-05,7.029334438159396e-05,
5b9985cfa5,40000,1051,3352690,33526.9,101.12547050985694,1.8047200320337537e-17,8.958057483082117e-05,7.22212477151223e-05,
5b9985cfa5,40000,1052,3355880,33558.8,101.12547050985694,1.5292071590039798e-17,8.958057483082117e-05,7.069915882027251e-05,
5b9985cfa5,40000,1053,3359070,33590.7,101.12547050985694,1.2381759770796294e-17,8.958057483082117e-05,7.055256813276535e-05,
5b9985cfa5,40000,1054,3362260,33622.6,101.12547050985694,6.223446949611784e-17,8.958057483082117e-05,7.23259995709581e-05,
5b9985cfa5,40000,1055,3365450,33654.5,101.12547050985694,1.104942813101142e-17,8.958057483082117e-05,6.351828328246617e-05,
5b9985cfa5,40000,1056,3368640,33686.4,101.12547050985694,1.2029873701992242e-17,8.958057483082117e-05,7.063068159272393e-05,
5b9985cfa5,40000,1057,3371830,33718.3,101.12547050985694,1.779960142487126e-17,8.958057483082117e-05,7.247540269371447e-05,
5b9985cfa5,40000,1058,3375020,33750.2,101.12547050985694,3.1795736086499096e-17,8.958057483082117e-05,7.417575810849363e-05,
5b9985cfa5,40000,1059,3378210,33782.1,101.12547050985694,4.011826026561456e-17,8.958057483082117e-05,6.596074259892807e-05,
5b9985cfa5,40000,1060,3381400,33814.0,101.12547050985694,6.569008131829597e-18,8.958057483082117e-05,7.493756131068695e-05,
5b9985cfa5,40000,1061,3384590,33845.9,101.12547050985694,1.3888635535348416e-17,8.958057483082117e-05,7.018070794422751e-05,
5b9985cfa5,40000,1062,3387780,33877.8,101.12547050985694,1.3186245740268564e-17,8.958057483082117e-05,7.147274975199807e-05,
5b9985cfa5,40000,1063,3390970,33909.7,101.12547050985694,6.001820380567144e-17,8.958057483082117e-05,7.398665785231145e-05,
5b9985cfa5,40000,1064,3394160,33941.6,101.12547050985694,3.043589115020693e-17,8.958057483082117e-05,6.91507987074908e-05,
5b9985cfa5,40000,1065,3397350,33973.5,101.12547050985694,8.881804696685442e-17,8.958057483082117e-05,7.037115209430543e-05,
5b9985cfa5,40000,1066,3400540,34005.4,101.12547050985694,3.51077255119178e-17,8.958057483082117e-05,6.478479116433838e-05,
5b9985cfa5,40000,1067,3403730,34037.3,101.12547050985694,6.535556636102633e-18,8.958057483082117e-05,6.467712864422887e-05,
5b9985cfa5,40000,1068,3406920,34069.2,101.12547050985694,1.771575367309799e-17,8.958057483082117e-05,7.042230059594573e-05,
5b9985cfa5,40000,1069,3410110,34101.1,101.12547050985694,1.495960865868194e-17,8.958057483082117e-05,6.168588412879421e-05,
5b9985cfa5,40000,1070,3413300,34133.0,101.12547050985694,3.330791866654513e-17,8.958057483082117e-05,6.515977346856314e-05,
5b9985cfa5,40000,1071,3416490,34164.9,101.12547050985694,6.523079870035339e-18,8.958057483082117e-05,6.949742294273536e-05,
5b9985cfa5,40000,1072,3419680,34196.8,101.12547050985694,1.4200668789049442e-17,8.958057483082117e-05,7.28917941906842e-05,
5b9985cfa5,40000,1073,3422870,34228.7,101.12547050985694,1.707181034632838e-17,8.958057483082117e-05,6.368200804182964e-05,
5b9985cfa5,40000,1074,3426060,34260.6,101.12547050985694,1.565954298850205e-17,8.958057483082117e-05,7.158265651164888e-05,
5b9985cfa5,40000,1075,3429250,34292.5,101.12547050985694,1.4436138138282515e-17,8.958057483082117e-05,7.191338937011581e-05,
5b9985cfa5,40000,1076,3432440,34324.4,101.12547050985694,1.4984142788830163e-17,8.958057483082117e-05,7.320721376982913e-05,
5b9985cfa5,40000,1077,3435630,34356.3,101.12547050985694,1.081889333125215e-17,8.958057483082117e-05,7.214364267279742e-05,
5b9985cfa5,40000,1078,3438820,34388.2,101.12547050985694,1.2484400290220423e-17,8.958057483082117e-05,7.469291265813557e-05,
5b9985cfa5,40000,1079,3442010,34420.1,101.12547050985694,1.7052721589703962e-17,8.958057483082117e-05,6.937293842533544e-05,
5b9985cfa5,40000,1080,3445200,34452.0,101.12547050985694,2.7531248901591262e-17,8.958057483082117e-05,7.149881911453781e-05,
5b9985cfa5,40000,1081,3448390,34483.9,101.12547050985694,2.0651522054718745e-17,8.958057483082117e-05,6.973418086124709e-05,
5b9985cfa5,40000,1082,3451580,34515.8,101.12547050985694,1.8500294954978994e-17,8.958057483082117e-05,7.361552328880811e-05,
5b9985cfa5,40000,1083,3454770,34547.7,101.12547050985694,5.5504900212410265e-16,8.958057483082117e-05,6.989136019794031e-05,
5b9985cfa5,40000,1084,3457960,34579.6,101.12547050984008,4.907598348641572e-17,0.00015602449254448997,0.00010645120556514981,
5b9985cfa5,40000,1085,3461150,34611.5,101.12547050984008,1.6259331097168083e-17,0.00015602449254448997,0.00011643808184435112,
5b9985cfa5,40000,1086,3464340,34643.4,101.12547050984008,1.1465772896794131e-17,0.00015602449254448997,0.00010827245065137953,
5b9985cfa5,40000,1087,3467530,34675.3,101.12547050984008,1.7645546376218797e-16,0.00015602449254448997,0.00012082946267072776,
5b9985cfa5,40000,1088,3470720,34707.2,101.12547050977741,6.759555628988599e-17,0.00019435670224320453,0.0001565307015408727,
5b9985cfa5,40000,1089,3473910,34739.1,101.12547050976555,8.61178973616016e-17,0.00025708304110964105,0.00018783000698369088,
5b9985cfa5,40000,1090,3477100,34771.0,101.12547050975786,2.345351468992988e-17,0.0002349986947848905,0.00018684199252080215,
5b9985cfa5,40000,1091,3480290,34802.9,101.12547050975786,1.7140767045612785e-17,0.0002349986947848905,0.0001835290565479009,
5b9985cfa5,40000,1092,3483480,34834.8,101.12547050975786,1.4876682657712795e-17,0.0002349986947848905,0.00017195909226815805,
5b9985cfa5,40000,1093,3486670,34866.7,101.12547050975786,3.4173262996267244e-17,0.0002349986947848905,0.00018345693347985808,
5b9985cfa5,40000,1094,3489860,34898.6,101.12547050975786,5.797502653985905e-17,0.0002349986947848905,0.00018281270749128788,
5b9985cfa5,40000,1095,3493050,34930.5,101.12547050975786,2.7416203786433165e-17,0.0002349986947848905,0.000182693638938564,
5b9985cfa5,40000,1096,3496240,34962.4,101.12547050975786,8.5426836762615e-17,0.0002349986947848905,0.00018999102657204334,
5b9985cfa5,40000,1097,3499430,34994.3,101.1254705097526,1.562887466925538e-17,0.00025504728414970415,0.000193966921076972,
5b9985cfa5,40000,1098,3502620,35026.2,101.1254705097526,1.3347082813598213e-16,0.00025504728414970415,0.0001892440565381661,
5b9985cfa5,40000,1099,3505810,35058.1,101.12547050973275,2.133858034944675e-16,0.00023936973868520818,0.0001636273913186243,
5b9985cfa5,40000,1100,3509000,35090.0,101.12547050968453,4.946102962424825e-17,0.0003160682955532245,0.00022988469453840728,
5b9985cfa5,40000,1101,3512190,35121.9,101.12547050968453,1.193753851602795e-16,0.0003160682955532245,0.00023693788561888706,
5b9985cfa5,40000,1102,3515380,35153.8,101.12547050965793,5.231916320636902e-17,0.00021807873530360034,0.00015955433875932792,
5b9985cfa5,40000,1103,3518570,35185.7,101.12547050965793,1.6711077320577492e-16,0.00021807873530360034,0.0001707956003916646,
5b9985cfa5,40000,1104,3521760,35217.6,101.12547050961602,4.0007027862064976e-17,0.00021556326801088407,0.00016592147625061875,
5b9985cfa5,40000,1105,3524950,35249.5,101.12547050961602,1.5967153762197915e-16,0.00021556326801088407,0.0001799874010723458,
5b9985cfa5,40000,1106,3528140,35281.4,101.12547050955348,3.7212540029770954e-17,0.00011005101032514359,7.371207907255512e-05,
5b9985cfa5,40000,1107,3531330,35313.3,101.12547050955348,4.393858631826599e-17,0.00011005101032514359,9.087587162524647e-05,
5b9985cfa5,40000,1108,3534520,35345.2,101.12547050954991,2.6867578213879277e-17,0.00012720763659274044,0.00010012829803835559,
5b9985cfa5,40000,1109,3537710,35377.1,101.12547050954991,2.5658929618675247e-17,0.00012720763659274044,9.606597284662594e-05,
5b9985cfa5,40000,1110,3540900,35409.0,101.12547050954991,1.843942214770329e-17,0.00012720763659274044,0.00011081414999593238,
5b9985cfa5,40000,1111,3544090,35440.9,101.12547050954991,4.871130230123286e-17,0.00012720763659274044,0.00010593654498929586,
5b9985cfa5,40000,1112,3547280,35472.8,101.12547050954991,2.583137655663255e-17,0.00012720763659274044,9.975935686355487e-05,
5b9985cfa5,40000,1113,3550470,35504.7,101.12547050954991,3.090414222326364e-17,0.00012720763659274044,0.00010480726468901581,
5b9985cfa5,40000,1114,3553660,35536.6,101.12547050954991,2.0831501444924293e-17,0.00012720763659274044,8.882426125295655e-05,
5b9985cfa5,40000,1115,3556850,35568.5,101.12547050954991,2.2979117734752782e-17,0.00012720763659274044,9.780970283296691e-05,
5b9985cfa5,40000,1116,3560040,35600.4,101.12547050954991,2.222275014517641e-17,0.00012720763659274044,9.068137815674345e-05,
5b9985cfa5,40000,1117,3563230,35632.3,101.12547050954991,3.001208236509213e-17,0.00012720763659274044,0.00010643745319777285,
5b9985cfa5,40000,1118,3566420,35664.2,101.12547050954991,1.5284957704707534e-17,0.00012720763659274044,9.659286048823999e-05,
5b9985cfa5,40000,1119,3569610,35696.1,101.12547050954991,9.377502228115326e-18,0.00012720763659274044,9.470364026267605e-05,
5b9985cfa5,40000,1120,3572800,35728.0,101.12547050954991,9.349335057574042e-18,0.00012720763659274044,9.409797346681938e-05,
5b9985cfa5,40000,1121,3575990,35759.9,101.12547050954991,2.5219950663970212e-17,0.00012720763659274044,0.00010270309014919396,
5b9985cfa5,40000,1122,3579180,35791.8,101.12547050954991,3.620189353592808e-17,0.00012720763659274044,9.123575313026042e-05,
5b9985cfa5,40000,1123,3582370,35823.7,101.12547050954991,1.146451473667039e-17,0.00012720763659274044,9.938089507888674e-05,
5b9985cfa5,40000,1124,3585560,35855.6,101.12547050954991,9.302026150708699e-18,0.00012720763659274044,9.901423039715132e-05,
5b9985cfa5,40000,1125,3588750,35887.5,101.12547050954991,2.671919044006601e-17,0.00012720763659274044,0.00010049152437868659,
5b9985cfa5,40000,1126,3591940,35919.4,101.12547050954991,9.270600637099672e-18,0.00012720763659274044,0.00010264202678952478,
5b9985cfa5,40000,1127,3595130,35951.3,101.12547050954991,2.3203219215802387e-17,0.00012720763659274044,0.00010386590897914694,
5b9985cfa5,40000,1128,3598320,35983.2,101.12547050954991,2.2486321917478067e-17,0.00012720763659274044,0.00010257988531889757,
5b9985cfa5,40000,1129,3601510,36015.1,101.12547050954991,3.96957417440507e-17,0.00012720763659274044,0.00010161958254234553,
5b9985cfa5,40000,1130,3604700,36047.0,101.12547050954991,9.242252657261387e-18,0.00012720763659274044,9.002364197689336e-05,
5b9985cfa5,40000,1131,3607890,36078.9,101.12547050954991,3.816440681107888e-17,0.00012720763659274044,9.9112775514186e-05,
5b9985cfa5,40000,1132,3611080,36110.8,101.12547050954991,1.8241698106450208e-17,0.00012720763659274044,8.910676390286571e-05,
5b9985cfa5,40000,1133,3614270,36142.7,101.12547050954991,3.802981400776071e-17,0.00012720763659274044,0.00010194704044550514,
5b9985cfa5,40000,1134,3617460,36174.6,101.12547050954991,3.18375895312135e-17,0.00012720763659274044,0.00010091447472216829,
5b9985cfa5,40000,1135,3620650,36206.5,101.12547050954991,1.3330767742405056e-16,0.00012720763659274044,9.222738005035062e-05,
5b9985cfa5,40000,1136,3623840,36238.4,101.12547050949757,3.048920788406072e-17,0.00018723230638156962,0.0001398540555144292,
5b9985cfa5,40000,1137,3627030,36270.3,101.12547050949757,2.752862005388252e-17,0.00018723230638156962,0.00015375931224912632,
5b9985cfa5,40000,1138,3630220,36302.2,101.12547050949757,2.369394088329297e-17,0.00018723230638156962,0.00015383782467595525,
5b9985cfa5,40000,1139,3633410,36334.1,101.12547050949757,2.2246236321735227e-17,0.00018723230638156962,0.0001372375285190736,
5b9985cfa5,40000,1140,3636600,36366.0,101.12547050949757,6.7820011611657e-17,0.00018723230638156962,0.00014774932521752627,
5b9985cfa5,40000,1141,3639790,36397.9,101.12547050945697,1.1255445650526445e-17,0.0002288581631562157,0.00017020323017066428,
5b9985cfa5,40000,1142,3642980,36429.8,101.12547050945697,1.4070214222961166e-17,0.0002288581631562157,0.0001971323272413456,
5b9985cfa5,40000,1143,3646170,36461.7,101.12547050945697,2.368285580079043e-17,0.0002288581631562157,0.00013910641289917428,
5b9985cfa5,40000,1144,3649360,36493.6,101.12547050945697,2.5535323019741043e-17,0.0002288581631562157,0.00018433374952749745,
5b9985cfa5,40000,1145,3652550,36525.5,101.12547050945697,2.40511171420611e-17,0.0002288581631562157,0.00018758040345918974,
5b9985cfa5,40000,1146,3655740,36557.4,101.12547050945697,3.3553067802542807e-17,0.0002288581631562157,0.00017957198418035126,
5b9985cfa5,40000,1147,3658930,36589.3,101.12547050945697,1.8475651006229467e-17,0.0002288581631562157,0.00017069172868470022,
5b9985cfa5,40000,1148,3662120,36621.2,101.12547050945697,1.4460518814904644e-17,0.0002288581631562157,0.00016439004854242468,
5b9985cfa5,40000,1149,3665310,36653.1,101.12547050945697,1.2282070055249101e-17,0.0002288581631562157,0.00017986840487929,
5b9985cfa5,40000,1150,3668500,36685.0,101.12547050945697,1.9673249432659395e-17,0.0002288581631562157,0.00017841358146993507,
5b9985cfa5,40000,1151,3671690,36716.9,101.12547050945697,2.1081121494210493e-17,0.0002288581631562157,0.00017566242404477785,
5b9985cfa5,40000,1152,3674880,36748.8,101.12547050945697,1.6736321828896893e-17,0.0002288581631562157,0.0001676224988556859,
5b9985cfa5,40000,1153,3678070,36780.7,101.12547050945697,1.668783203361576e-17,0.0002288581631562157,0.00017279289044790162,
5b9985cfa5,40000,1154,3681260,36812.6,101.12547050945697,1.679401527671101e-17,0.0002288581631562157,0.0001767325575688147,
5b9985cfa5,40000,1155,3684450,36844.5,101.12547050945697,2.2527830114967697e-17,0.0002288581631562157,0.00016096047620314888,
5b9985cfa5,40000,1156,3687640,36876.4,101.12547050945697,2.0837798763390947e-17,0.0002288581631562157,0.00019307205983810108,
5b9985cfa5,40000,1157,3690830,36908.3,101.12547050945697,1.478260226572561e-17,0.0002288581631562157,0.00015602275124618081,
5b9985cfa5,40000,1158,3694020,36940.2,101.12547050945697,3.3921644196439157e-17,0.0002288581631562157,0.00017852144943963932,
5b9985cfa5,40000,1159,3697210,36972.1,101.12547050945697,2.0376650254547622e-17,0.0002288581631562157,0.0001425005284191437,
5b9985cfa5,40000,1160,3700400,37004.0,101.12547050945697,2.4655991764176016e-17,0.0002288581631562157,0.0001665802424094109,
5b9985cfa5,40000,1161,3703590,37035.9,101.12547050945697,1.768016659770493e-17,0.0002288581631562157,0.0001569962890007632,
5b9985cfa5,40000,1162,3706780,37067.8,101.12547050945697,3.167750738688977e-17,0.0002288581631562157,0.00018622797835683293,
5b9985cfa5,40000,1163,3709970,37099.7,101.12547050945697,1.674633277361235e-17,0.0002288581631562157,0.0001761435540217229,
5b9985cfa5,40000,1164,3713160,37131.6,101.12547050945697,1.5017455741535054e-17,0.0002288581631562157,0.0001774611825235349,
5b9985cfa5,40000,1165,3716350,37163.5,101.12547050945697,1.7827672166556555e-17,0.0002288581631562157,0.00015592112762002306,
5b9985cfa5,40000,1166,3719540,37195.4,101.12547050945697,6.400354821826654e-17,0.0002288581631562157,0.00019019758243254525,
5b9985cfa5,40000,1167,3722730,37227.3,101.12547050945697,1.1679069063742093e-17,0.0002288581631562157,0.0001724841948243286,
5b9985cfa5,40000,1168,3725920,37259.2,101.12547050945697,1.4920427889901335e-17,0.0002288581631562157,0.00016542125487493449,
5b9985cfa5,40000,1169,3729110,37291.1,101.12547050945697,2.29945730435665e-17,0.0002288581631562157,0.00018706475593783826,
5b9985cfa5,40000,1170,3732300,37323.0,101.12547050945697,2.0091699012717776e-17,0.0002288581631562157,0.00016195237683888525,
5b9985cfa5,40000,1171,3735490,37354.9,101.12547050945697,2.2742335915233673e-17,0.0002288581631562157,0.00017007062010875805,
5b9985cfa5,40000,1172,3738680,37386.8,101.12547050945697,1.7285045125031512e-17,0.0002288581631562157,0.00018400662314245895,
5b9985cfa5,40000,1173,3741870,37418.7,101.12547050945697,1.64129585572304e-17,0.0002288581631562157,0.0001840177893888907,
5b9985cfa5,40000,1174,3745060,37450.6,101.12547050945697,2.88866362989388e-17,0.0002288581631562157,0.00018303292495474086,
5b9985cfa5,40000,1175,3748250,37482.5,101.12547050945697,6.306493484023243e-17,0.0002288581631562157,0.00017879168707263677,
5b9985cfa5,40000,1176,3751440,37514.4,101.12547050942747,1.1151547958545169e-17,0.0002510717991814267,0.00020424083476671906,
5b9985cfa5,40000,1177,3754630,37546.3,101.12547050942747,2.150819135998859e-17,0.0002510717991814267,0.00020631462842213833,
5b9985cfa5,40000,1178,3757820,37578.2,101.12547050942747,2.5443146266247586e-17,0.0002510717991814267,0.00019959851663625775,
5b9985cfa5,40000,1179,3761010,37610.1,101.12547050942747,1.5186511593506566e-17,0.0002510717991814267,0.00019087410728270773,
5b9985cfa5,40000,1180,3764200,37642.0,101.12547050942747,4.353794553081148e-17,0.0002510717991814267,0.00020342403148179182,
5b9985cfa5,40000,1181,3767390,37673.9,101.12547050942747,2.0443208825830056e-17,0.0002510717991814267,0.00020144135824154598,
5b9985cfa5,40000,1182,3770580,37705.8,101.12547050942747,3.621232446024559e-17,0.0002510717991814267,0.0001828972084743681,
5b9985cfa5,40000,1183,3773770,37737.7,101.12547050942747,1.8438238936292794e-17,0.0002510717991814267,0.00018712566161849237,
5b9985cfa5,40000,1184,3776960,37769.6,101.12547050942747,3.541019044913441e-17,0.0002510717991814267,0.00019205229705973384,
5b9985cfa5,40000,1185,3780150,37801.5,101.12547050942075,1.3395295237235699e-17,0.00026981684231427533,0.00019754010065085154,
5b9985cfa5,40000,1186,3783340,37833.4,101.12547050942075,1.8978551314467458e-17,0.00026981684231427533,0.0002219774917859141,
5b9985cfa5,40000,1187,3786530,37865.3,101.12547050942075,2.4689737166359275e-17,0.00026981684231427533,0.00020967656046152848,
5b9985cfa5,40000,1188,3789720,37897.2,101.12547050942075,4.3729658642790257e-17,0.00026981684231427533,0.00020136659881566277,
5b9985cfa5,40000,1189,3792910,37929.1,101.12547050942075,6.611217827553084e-17,0.00026981684231427533,0.00022479265108139772,
5b9985cfa5,40000,1190,3796100,37961.0,101.125470509419,2.0173355931648584e-17,0.00024350035043547852,0.00019705111313902677,
5b9985cfa5,40000,1191,3799290,37992.9,101.125470509419,2.1607182609766994e-17,0.00024350035043547852,0.00019585814561646713,
5b9985cfa5,40000,1192,3802480,38024.8,101.125470509419,2.823548752944148e-17,0.00024350035043547852,0.00018203708866097997,
5b9985cfa5,40000,1193,3805670,38056.7,101.125470509419,2.0549789941445447e-17,0.00024350035043547852,0.00019130094013692901,
5b9985cfa5,40000,1194,3808860,38088.6,101.125470509419,2.3332244186433103e-17,0.00024350035043547852,0.00017079403196339235,
5b9985cfa5,40000,1195,3812050,38120.5,101.125470509419,2.957082913049407e-17,0.00024350035043547852,0.0001758562991689401,
5b9985cfa5,40000,1196,3815240,38152.4,101.125470509419,2.876293787801373e-17,0.00024350035043547852,0.00018658587414752662,
5b9985cfa5,40000,1197,3818430,38184.3,101.125470509419,1.7888163669969794e-17,0.00024350035043547852,0.00019238453387489528,
5b9985cfa5,40000,1198,3821620,38216.2,101.125470509419,1.3038500685439637e-17,0.00024350035043547852,0.00018703614509268222,
5b9985cfa5,40000,1199,3824810,38248.1,101.125470509419,2.385727193779339e-17,0.00024350035043547852,0.0001948211258651659,
5b9985cfa5,40000,1200,3828000,38280.0,101.125470509419,1.9666336288890668e-17,0.00024350035043547852,0.00019011273844346538,
5b9985cfa5,40000,1201,3831190,38311.9,101.125470509419,3.363603211821689e-17,0.00024350035043547852,0.00019518634638169454,
5b9985cfa5,40000,1202,3834380,38343.8,101.125470509419,2.377989293445393e-17,0.00024350035043547852,0.00020478674252397155,
5b9985cfa5,40000,1203,3837570,38375.7,101.125470509419,1.3170621448009061e-17,0.00024350035043547852,0.00017707172541434613,
5b9985cfa5,40000,1204,3840760,38407.6,101.125470509419,2.6750506983174658e-17,0.00024350035043547852,0.0001859723338774848,
5b9985cfa5,40000,1205,3843950,38439.5,101.125470509419,1.6464978051815285e-17,0.00024350035043547852,0.00019515180500072828,
5b9985cfa5,40000,1206,3847140,38471.4,101.125470509419,2.404960558460473e-17,0.00024350035043547852,0.0001917158976215158,
5b9985cfa5,40000,1207,3850330,38503.3,101.125470509419,2.1200712807793254e-17,0.00024350035043547852,0.0001914607789176302,
5b9985cfa5,40000,1208,3853520,38535.2,101.125470509419,2.732342418667669e-17,0.00024350035043547852,0.00019669298356187837,
5b9985cfa5,40000,1209,3856710,38567.1,101.125470509419,2.948422960864715e-17,0.00024350035043547852,0.00019908016025369196,
5b9985cfa5,40000,1210,3859900,38599.0,101.125470509419,1.7806599953332926e-17,0.00024350035043547852,0.0001856209083551861,
5b9985cfa5,40000,1211,3863090,38630.9,101.125470509419,1.4478272611926935e-17,0.00024350035043547852,0.0001913550654105618,
5b9985cfa5,40000,1212,3866280,38662.8,101.125470509419,1.5292677343792493e-17,0.00024350035043547852,0.00020833040011972485,
5b9985cfa5,40000,1213,3869470,38694.7,101.125470509419,1.854572579961456e-17,0.00024350035043547852,0.0001929120690870216,
5b9985cfa5,40000,1214,3872660,38726.6,101.125470509419,1.7734289286463474e-17,0.00024350035043547852,0.00018431049288685487,
5b9985cfa5,40000,1215,3875850,38758.5,101.125470509419,1.5308526435742437e-17,0.00024350035043547852,0.00019551082561532302,
5b9985cfa5,40000,1216,3879040,38790.4,101.125470509419,2.9019395202905945e-17,0.00024350035043547852,0.00017693185262310557,
5b9985cfa5,40000,1217,3882230,38822.3,101.125470509419,3.020118488536827e-17,0.00024350035043547852,0.0001756615644194034,
5b9985cfa5,40000,1218,3885420,38854.2,101.125470509419,1.4983827649812732e-17,0.00024350035043547852,0.00018530425211084046,
5b9985cfa5,40000,1219,3888610,38886.1,101.125470509419,1.0010878651856623e-17,0.00024350035043547852,0.00019215100033276737,
5b9985cfa5,40000,1220,3891800,38918.0,101.125470509419,1.0355356676672963e-17,0.00024350035043547852,0.00019132072157294132,
5b9985cfa5,40000,1221,3894990,38949.9,101.125470509419,5.780430587514722e-17,0.00024350035043547852,0.00019510275049688735,
5b9985cfa5,40000,1222,3898180,38981.8,101.125470509419,1.6015815576007998e-17,0.00024350035043547852,0.00019680580143193756,
5b9985cfa5,40000,1223,3901370,39013.7,101.125470509419,2.6682724869435372e-17,0.00024350035043547852,0.00019712085694021671,
5b9985cfa5,40000,1224,3904560,39045.6,101.125470509419,3.9154826840056857e-17,0.00024350035043547852,0.000178731249868428,
5b9985cfa5,40000,1225,3907750,39077.5,101.125470509419,2.01081315194509e-17,0.00024350035043547852,0.00021622265342431625,
5b9985cfa5,40000,1226,3910940,39109.4,101.125470509419,2.0191806092141574e-17,0.00024350035043547852,0.0001757906062612728,
5b9985cfa5,40000,1227,3914130,39141.3,101.125470509419,1.3963708568738494e-17,0.00024350035043547852,0.00020052552308979658,
5b9985cfa5,40000,1228,3917320,39173.2,101.125470509419,1.2946618930173675e-17,0.00024350035043547852,0.00019247358494537566,
5b9985cfa5,40000,1229,3920510,39205.1,101.125470509419,2.3229066122056057e-17,0.00024350035043547852,0.0001993917487560111,
5b9985cfa5,40000,1230,3923700,39237.0,101.125470509419,2.043998108600157e-17,0.00024350035043547852,0.0002035873162376772,
5b9985cfa5,40000,1231,3926890,39268.9,101.125470509419,1.6676843048889928e-17,0.00024350035043547852,0.0001923787331274375,
5b9985cfa5,40000,1232,3930080,39300.8,101.125470509419,2.822150429488187e-17,0.00024350035043547852,0.00019806845706029505,
5b9985cfa5,40000,1233,3933270,39332.7,101.125470509419,1.796792594484679e-17,0.00024350035043547852,0.00017546709975771362,
5b9985cfa5,40000,1234,3936460,39364.6,101.125470509419,1.7829924924621536e-17,0.00024350035043547852,0.00018188529655026133,
5b9985cfa5,40000,1235,3939650,39396.5,101.125470509419,1.7272221243921293e-17,0.00024350035043547852,0.00017691942316422373,
5b9985cfa5,40000,1236,3942840,39428.4,101.125470509419,1.780449129921464e-17,0.00024350035043547852,0.0001792156612900145,
5b9985cfa5,40000,1237,3946030,39460.3,101.125470509419,2.566194448513438e-17,0.00024350035043547852,0.00019583851044615316,
5b9985cfa5,40000,1238,3949220,39492.2,101.125470509419,1.5302120891028802e-17,0.00024350035043547852,0.00018096859915622783,
5b9985cfa5,40000,1239,3952410,39524.1,101.125470509419,1.4831859585899288e-17,0.00024350035043547852,0.00020858233461817634,
5b9985cfa5,40000,1240,3955600,39556.0,101.125470509419,1.683631106769696e-17,0.00024350035043547852,0.00017480118426320374,
5b9985cfa5,40000,1241,3958790,39587.9,101.125470509419,2.8333064294462114e-17,0.00024350035043547852,0.00020247611985604362,
5b9985cfa5,40000,1242,3961980,39619.8,101.125470509419,1.5254022114513013e-17,0.00024350035043547852,0.00019053049627246082,
5b9985cfa5,40000,1243,3965170,39651.7,101.125470509419,3.623091208273168e-17,0.00024350035043547852,0.00016960949808879385,
5b9985cfa5,40000,1244,3968360,39683.6,101.125470509419,2.0511366787358613e-17,0.00024350035043547852,0.00018134651148063607,
5b9985cfa5,40000,1245,3971550,39715.5,101.125470509419,1.3303837564225642e-17,0.00024350035043547852,0.00019035494238292506,
5b9985cfa5,40000,1246,3974740,39747.4,101.125470509419,2.931077620643196e-17,0.00024350035043547852,0.00019267168016717491,
5b9985cfa5,40000,1247,3977930,39779.3,101.125470509419,2.3407442215369666e-17,0.00024350035043547852,0.00018549939520416596,
5b9985cfa5,40000,1248,3981120,39811.2,101.125470509419,2.088803568167318e-17,0.00024350035043547852,0.000198891287104775,
5b9985cfa5,40000,1249,3984310,39843.1,101.125470509419,2.0750089894394652e-17,0.00024350035043547852,0.00018335238773079014,
5b9985cfa5,40000,1250,3987500,39875.0,101.125470509419,2.0466875525180054e-17,0.00024350035043547852,0.0001944995008263041,
5b9985cfa5,40000,1251,3990690,39906.9,101.125470509419,1.9042488752457307e-17,0.00024350035043547852,0.00019117264952960708,
5b9985cfa5,40000,1252,3993880,39938.8,101.125470509419,3.641930856926004e-17,0.00024350035043547852,0.00019552211664756845,
5b9985cfa5,40000,1253,3997070,39970.7,101.125470509419,,0.00024350035043547852,0.0001767025101792464,
8b555dd786,40000,0,0,0.0,516651013610901.0,5.125939572059738,119640441474639.08,94597262988395.56,"ProjectedCommonDirectionsConfig(subspace_frac_grads=0.1, subspace_frac_updates=0.1, subspace_frac_random=0.1, direction_str=newton, use_hess=True, random_proj=True, random_proj_dim_frac=0.6, ensemble=haar, inner_use_full_grad=True, reg_lambda=0, orth_P_k=True, beta=0.001, tau=0.5, c_const=inf, N_try=200, alpha_max=1, p_const=1)"
8b555dd786,40000,1,3190,31.9,129162753402801.19,6.002521898685948,59820220737319.55,45591924857168.4,
8b555dd786,40000,2,6380,63.8,101.12547051481059,8.620623330032344e-07,0.008318288650610127,0.006492497995909806,
8b555dd786,40000,3,9570,95.7,101.12547051391968,2.6116970165097996e-06,0.00046594650832181613,0.00031443019670895006,
8b555dd786,40000,4,12760,127.6,101.125470512854,9.308164688960097e-16,1.2668546297529008e-05,9.865636561186639e-06,
8b555dd786,40000,5,15950,159.5,101.1254705127947,5.1814564400999113e-17,0.0007264621795734168,0.0005515692472390773,
8b555dd786,40000,6,19140,191.4,101.12547051275718,8.356578678341805e-16,0.0007340410160022627,0.0006099120205864194,
8b555dd786,40000,7,22330,223.3,101.12547051271609,7.564616836370498e-09,0.00035368531785108525,0.0002486211716920101,
8b555dd786,40000,8,25520,255.2,101.12547051262759,3.0039934829575413e-13,0.001134260044155644,0.0008630818524441042,
8b555dd786,40000,9,28710,287.1,101.12547051231272,1.6143747517828747e-15,0.00018035289429143463,0.00013255951317125777,
8b555dd786,40000,10,31900,319.0,101.12547051229977,1.0418846732705603e-15,0.001060947373923549,0.0008628108984250177,
8b555dd786,40000,11,35090,350.9,101.12547051221075,1.7070448479067427e-15,0.000644783746247275,0.000530542536889716,
8b555dd786,40000,12,38280,382.8,101.12547051198594,1.8680457176342086e-17,0.0012601451431674207,0.0008185287384763955,
8b555dd786,40000,13,41470,414.7,101.12547051198594,1.400384413239515e-17,0.0012601451431674207,0.0010225864776942167,
8b555dd786,40000,14,44660,446.6,101.12547051198594,5.911086619153913e-18,0.0012601451431674207,0.0009289558171352889,
8b555dd786,40000,15,47850,478.5,101.12547051198594,1.449380169138121e-18,0.0012601451431674207,0.001080798752760736,
8b555dd786,40000,16,51040,510.4,101.12547051198594,1.439491228165913e-16,0.0012601451431674207,0.0009533851035768054,
8b555dd786,40000,17,54230,542.3,101.12547051195132,1.2808362295666191e-17,0.0013645268932810117,0.0009621706031459728,
8b555dd786,40000,18,57420,574.2,101.12547051193847,1.4244525699091856e-17,0.0013714311446935345,0.0010970456064552415,
8b555dd786,40000,19,60610,606.1,101.12547051193847,1.5644819320594677e-18,0.0013714311446935345,0.001079692961821874,
8b555dd786,40000,20,63800,638.0,101.12547051193847,1.3402274638613951e-18,0.0013714311446935345,0.0011113293872401786,
8b555dd786,40000,21,66990,669.9,101.12547051193847,4.2491326273307214e-13,0.0013714311446935345,0.001101804432164373,
8b555dd786,40000,22,70180,701.8,101.12547051186363,4.5120305238474914e-17,0.0006083031436242024,0.00045963388903975504,
8b555dd786,40000,23,73370,733.7,101.12547051178973,9.713728733121552e-18,0.0005350244682424611,0.0004640870097244901,
8b555dd786,40000,24,76560,765.6,101.12547051178973,5.982936893205827e-17,0.0005350244682424611,0.0004218471658234387,
8b555dd786,40000,25,79750,797.5,101.12547051178798,1.6102435664758092e-17,0.0004597183001050972,0.00035918981985681166,
8b555dd786,40000,26,82940,829.4,101.12547051178798,1.3273732011051449e-16,0.0004597183001050972,0.00034548411990517494,
8b555dd786,40000,27,86130,861.3,101.1254705117819,6.452850064588736e-17,0.0007389640637353957,0.0006181761720941548,
8b555dd786,40000,28,89320,893.2,101.12547051177366,2.885587908793168e-17,0.0007066943313598898,0.0005441345782213062,
8b555dd786,40000,29,92510,925.1,101.12547051177366,3.1438356795208987e-17,0.0007066943313598898,0.0005333213026404248,
8b555dd786,40000,30,95700,957.0,101.12547051176445,2.1704296962605247e-17,0.0007318765155299628,0.0005418369941798416,
8b555dd786,40000,31,98890,988.9,101.12547051176445,1.156373583383465e-17,0.0007318765155299628,0.0006044925356320797,
8b555dd786,40000,32,102080,1020.8,101.12547051176445,2.3249595058809735e-16,0.0007318765155299628,0.000561456330858134,
8b555dd786,40000,33,105270,1052.7,101.12547051176155,9.02671454350204e-17,0.0009323261989611869,0.000701465221542627,
8b555dd786,40000,34,108460,1084.6,101.12547051175447,1.9074146744445936e-16,0.0009589380647521329,0.0007508755953787374,
8b555dd786,40000,35,111650,1116.5,101.12547051172845,3.6135746763687506e-17,0.0011194382014131758,0.0008588031874123203,
8b555dd786,40000,36,114840,1148.4,101.1254705116573,3.720562959877969e-17,0.0011041788680180588,0.0008989425954943158,
8b555dd786,40000,37,118030,1180.3,101.1254705116573,3.5722415435916476e-17,0.0011041788680180588,0.0008331277882068919,
8b555dd786,40000,38,121220,1212.2,101.1254705116573,1.7293698333755473e-16,0.0011041788680180588,0.0008807211090788489,
8b555dd786,40000,39,124410,1244.1,101.12547051164793,1.1683712028292976e-17,0.0014927779029138446,0.001113015766998392,
8b555dd786,40000,40,127600,1276.0,101.12547051164793,1.1231935407743082e-17,0.0014927779029138446,0.0011781772431341078,
8b555dd786,40000,41,130790,1307.9,101.12547051164793,1.6092192545771044e-18,0.0014927779029138446,0.0011255550479028003,
8b555dd786,40000,42,133980,1339.8,101.12547051164793,3.8966697427609653e-19,0.0014927779029138446,0.0010285808555650898,
8b555dd786,40000,43,137170,1371.7,101.12547051164793,7.123287172241721e-17,0.0014927779029138446,0.0011764440716931694,
8b555dd786,40000,44,140360,1403.6,101.12547051158715,1.9068227636873856e-17,0.0013046428037355885,0.0009973379200833381,
8b555dd786,40000,45,143550,1435.5,101.12547051158715,1.8976409564404793e-17,0.0013046428037355885,0.0009519281407865903,
8b555dd786,40000,46,146740,1467.4,101.12547051158715,2.8516342322298575e-18,0.0013046428037355885,0.0008996230891019416,
8b555dd786,40000,47,149930,1499.3,101.12547051158715,6.170390623601911e-19,0.0013046428037355885,0.0009448337194677835,
8b555dd786,40000,48,153120,1531.2,101.12547051158715,3.416049393522109e-19,0.0013046428037355885,0.0010393276855516836,
8b555dd786,40000,49,156310,1563.1,101.12547051158715,5.074352729285702e-19,0.0013046428037355885,0.0009648615364569832,
8b555dd786,40000,50,159500,1595.0,101.12547051158715,1.740292759704534e-18,0.0013046428037355885,0.0010568151483235405,
8b555dd786,40000,51,162690,1626.9,101.12547051158715,1.185089526017143e-18,0.0013046428037355885,0.000991895752758814,
8b555dd786,40000,52,165880,1658.8,101.12547051158715,8.430908444063546e-18,0.0013046428037355885,0.0008895043873424372,
8b555dd786,40000,53,169070,1690.7,101.12547051158715,2.45269236916257e-17,0.0013046428037355885,0.0010047607959079797,
8b555dd786,40000,54,172260,1722.6,101.12547051158715,1.1132891171536368e-17,0.0013046428037355885,0.0010162224154745812,
8b555dd786,40000,55,175450,1754.5,101.12547051158715,8.46457536712976e-18,0.0013046428037355885,0.0010257284925790865,
8b555dd786,40000,56,178640,1786.4,101.12547051158715,1.0556805947552406e-17,0.0013046428037355885,0.001021831831507569,
8b555dd786,40000,57,181830,1818.3,101.12547051158715,1.3523263186482136e-17,0.0013046428037355885,0.0010796082417864734,
8b555dd786,40000,58,185020,1850.2,101.12547051158715,1.1392436134845559e-17,0.0013046428037355885,0.0009219276460537615,
8b555dd786,40000,59,188210,1882.1,101.12547051158715,5.594226221852438e-18,0.0013046428037355885,0.001033064712862487,
8b555dd786,40000,60,191400,1914.0,101.12547051158715,1.585718252078491e-18,0.0013046428037355885,0.000949669749436683,
8b555dd786,40000,61,194590,1945.9,101.12547051158715,1.2742966248435805e-18,0.0013046428037355885,0.0009356816469512125,
8b555dd786,40000,62,197780,1977.8,101.12547051158715,4.45663046159497e-19,0.0013046428037355885,0.001084728375054374,
8b555dd786,40000,63,200970,2009.7,101.12547051158715,3.744586070556395e-19,0.0013046428037355885,0.0009736344618091017,
8b555dd786,40000,64,204160,2041.6,101.12547051158715,2.891292538982437e-15,0.0013046428037355885,0.0011367640899517906,
8b555dd786,40000,65,207350,2073.5,101.1254705112063,4.3551292615849826e-16,0.00011308545409447062,8.974365402775933e-05,
8b555dd786,40000,66,210540,2105.4,101.12547051094334,9.824248593037499e-17,0.0002054683231759486,0.000170869274159872,
8b555dd786,40000,67,213730,2137.3,101.12547051090156,6.156102280434712e-17,0.00033748999223775095,0.0002303391732439967,
8b555dd786,40000,68,216920,2169.2,101.12547051087695,1.2675951113297006e-17,0.0003963200808807632,0.00030255379514761605,
8b555dd786,40000,69,220110,2201.1,101.12547051087695,3.1714523279256863e-17,0.0003963200808807632,0.0003171156215598541,
8b555dd786,40000,70,223300,2233.0,101.12547051087695,3.3169264753618415e-16,0.0003963200808807632,0.0003327839665575217,
8b555dd786,40000,71,226490,2264.9,101.12547051064696,2.756381950197543e-16,0.0001327029585952259,9.82506603629238e-05,
8b555dd786,40000,72,229680,2296.8,101.12547051057113,1.1454434664964757e-16,9.109826587931016e-05,6.788196691267616e-05,
8b555dd786,40000,73,232870,2328.7,101.12547051055401,2.1350282738820752e-17,0.00014608180520979557,0.00011181833666008259,
8b555dd786,40000,74,236060,2360.6,101.12547051055401,3.0844936766837815e-16,0.00014608180520979557,0.00010966526925623233,
8b555dd786,40000,75,239250,2392.5,101.12547051053859,1.626549168650202e-17,0.000220306785812107,0.0001719738960988587,
8b555dd786,40000,76,242440,2424.4,101.12547051053859,9.87373335215868e-17,0.000220306785812107,0.0001642803126108233,
8b555dd786,40000,77,245630,2456.3,101.12547051051693,2.8302083268474126e-17,0.00032886484437131793,0.0002685197933204212,
8b555dd786,40000,78,248820,2488.2,101.12547051051693,6.240457214951777e-17,0.00032886484437131793,0.00022853631601910522,
8b555dd786,40000,79,252010,2520.1,101.12547051050596,2.6627661772467126e-17,0.0003626356900999342,0.00029272843482377445,
8b555dd786,40000,80,255200,2552.0,101.12547051050099,3.080280280843977e-17,0.0003441580383125036,0.00028241269009628963,
8b555dd786,40000,81,258390,2583.9,101.12547051050099,4.243031324612387e-17,0.0003441580383125036,0.00028136641505618806,
8b555dd786,40000,82,261580,2615.8,101.12547051048493,3.158732309201888e-17,0.00033285088954456565,0.0002395712597247977,
8b555dd786,40000,83,264770,2647.7,101.12547051048493,4.900841274003806e-17,0.00033285088954456565,0.00026047711696596014,
8b555dd786,40000,84,267960,2679.6,101.12547051045611,4.8993050245443065e-17,0.00027425766400731807,0.00022581140295643062,
8b555dd786,40000,85,271150,2711.5,101.12547051039537,6.4812575577657275e-18,0.0002506136145010254,0.00019726420324008565,
8b555dd786,40000,86,274340,2743.4,101.12547051039537,3.155282489549549e-18,0.0002506136145010254,0.0001754101433276932,
8b555dd786,40000,87,277530,2775.3,101.12547051039537,2.3244702801804945e-17,0.0002506136145010254,0.00018789986709716626,
8b555dd786,40000,88,280720,2807.2,101.12547051039537,1.1347836488214027e-17,0.0002506136145010254,0.0001791013517738022,
8b555dd786,40000,89,283910,2839.1,101.12547051039537,2.9471131508045056e-17,0.0002506136145010254,0.0001984055413522579,
8b555dd786,40000,90,287100,2871.0,101.12547051039537,1.0166202029992639e-17,0.0002506136145010254,0.00020810629298341807,
8b555dd786,40000,91,290290,2902.9,101.12547051039537,2.2526823772414704e-17,0.0002506136145010254,0.00020337612185861826,
8b555dd786,40000,92,293480,2934.8,101.12547051039537,9.283987000313103e-18,0.0002506136145010254,0.000207726541149044,
8b555dd786,40000,93,296670,2966.7,101.12547051039537,1.2074626118686137e-17,0.0002506136145010254,0.00019322625040709307,
8b555dd786,40000,94,299860,2998.6,101.12547051039537,4.595442991057856e-18,0.0002506136145010254,0.00019596810944431877,
8b555dd786,40000,95,303050,3030.5,101.12547051039537,2.0013875961887487e-18,0.0002506136145010254,0.00018923886404180205,
8b555dd786,40000,96,306240,3062.4,101.12547051039537,1.778767014214511e-18,0.0002506136145010254,0.00019500023170592463,
8b555dd786,40000,97,309430,3094.3,101.12547051039537,1.840375908609042e-18,0.0002506136145010254,0.0001852351196858324,
8b555dd786,40000,98,312620,3126.2,101.12547051039537,1.7180019415636241e-18,0.0002506136145010254,0.00018030943056779618,
8b555dd786,40000,99,315810,3158.1,101.12547051039537,1.7279356956183373e-18,0.0002506136145010254,0.00020173435284310734,
8b555dd786,40000,100,319000,3190.0,101.12547051039537,1.5786649870195308e-18,0.0002506136145010254,0.00021040932309710416,
8b555dd786,40000,101,322190,3221.9,101.12547051039537,1.1541783490358959e-18,0.0002506136145010254,0.0002072837817405816,
8b555dd786,40000,102,325380,3253.8,101.12547051039537,1.548923439055439e-18,0.0002506136145010254,0.00019107856553389347,
8b555dd786,40000,103,328570,3285.7,101.12547051039537,1.873640556705437e-18,0.0002506136145010254,0.00018104740209399275,
8b555dd786,40000,104,331760,3317.6,101.12547051039537,2.0539053382492313e-18,0.0002506136145010254,0.00020486610499767627,
8b555dd786,40000,105,334950,3349.5,101.12547051039537,1.2925392736807018e-18,0.0002506136145010254,0.00017483703386022176,
8b555dd786,40000,106,338140,3381.4,101.12547051039537,1.6087096501328499e-18,0.0002506136145010254,0.000198905050310722,
8b555dd786,40000,107,341330,3413.3,101.12547051039537,1.4112757279740599e-18,0.0002506136145010254,0.00019944211618816587,
8b555dd786,40000,108,344520,3445.2,101.12547051039537,3.35794512914513e-18,0.0002506136145010254,0.00018042540346749868,
8b555dd786,40000,109,347710,3477.1,101.12547051039537,1.614261081834078e-17,0.0002506136145010254,0.00019524343381249079,
8b555dd786,40000,110,350900,3509.0,101.12547051039537,1.8320456594698494e-17,0.0002506136145010254,0.00019686491535921086,
8b555dd786,40000,111,354090,3540.9,101.12547051039537,1.2659813993775916e-18,0.0002506136145010254,0.00018415832283999697,
8b555dd786,40000,112,357280,3572.8,101.12547051039537,6.730686464842962e-18,0.0002506136145010254,0.0001960009863847479,
8b555dd786,40000,113,360470,3604.7,101.12547051039537,1.0368644861816738e-18,0.0002506136145010254,0.0001879659933512612,
8b555dd786,40000,114,363660,3636.6,101.12547051039537,1.9440631912503196e-18,0.0002506136145010254,0.00019943177210599835,
8b555dd786,40000,115,366850,3668.5,101.12547051039537,3.901124848550309e-18,0.0002506136145010254,0.0002076488001583197,
8b555dd786,40000,116,370040,3700.4,101.12547051039537,1.7120223460074172e-18,0.0002506136145010254,0.00018724153358119143,
8b555dd786,40000,117,373230,3732.3,101.12547051039537,2.512469578175238e-17,0.0002506136145010254,0.00018661433995114323,
8b555dd786,40000,118,376420,3764.2,101.12547051039537,1.3352061773532605e-17,0.0002506136145010254,0.0001829732972111266,
8b555dd786,40000,119,379610,3796.1,101.12547051039537,3.1273414242934777e-17,0.0002506136145010254,0.00020899461736684718,
8b555dd786,40000,120,382800,3828.0,101.12547051039537,9.594027722621081e-18,0.0002506136145010254,0.00018195752586934986,
8b555dd786,40000,121,385990,3859.9,101.12547051039537,4.278963507059243e-17,0.0002506136145010254,0.0001845720545150648,
8b555dd786,40000,122,389180,3891.8,101.12547051039537,3.3122629017406816e-17,0.0002506136145010254,0.00017969509163159468,
8b555dd786,40000,123,392370,3923.7,101.12547051038705,7.691512167971661e-18,0.00020947171762207282,0.00016874978138516636,
8b555dd786,40000,124,395560,3955.6,101.12547051038705,2.0685033757634538e-17,0.00020947171762207282,0.00015641387147735664,
8b555dd786,40000,125,398750,3987.5,101.12547051038705,2.13485070983869e-18,0.00020947171762207282,0.0001639304066461883,
8b555dd786,40000,126,401940,4019.4,101.12547051038705,2.3867179621289163e-18,0.00020947171762207282,0.0001592634299742658,
8b555dd786,40000,127,405130,4051.3,101.12547051038705,2.2411543353985656e-17,0.00020947171762207282,0.00017422447076315557,
8b555dd786,40000,128,408320,4083.2,101.12547051038705,6.567871072255323e-18,0.00020947171762207282,0.00015824214181559497,
8b555dd786,40000,129,411510,4115.1,101.12547051038705,1.200953582566061e-17,0.00020947171762207282,0.0001596273494828433,
8b555dd786,40000,130,414700,4147.0,101.12547051038705,8.847581316529054e-18,0.00020947171762207282,0.00013971395184050872,
8b555dd786,40000,131,417890,4178.9,101.12547051038705,1.3431927121945527e-18,0.00020947171762207282,0.0001605803327654821,
8b555dd786,40000,132,421080,4210.8,101.12547051038705,1.4835784274267928e-18,0.00020947171762207282,0.00015863074141881457,
8b555dd786,40000,133,424270,4242.7,101.12547051038705,1.4656715824204195e-18,0.00020947171762207282,0.00016833502974933947,
8b555dd786,40000,134,427460,4274.6,101.12547051038705,1.0067786968969406e-18,0.00020947171762207282,0.00016911174881321453,
8b555dd786,40000,135,430650,4306.5,101.12547051038705,1.6045092313643405e-18,0.00020947171762207282,0.00016905400065327658,
8b555dd786,40000,136,433840,4338.4,101.12547051038705,9.57137039277525e-19,0.00020947171762207282,0.0001771574460038204,
8b555dd786,40000,137,437030,4370.3,101.12547051038705,1.8667749249172616e-18,0.00020947171762207282,0.00015808803144910942,
8b555dd786,40000,138,440220,4402.2,101.12547051038705,1.0543237676188878e-18,0.00020947171762207282,0.00015454332137204398,
8b555dd786,40000,139,443410,4434.1,101.12547051038705,1.7493751521557853e-18,0.00020947171762207282,0.00017867168399384646,
8b555dd786,40000,140,446600,4466.0,101.12547051038705,4.871831457637016e-17,0.00020947171762207282,0.00017172395376329277,
8b555dd786,40000,141,449790,4497.9,101.12547051038705,1.0436534459370632e-17,0.00020947171762207282,0.0001548198514550294,
8b555dd786,40000,142,452980,4529.8,101.12547051038705,9.266493208890156e-19,0.00020947171762207282,0.00014512876009650772,
8b555dd786,40000,143,456170,4561.7,101.12547051038705,1.3450317844633281e-18,0.00020947171762207282,0.0001529105920088279,
8b555dd786,40000,144,459360,4593.6,101.12547051038705,3.068442735850704e-18,0.00020947171762207282,0.00017312844206859404,
8b555dd786,40000,145,462550,4625.5,101.12547051038705,1.5677246465601817e-17,0.00020947171762207282,0.00015290806934118378,
8b555dd786,40000,146,465740,4657.4,101.12547051038705,9.741386077111073e-19,0.00020947171762207282,0.00016829738184589275,
8b555dd786,40000,147,468930,4689.3,101.12547051038705,1.7796302564460086e-18,0.00020947171762207282,0.00016233928588469792,
8b555dd786,40000,148,472120,4721.2,101.12547051038705,4.793896607670761e-19,0.00020947171762207282,0.00017617346415818916,
8b555dd786,40000,149,475310,4753.1,101.12547051038705,1.464720245968149e-18,0.00020947171762207282,0.00015271484720249046,
8b555dd786,40000,150,478500,4785.0,101.12547051038705,1.546688650309102e-18,0.00020947171762207282,0.0001577186264789929,
8b555dd786,40000,151,481690,4816.9,101.12547051038705,1.2045388248172567e-18,0.00020947171762207282,0.0001610129164931182,
8b555dd786,40000,152,484880,4848.8,101.12547051038705,1.7554707058266447e-18,0.00020947171762207282,0.00016421406105656915,
8b555dd786,40000,153,488070,4880.7,101.12547051038705,1.1961369908034464e-18,0.00020947171762207282,0.00014979084608520652,
8b555dd786,40000,154,491260,4912.6,101.12547051038705,1.349507058833582e-18,0.00020947171762207282,0.00015451689383449743,
8b555dd786,40000,155,494450,4944.5,101.12547051038705,1.759267603521211e-18,0.00020947171762207282,0.0001563496193590286,
8b555dd786,40000,156,497640,4976.4,101.12547051038705,2.7502429963707418e-18,0.00020947171762207282,0.00015730609591723966,
8b555dd786,40000,157,500830,5008.3,101.12547051038705,1.4480405782697203e-18,0.00020947171762207282,0.0001541456105547976,
8b555dd786,40000,158,504020,5040.2,101.12547051038705,1.6726051643474605e-18,0.00020947171762207282,0.00016743356288432016,
8b555dd786,40000,159,507210,5072.1,101.12547051038705,1.5049913408900938e-18,0.00020947171762207282,0.00016734103657844036,
8b555dd786,40000,160,510400,5104.0,101.12547051038705,1.7051244203675805e-18,0.00020947171762207282,0.00015149633225777637,
8b555dd786,40000,161,513590,5135.9,101.12547051038705,1.7613150876339086e-18,0.00020947171762207282,0.00016095469720563187,
8b555dd786,40000,162,516780,5167.8,101.12547051038705,1.4174217570569596e-18,0.00020947171762207282,0.00015484136222496347,
8b555dd786,40000,163,519970,5199.7,101.12547051038705,1.9257555456191455e-18,0.00020947171762207282,0.00014271006433887295,
8b555dd786,40000,164,523160,5231.6,101.12547051038705,1.6099086921441046e-17,0.00020947171762207282,0.0001537946770177603,
8b555dd786,40000,165,526350,5263.5,101.12547051038705,2.8795359790936254e-17,0.00020947171762207282,0.00016719505051461777,
8b555dd786,40000,166,529540,5295.4,101.12547051038705,2.6927626033999353e-18,0.00020947171762207282,0.00016309304333285464,
8b555dd786,40000,167,532730,5327.3,101.12547051038705,3.3622480466223622e-18,0.00020947171762207282,0.00015786482880857962,
8b555dd786,40000,168,535920,5359.2,101.12547051038705,5.929242379941403e-18,0.00020947171762207282,0.00015849720420312377,
8b555dd786,40000,169,539110,5391.1,101.12547051038705,1.2050230300328316e-18,0.00020947171762207282,0.0001628468127838344,
8b555dd786,40000,170,542300,5423.0,101.12547051038705,8.173363491941334e-19,0.00020947171762207282,0.00016876571910236758,
8b555dd786,40000,171,545490,5454.9,101.12547051038705,9.357219680713234e-19,0.00020947171762207282,0.00016201902760350806,
8b555dd786,40000,172,548680,5486.8,101.12547051038705,1.4808124428038162e-17,0.00020947171762207282,0.00015285632225873157,
8b555dd786,40000,173,551870,5518.7,101.12547051038705,3.73301068162402e-18,0.00020947171762207282,0.00017235550277041727,
8b555dd786,40000,174,555060,5550.6,101.12547051038705,4.817423102524111e-19,0.00020947171762207282,0.0001647416477038293,
8b555dd786,40000,175,558250,5582.5,101.12547051038705,8.411703760619915e-19,0.00020947171762207282,0.00016186781857221392,
8b555dd786,40000,176,561440,5614.4,101.12547051038705,9.353183295617883e-19,0.00020947171762207282,0.00018124671701185276,
8b555dd786,40000,177,564630,5646.3,101.12547051038705,1.4899562293026362e-17,0.00020947171762207282,0.00016215566852504395,
8b555dd786,40000,178,567820,5678.2,101.12547051038705,1.1137795526467483e-17,0.00020947171762207282,0.00016761584742838842,
8b555dd786,40000,179,571010,5710.1,101.12547051038705,3.8869822391852886e-18,0.00020947171762207282,0.00015739258059407855,
8b555dd786,40000,180,574200,5742.0,101.12547051038705,4.0340688051742986e-18,0.00020947171762207282,0.00015836689432887263,
8b555dd786,40000,181,577390,5773.9,101.12547051038705,9.735251736545792e-19,0.00020947171762207282,0.00015695324815822163,
8b555dd786,40000,182,580580,5805.8,101.12547051038705,7.865779957865411e-19,0.00020947171762207282,0.00017608772564688623,
8b555dd786,40000,183,583770,5837.7,101.12547051038705,9.967006307306746e-19,0.00020947171762207282,0.00015900045982328122,
8b555dd786,40000,184,586960,5869.6,101.12547051038705,1.242536007487384e-18,0.00020947171762207282,0.0001628792237606947,
8b555dd786,40000,185,590150,5901.5,101.12547051038705,5.482801231378009e-18,0.00020947171762207282,0.0001726520202944099,
8b555dd786,40000,186,593340,5933.4,101.12547051038705,4.8803784224654466e-18,0.00020947171762207282,0.00015804106445453629,
8b555dd786,40000,187,596530,5965.3,101.12547051038705,1.5439242898822253e-18,0.00020947171762207282,0.0001607308619289085,
8b555dd786,40000,188,599720,5997.2,101.12547051038705,7.036167208915601e-19,0.00020947171762207282,0.00016502514440811723,
8b555dd786,40000,189,602910,6029.1,101.12547051038705,8.881089892349697e-19,0.00020947171762207282,0.00016087840331957076,
8b555dd786,40000,190,606100,6061.0,101.12547051038705,3.9656070882451524e-19,0.00020947171762207282,0.00016219322801595406,
8b555dd786,40000,191,609290,6092.9,101.12547051038705,1.3857925610098996e-17,0.00020947171762207282,0.0001791337016878423,
8b555dd786,40000,192,612480,6124.8,101.12547051038705,6.534276570846538e-18,0.00020947171762207282,0.00016804096146611823,
8b555dd786,40000,193,615670,6156.7,101.12547051038705,4.006768418792337e-18,0.00020947171762207282,0.0001584525890209874,
8b555dd786,40000,194,618860,6188.6,101.12547051038705,2.021741576647071e-17,0.00020947171762207282,0.00017927584583668287,
8b555dd786,40000,195,622050,6220.5,101.12547051038705,2.643558602034075e-17,0.00020947171762207282,0.00015266866887329967,
8b555dd786,40000,196,625240,6252.4,101.12547051038705,1.4708765960491348e-17,0.00020947171762207282,0.00014936006187155212,
8b555dd786,40000,197,628430,6284.3,101.12547051038705,1.0087498896172311e-17,0.00020947171762207282,0.000167988867796785,
8b555dd786,40000,198,631620,6316.2,101.12547051038705,1.9346009868037037e-18,0.00020947171762207282,0.00015032732410496797,
8b555dd786,40000,199,634810,6348.1,101.12547051038705,4.820546656643569e-19,0.00020947171762207282,0.00014532804222560286,
8b555dd786,40000,200,638000,6380.0,101.12547051038705,5.818950916642844e-19,0.00020947171762207282,0.00016303861113605046,
8b555dd786,40000,201,641190,6411.9,101.12547051038705,1.742216741649333e-18,0.00020947171762207282,0.00017096011491985058,
8b555dd786,40000,202,644380,6443.8,101.12547051038705,2.0925876228475264e-18,0.00020947171762207282,0.00016163697055939682,
8b555dd786,40000,203,647570,6475.7,101.12547051038705,2.2999978999202294e-18,0.00020947171762207282,0.0001624008067749737,
8b555dd786,40000,204,650760,6507.6,101.12547051038705,1.3453514008987299e-17,0.00020947171762207282,0.00016750917206243031,
8b555dd786,40000,205,653950,6539.5,101.12547051038705,4.781148418909621e-19,0.00020947171762207282,0.00015063990431147682,
8b555dd786,40000,206,657140,6571.4,101.12547051038705,5.117222230132809e-18,0.00020947171762207282,0.00015185522570536144,
8b555dd786,40000,207,660330,6603.3,101.12547051038705,1.037450323397829e-18,0.00020947171762207282,0.00017631429854896746,
8b555dd786,40000,208,663520,6635.2,101.12547051038705,1.6450670914043786e-18,0.00020947171762207282,0.00015725270374962114,
8b555dd786,40000,209,666710,6667.1,101.12547051038705,1.4323965413888775e-18,0.00020947171762207282,0.00016410051513989795,
8b555dd786,40000,210,669900,6699.0,101.12547051038705,4.763717480935056e-19,0.00020947171762207282,0.00016211748582312886,
8b555dd786,40000,211,673090,6730.9,101.12547051038705,1.4851126773928063e-18,0.00020947171762207282,0.0001544752899924527,
8b555dd786,40000,212,676280,6762.8,101.12547051038705,2.0818383383397154e-18,0.00020947171762207282,0.00014874818642310631,
8b555dd786,40000,213,679470,6794.7,101.12547051038705,1.6899036651445098e-17,0.00020947171762207282,0.00015447808965356313,
8b555dd786,40000,214,682660,6826.6,101.12547051038705,6.034805555058789e-18,0.00020947171762207282,0.00017253532362501112,
8b555dd786,40000,215,685850,6858.5,101.12547051038705,4.857086640713731e-18,0.00020947171762207282,0.00017196743096316812,
8b555dd786,40000,216,689040,6890.4,101.12547051038705,2.087429049840539e-17,0.00020947171762207282,0.00017871192136903122,
8b555dd786,40000,217,692230,6922.3,101.12547051038705,1.4254530546474735e-17,0.00020947171762207282,0.00017053943338213488,
8b555dd786,40000,218,695420,6954.2,101.12547051038705,3.157900855943673e-17,0.00020947171762207282,0.00014600042079735838,
8b555dd786,40000,219,698610,6986.1,101.12547051038705,1.860540895247391e-17,0.00020947171762207282,0.00014408380076156804,
8b555dd786,40000,220,701800,7018.0,101.12547051038705,2.1015641705431605e-17,0.00020947171762207282,0.00016540138985548725,
8b555dd786,40000,221,704990,7049.9,101.12547051038705,1.725629080136048e-17,0.00020947171762207282,0.00016144571355820997,
8b555dd786,40000,222,708180,7081.8,101.12547051038705,2.2957215721730275e-18,0.00020947171762207282,0.00014936268829161194,
8b555dd786,40000,223,711370,7113.7,101.12547051038705,1.4200463274101336e-18,0.00020947171762207282,0.0001590043130087835,
8b555dd786,40000,224,714560,7145.6,101.12547051038705,3.3067338011424414e-18,0.00020947171762207282,0.00017295500880025615,
8b555dd786,40000,225,717750,7177.5,101.12547051038705,4.84800822439431e-19,0.00020947171762207282,0.0001422245531910817,
8b555dd786,40000,226,720940,7209.4,101.12547051038705,1.7122925551031658e-18,0.00020947171762207282,0.00014779563894676165,
8b555dd786,40000,227,724130,7241.3,101.12547051038705,2.873415065606711e-18,0.00020947171762207282,0.00014272645766087282,
8b555dd786,40000,228,727320,7273.2,101.12547051038705,1.1695920049785327e-18,0.00020947171762207282,0.0001659771024172781,
8b555dd786,40000,229,730510,7305.1,101.12547051038705,1.4379731390314805e-18,0.00020947171762207282,0.00014501789136263846,
8b555dd786,40000,230,733700,7337.0,101.12547051038705,2.3374973434259424e-16,0.00020947171762207282,0.00014777247003202787,
8b555dd786,40000,231,736890,7368.9,101.12547051033057,9.75150457624773e-17,9.822348685867113e-05,7.652289349428654e-05,
8b555dd786,40000,232,740080,7400.8,101.12547051032466,3.1115361654435425e-17,0.0003051210673397758,0.00021962847856195987,
8b555dd786,40000,233,743270,7432.7,101.12547051032466,2.4165205969484156e-17,0.0003051210673397758,0.00022435632798225772,
8b555dd786,40000,234,746460,7464.6,101.12547051032438,1.787216864335819e-17,0.00029621559387917084,0.00020705671517240107,
8b555dd786,40000,235,749650,7496.5,101.12547051032438,1.4883875441582856e-17,0.00029621559387917084,0.00023496403856717161,
8b555dd786,40000,236,752840,7528.4,101.12547051032438,2.4912423926502402e-18,0.00029621559387917084,0.00021243752511896228,
8b555dd786,40000,237,756030,7560.3,101.12547051032438,8.371821043224811e-17,0.00029621559387917084,0.00024149506547814308,
8b555dd786,40000,238,759220,7592.2,101.1254705103165,2.5258217880184494e-17,0.00037421192794479007,0.000297928621591715,
8b555dd786,40000,239,762410,7624.1,101.1254705103165,3.8083890685228435e-16,0.00037421192794479007,0.00025577175151955927,
8b555dd786,40000,240,765600,7656.0,101.12547051016135,2.1130903646825223e-17,0.0003918310459788947,0.00030686359007977074,
8b555dd786,40000,241,768790,7687.9,101.12547051016135,2.513240779380115e-17,0.0003918310459788947,0.00032565245751197845,
8b555dd786,40000,242,771980,7719.8,101.12547051016135,1.5340708557162608e-17,0.0003918310459788947,0.0002948580663879493,
8b555dd786,40000,243,775170,7751.7,101.12547051016135,2.2054406002155974e-17,0.0003918310459788947,0.00032285211732062,
8b555dd786,40000,244,778360,7783.6,101.12547051016135,1.857271748172666e-17,0.0003918310459788947,0.00030085239484834835,
8b555dd786,40000,245,781550,7815.5,101.12547051016135,1.7062579313800166e-17,0.0003918310459788947,0.0003012873936318661,
8b555dd786,40000,246,784740,7847.4,101.12547051016135,1.7233725827312694e-17,0.0003918310459788947,0.00031883809451384326,
8b555dd786,40000,247,787930,7879.3,101.12547051016135,3.41746369839201e-17,0.0003918310459788947,0.0002996374059300289,
8b555dd786,40000,248,791120,7911.2,101.12547051014987,1.3398676055486951e-17,0.0004210995284077956,0.00034300995000482353,
8b555dd786,40000,249,794310,7943.1,101.12547051014987,1.3845792937787822e-17,0.0004210995284077956,0.00033836138872663185,
8b555dd786,40000,250,797500,7975.0,101.12547051014987,2.743623414825919e-17,0.0004210995284077956,0.0003180882318930068,
8b555dd786,40000,251,800690,8006.9,101.12547051014987,1.4366352254005e-16,0.0004210995284077956,0.0002883525828611385,
8b555dd786,40000,252,803880,8038.8,101.12547051006176,1.8367517692762584e-17,0.00044610050293929573,0.0003670102384473896,
8b555dd786,40000,253,807070,8070.7,101.12547051006176,1.641762145549264e-17,0.00044610050293929573,0.00035609463955237975,
8b555dd786,40000,254,810260,8102.6,101.12547051006176,3.6465054332537837e-17,0.00044610050293929573,0.0003244468839462058,
8b555dd786,40000,255,813450,8134.5,101.12547051005576,2.7738539604549944e-17,0.0004363279268143682,0.0003461119170845112,
8b555dd786,40000,256,816640,8166.4,101.12547051005576,7.481204327650084e-18,0.0004363279268143682,0.0003803334615639333,
8b555dd786,40000,257,819830,8198.3,101.12547051005576,2.8551809852270207e-17,0.0004363279268143682,0.00033211670808207803,
8b555dd786,40000,258,823020,8230.2,101.12547051005238,6.8981857145307395e-18,0.0004410740465617761,0.00033479734572368494,
8b555dd786,40000,259,826210,8262.1,101.12547051005238,1.732549827307672e-17,0.0004410740465617761,0.0003316203171330894,
8b555dd786,40000,260,829400,8294.0,101.12547051005238,1.1168829705598507e-17,0.0004410740465617761,0.0003211146353095481,
8b555dd786,40000,261,832590,8325.9,101.12547051005238,1.1458516391950136e-17,0.0004410740465617761,0.0003669178681282556,
8b555dd786,40000,262,835780,8357.8,101.12547051005238,1.0745851750465877e-17,0.0004410740465617761,0.000336085442288621,
8b555dd786,40000,263,838970,8389.7,101.12547051005238,1.249261389992296e-17,0.0004410740465617761,0.0003123192604184831,
8b555dd786,40000,264,842160,8421.6,101.12547051005238,1.6245051170646364e-17,0.0004410740465617761,0.0002970805565479288,
8b555dd786,40000,265,845350,8453.5,101.12547051005238,8.095406453757142e-18,0.0004410740465617761,0.00028372222028136225,
8b555dd786,40000,266,848540,8485.4,101.12547051005238,4.0264618249479016e-17,0.0004410740465617761,0.00033665461099588386,
8b555dd786,40000,267,851730,8517.3,101.12547051005238,1.6499390474599057e-17,0.0004410740465617761,0.0003651389998469619,
8b555dd786,40000,268,854920,8549.2,101.12547051003953,6.8756884339820356e-18,0.00042139512702631706,0.0003245132800421594,
8b555dd786,40000,269,858110,8581.1,101.12547051003953,8.324011494489755e-18,0.00042139512702631706,0.00033801784249268073,
8b555dd786,40000,270,861300,8613.0,101.12547051003953,4.916118785013372e-18,0.00042139512702631706,0.0003383084184370522,
8b555dd786,40000,271,864490,8644.9,101.12547051003953,1.298068129395779e-17,0.00042139512702631706,0.0003496151418508274,
8b555dd786,40000,272,867680,8676.8,101.12547051003953,6.475159189607851e-18,0.00042139512702631706,0.00032968722433840343,
8b555dd786,40000,273,870870,8708.7,101.12547051003953,7.658339807335969e-18,0.00042139512702631706,0.0003349693877342543,
8b555dd786,40000,274,874060,8740.6,101.12547051003953,1.1626725592662995e-17,0.00042139512702631706,0.00031817550889756045,
8b555dd786,40000,275,877250,8772.5,101.12547051003953,7.8495796902884e-18,0.00042139512702631706,0.0003312958008505204,
8b555dd786,40000,276,880440,8804.4,101.12547051003953,7.404546520950658e-18,0.00042139512702631706,0.00031078583101780947,
8b555dd786,40000,277,883630,8836.3,101.12547051003953,1.5490451585447057e-17,0.00042139512702631706,0.000292595838961426,
8b555dd786,40000,278,886820,8868.2,101.12547051003953,7.714842554938987e-18,0.00042139512702631706,0.0003062990124147587,
8b555dd786,40000,279,890010,8900.1,101.12547051003953,2.656764354801224e-19,0.00042139512702631706,0.0003247143439694721,
8b555dd786,40000,280,893200,8932.0,101.12547051003953,4.813062072811873e-19,0.00042139512702631706,0.0003319206379307687,
8b555dd786,40000,281,896390,8963.9,101.12547051003953,3.2452626366274156e-18,0.00042139512702631706,0.0003358808320868352,
8b555dd786,40000,282,899580,8995.8,101.12547051003953,1.4998979081433805e-18,0.00042139512702631706,0.00030183163145891133,
8b555dd786,40000,283,902770,9027.7,101.12547051003953,1.3240403732709906e-18,0.00042139512702631706,0.0003494384949225593,
8b555dd786,40000,284,905960,9059.6,101.12547051003953,1.0025931682315378e-17,0.00042139512702631706,0.00030429548914541726,
8b555dd786,40000,285,909150,9091.5,101.12547051003953,1.2440290697142985e-17,0.00042139512702631706,0.0003312381337321093,
8b555dd786,40000,286,912340,9123.4,101.12547051003953,9.269207829201632e-18,0.00042139512702631706,0.00034827557326936015,
8b555dd786,40000,287,915530,9155.3,101.12547051003953,4.0959715288882524e-18,0.00042139512702631706,0.0003047878953708197,
8b555dd786,40000,288,918720,9187.2,101.12547051003953,9.032860845564346e-18,0.00042139512702631706,0.0003022428690219241,
8b555dd786,40000,289,921910,9219.1,101.12547051003953,1.826922475935887e-18,0.00042139512702631706,0.0003117394705186425,
8b555dd786,40000,290,925100,9251.0,101.12547051003953,1.119334799839299e-17,0.00042139512702631706,0.0003577919117483389,
8b555dd786,40000,291,928290,9282.9,101.12547051003953,9.633384331296708e-18,0.00042139512702631706,0.00032394110609637605,
8b555dd786,40000,292,931480,9314.8,101.12547051003953,3.8695600084707954e-18,0.00042139512702631706,0.00033492899201724533,
8b555dd786,40000,293,934670,9346.7,101.12547051003953,9.251647458565867e-18,0.00042139512702631706,0.00032886004441110483,
8b555dd786,40000,294,937860,9378.6,101.12547051003953,4.941952859840378e-18,0.00042139512702631706,0.0003222593009354145,
8b555dd786,40000,295,941050,9410.5,101.12547051003953,1.5112222719139545e-17,0.00042139512702631706,0.00030341631072803676,
8b555dd786,40000,296,944240,9442.4,101.12547051003953,8.8656671627761e-18,0.00042139512702631706,0.0003037632415913851,
8b555dd786,40000,297,947430,9474.3,101.12547051003953,8.406739826398301e-18,0.00042139512702631706,0.0003178018493040211,
8b555dd786,40000,298,950620,9506.2,101.12547051003953,1.1133496659558041e-17,0.00042139512702631706,0.0003557692523420624,
8b555dd786,40000,299,953810,9538.1,101.12547051003953,1.537866484607255e-17,0.00042139512702631706,0.00030970543528795685,
8b555dd786,40000,300,957000,9570.0,101.12547051003953,1.0372348743724857e-17,0.00042139512702631706,0.0002972527770274202,
8b555dd786,40000,301,960190,9601.9,101.12547051003953,7.51512837678498e-18,0.00042139512702631706,0.0003316606439621738,
8b555dd786,40000,302,963380,9633.8,101.12547051003953,9.95187906778407e-18,0.00042139512702631706,0.0003421976093350023,
8b555dd786,40000,303,966570,9665.7,101.12547051003953,7.60613759742433e-18,0.00042139512702631706,0.000337792204543476,
8b555dd786,40000,304,969760,9697.6,101.12547051003953,4.0308660324708995e-18,0.00042139512702631706,0.0003046848776642519,
8b555dd786,40000,305,972950,9729.5,101.12547051003953,7.70854348824663e-18,0.00042139512702631706,0.00033520995000403556,
8b555dd786,40000,306,976140,9761.4,101.12547051003953,5.920113863176889e-18,0.00042139512702631706,0.000317107276502721,
8b555dd786,40000,307,979330,9793.3,101.12547051003953,6.7475410286569575e-18,0.00042139512702631706,0.000319989638433338,
8b555dd786,40000,308,982520,9825.2,101.12547051003953,6.260638604791888e-18,0.00042139512702631706,0.00032822819449647103,
8b555dd786,40000,309,985710,9857.1,101.12547051003953,2.3026657395818326e-17,0.00042139512702631706,0.0003047795051197495,
8b555dd786,40000,310,988900,9889.0,101.12547051003953,8.059366290576368e-18,0.00042139512702631706,0.00032710431795403305,
8b555dd786,40000,311,992090,9920.9,101.12547051003953,1.6299170759207007e-17,0.00042139512702631706,0.0003019716644298035,
8b555dd786,40000,312,995280,9952.8,101.12547051003953,6.234562123749496e-18,0.00042139512702631706,0.00029850848862959497,
8b555dd786,40000,313,998470,9984.7,101.12547051003953,5.928336006116962e-18,0.00042139512702631706,0.0003221676972016317,
8b555dd786,40000,314,1001660,10016.6,101.12547051003953,8.933436313263394e-18,0.00042139512702631706,0.0003381897699141583,
8b555dd786,40000,315,1004850,10048.5,101.12547051003953,7.668430975445614e-18,0.00042139512702631706,0.0003286892515534104,
8b555dd786,40000,316,1008040,10080.4,101.12547051003953,5.6450143788556595e-18,0.00042139512702631706,0.0003533519024718573,
8b555dd786,40000,317,1011230,10112.3,101.12547051003953,9.844489419855228e-18,0.00042139512702631706,0.00034293233469862667,
8b555dd786,40000,318,1014420,10144.2,101.12547051003953,1.028695363391858e-17,0.00042139512702631706,0.0003491918763865479,
8b555dd786,40000,319,1017610,10176.1,101.12547051003953,1.3910510885514718e-17,0.00042139512702631706,0.0003002253249757942,
8b555dd786,40000,320,1020800,10208.0,101.12547051003953,1.086453305451504e-17,0.00042139512702631706,0.00032137146436611396,
8b555dd786,40000,321,1023990,10239.9,101.12547051003953,2.891562177436595e-17,0.00042139512702631706,0.000351191519899014,
8b555dd786,40000,322,1027180,10271.8,101.12547051003953,1.8427793984036996e-17,0.00042139512702631706,0.0003240380122622603,
8b555dd786,40000,323,1030370,10303.7,101.12547051003953,1.897629049281539e-17,0.00042139512702631706,0.0003375212293297519,
8b555dd786,40000,324,1033560,10335.6,101.12547051003953,8.797715403435684e-18,0.00042139512702631706,0.00028945499737915965,
8b555dd786,40000,325,1036750,10367.5,101.12547051003953,7.806434665516391e-18,0.00042139512702631706,0.00031858550076763393,
8b555dd786,40000,326,1039940,10399.4,101.12547051003953,3.812021123530856e-17,0.00042139512702631706,0.00031905064051406586,
8b555dd786,40000,327,1043130,10431.3,101.12547051003953,5.746592735707559e-18,0.00042139512702631706,0.0003132128052158315,
8b555dd786,40000,328,1046320,10463.2,101.12547051003953,6.521976785089967e-18,0.00042139512702631706,0.0003237788773061923,
8b555dd786,40000,329,1049510,10495.1,101.12547051003953,6.782595082639866e-18,0.00042139512702631706,0.0003184920621560495,
8b555dd786,40000,330,1052700,10527.0,101.12547051003953,1.8989334111890613e-17,0.00042139512702631706,0.0003411506616740968,
8b555dd786,40000,331,1055890,10558.9,101.12547051003953,1.8248821501751338e-17,0.00042139512702631706,0.0003152566247300334,
8b555dd786,40000,332,1059080,10590.8,101.12547051003953,7.714256311780676e-18,0.00042139512702631706,0.00034218271451565645,
8b555dd786,40000,333,1062270,10622.7,101.12547051003953,9.456699581431179e-18,0.00042139512702631706,0.00029328632213191,
8b555dd786,40000,334,1065460,10654.6,101.12547051003953,4.4384894342537135e-17,0.00042139512702631706,0.00031121079937855957,
8b555dd786,40000,335,1068650,10686.5,101.12547051003834,3.973842195598803e-17,0.00041235596347914287,0.00033616117518176126,
8b555dd786,40000,336,1071840,10718.4,101.12547051003834,1.2555782243543003e-17,0.00041235596347914287,0.00035117257524095374,
8b555dd786,40000,337,1075030,10750.3,101.12547051003834,1.2454014938023724e-17,0.00041235596347914287,0.0003220680607434782,
8b555dd786,40000,338,1078220,10782.2,101.12547051003834,1.0519493906734336e-17,0.00041235596347914287,0.00032875032900684525,
8b555dd786,40000,339,1081410,10814.1,101.12547051003834,1.0396701316638753e-17,0.00041235596347914287,0.0003120126504069475,
8b555dd786,40000,340,1084600,10846.0,101.12547051003834,5.566999219106099e-18,0.00041235596347914287,0.00031064662527263313,
8b555dd786,40000,341,1087790,10877.9,101.12547051003834,7.2390349938434e-17,0.00041235596347914287,0.00032047187231017506,
8b555dd786,40000,342,1090980,10909.8,101.12547050997817,6.5755828225678195e-18,0.00035888937448845455,0.0002713691444324977,
8b555dd786,40000,343,1094170,10941.7,101.12547050997817,6.3861971655779865e-18,0.00035888937448845455,0.00030064739741970134,
8b555dd786,40000,344,1097360,10973.6,101.12547050997817,4.035963191915847e-17,0.00035888937448845455,0.000252925659979454,
8b555dd786,40000,345,1100550,11005.5,101.12547050997817,1.4585725990219444e-17,0.00035888937448845455,0.0002640672285693029,
8b555dd786,40000,346,1103740,11037.4,101.12547050997058,9.48970765313108e-18,0.00036659404442852936,0.0002757228833787116,
8b555dd786,40000,347,1106930,11069.3,101.12547050997058,8.4151672485734e-19,0.00036659404442852936,0.0002674944449390928,
8b555dd786,40000,348,1110120,11101.2,101.12547050997058,7.081119328006768e-18,0.00036659404442852936,0.00028259230390822424,
8b555dd786,40000,349,1113310,11133.1,101.12547050997058,2.0459777970719783e-18,0.00036659404442852936,0.0002727046402322079,
8b555dd786,40000,350,1116500,11165.0,101.12547050997058,9.99386743303668e-18,0.00036659404442852936,0.00023710303653930843,
8b555dd786,40000,351,1119690,11196.9,101.12547050997058,7.628070769952745e-18,0.00036659404442852936,0.000300542715236168,
8b555dd786,40000,352,1122880,11228.8,101.12547050997058,3.022603850113797e-18,0.00036659404442852936,0.0003075869976644407,
8b555dd786,40000,353,1126070,11260.7,101.12547050997058,8.850438719426184e-18,0.00036659404442852936,0.0002737137460670637,
8b555dd786,40000,354,1129260,11292.6,101.12547050997058,7.74172120483425e-18,0.00036659404442852936,0.00028865426179202974,
8b555dd786,40000,355,1132450,11324.5,101.12547050997058,6.69116984572666e-18,0.00036659404442852936,0.0002861580514499174,
8b555dd786,40000,356,1135640,11356.4,101.12547050997058,4.288229069418741e-19,0.00036659404442852936,0.00027339950219475287,
8b555dd786,40000,357,1138830,11388.3,101.12547050997058,1.0087742904720833e-17,0.00036659404442852936,0.00029096109340519645,
8b555dd786,40000,358,1142020,11420.2,101.12547050997058,3.4494076157515464e-18,0.00036659404442852936,0.0002971704057810455,
8b555dd786,40000,359,1145210,11452.1,101.12547050997058,9.562283743988475e-18,0.00036659404442852936,0.0002536048112784042,
8b555dd786,40000,360,1148400,11484.0,101.12547050997058,3.539633973314371e-18,0.00036659404442852936,0.00025587649863849235,
8b555dd786,40000,361,1151590,11515.9,101.12547050997058,4.166559008995229e-19,0.00036659404442852936,0.00028191017302425656,
8b555dd786,40000,362,1154780,11547.8,101.12547050997058,8.802570701555321e-18,0.00036659404442852936,0.00027681501399718847,
8b555dd786,40000,363,1157970,11579.7,101.12547050997058,8.203799763313072e-18,0.00036659404442852936,0.0002698613479182587,
8b555dd786,40000,364,1161160,11611.6,101.12547050997058,4.580974252442417e-18,0.00036659404442852936,0.00029222435475563464,
8b555dd786,40000,365,1164350,11643.5,101.12547050997058,5.786493884792773e-18,0.00036659404442852936,0.0002792776107129546,
8b555dd786,40000,366,1167540,11675.4,101.12547050997058,7.559346077734018e-18,0.00036659404442852936,0.00026356957991319007,
8b555dd786,40000,367,1170730,11707.3,101.12547050997058,6.142449022425552e-18,0.00036659404442852936,0.000253260207394906,
8b555dd786,40000,368,1173920,11739.2,101.12547050997058,7.989149581902411e-18,0.00036659404442852936,0.0002998129503983556,
8b555dd786,40000,369,1177110,11771.1,101.12547050997058,2.2707290696462192e-18,0.00036659404442852936,0.00026715658516610893,
8b555dd786,40000,370,1180300,11803.0,101.12547050997058,7.699604041247045e-18,0.00036659404442852936,0.00028097781587810137,
8b555dd786,40000,371,1183490,11834.9,101.12547050997058,8.382978338029544e-18,0.00036659404442852936,0.00028229658277537757,
8b555dd786,40000,372,1186680,11866.8,101.12547050997058,8.421680158849316e-18,0.00036659404442852936,0.0002652464685378905,
8b555dd786,40000,373,1189870,11898.7,101.12547050997058,1.6880783755122321e-18,0.00036659404442852936,0.00026078196356650824,
8b555dd786,40000,374,1193060,11930.6,101.12547050997058,6.552560927766827e-18,0.00036659404442852936,0.00027156506659580833,
8b555dd786,40000,375,1196250,11962.5,101.12547050997058,1.0372561675552561e-17,0.00036659404442852936,0.0003023634073739913,
8b555dd786,40000,376,1199440,11994.4,101.12547050997058,9.287143072569712e-18,0.00036659404442852936,0.0003205731969048437,
8b555dd786,40000,377,1202630,12026.3,101.12547050997058,8.368894849883703e-19,0.00036659404442852936,0.0002678787039101322,
8b555dd786,40000,378,1205820,12058.2,101.12547050997058,6.5816619456462035e-18,0.00036659404442852936,0.000300789826461168,
8b555dd786,40000,379,1209010,12090.1,101.12547050997058,1.2204398469586658e-17,0.00036659404442852936,0.0003056199996557824,
8b555dd786,40000,380,1212200,12122.0,101.12547050997058,8.101613706463872e-18,0.00036659404442852936,0.0002954653818033272,
8b555dd786,40000,381,1215390,12153.9,101.12547050997058,1.3174572498158413e-17,0.00036659404442852936,0.0002705269386808781,
8b555dd786,40000,382,1218580,12185.8,101.12547050997058,1.1080962335992963e-17,0.00036659404442852936,0.0003074337367433008,
8b555dd786,40000,383,1221770,12217.7,101.12547050997058,1.669837999360865e-18,0.00036659404442852936,0.0002718822298886135,
8b555dd786,40000,384,1224960,12249.6,101.12547050997058,8.753488509343285e-18,0.00036659404442852936,0.0002642277658095872,
8b555dd786,40000,385,1228150,12281.5,101.12547050997058,6.7231228752820704e-18,0.00036659404442852936,0.00027864606061857945,
8b555dd786,40000,386,1231340,12313.4,101.12547050997058,1.1842754963054191e-17,0.00036659404442852936,0.00028229573945250645,
8b555dd786,40000,387,1234530,12345.3,101.12547050997058,3.3304730124507005e-18,0.00036659404442852936,0.0002815386236806456,
8b555dd786,40000,388,1237720,12377.2,101.12547050997058,8.644682557146899e-18,0.00036659404442852936,0.000307612031294535,
8b555dd786,40000,389,1240910,12409.1,101.12547050997058,5.445522054380499e-18,0.00036659404442852936,0.0002648873632440773,
8b555dd786,40000,390,1244100,12441.0,101.12547050997058,8.267721750444646e-18,0.00036659404442852936,0.00027885940194714956,
8b555dd786,40000,391,1247290,12472.9,101.12547050997058,1.1065803549837231e-17,0.00036659404442852936,0.0002810187489446289,
8b555dd786,40000,392,1250480,12504.8,101.12547050997058,1.3501817575337287e-18,0.00036659404442852936,0.0002703104715851073,
8b555dd786,40000,393,1253670,12536.7,101.12547050997058,1.921291325013445e-17,0.00036659404442852936,0.00026828515564321397,
8b555dd786,40000,394,1256860,12568.6,101.12547050997058,1.0137669004245635e-17,0.00036659404442852936,0.00028757485825811185,
8b555dd786,40000,395,1260050,12600.5,101.12547050997058,1.249991641050641e-17,0.00036659404442852936,0.00026854509340817613,
8b555dd786,40000,396,1263240,12632.4,101.12547050997058,8.192082850652737e-18,0.00036659404442852936,0.00027540970630978904,
8b555dd786,40000,397,1266430,12664.3,101.12547050997058,2.24301031754311e-17,0.00036659404442852936,0.00029004332967457093,
8b555dd786,40000,398,1269620,12696.2,101.12547050997058,7.399695185240332e-18,0.00036659404442852936,0.00023553230828749668,
8b555dd786,40000,399,1272810,12728.1,101.12547050997058,7.369235085373505e-18,0.00036659404442852936,0.00030124037440915373,
8b555dd786,40000,400,1276000,12760.0,101.12547050997058,7.287433192702604e-18,0.00036659404442852936,0.00025410249313814667,
8b555dd786,40000,401,1279190,12791.9,101.12547050997058,1.388096926395802e-17,0.00036659404442852936,0.0003011680254625229,
8b555dd786,40000,402,1282380,12823.8,101.12547050997058,8.19276717539092e-18,0.00036659404442852936,0.00029003791325510087,
8b555dd786,40000,403,1285570,12855.7,101.12547050997058,1.14902974443241e-17,0.00036659404442852936,0.00028561681101566807,
8b555dd786,40000,404,1288760,12887.6,101.12547050997058,1.0564429267562372e-17,0.00036659404442852936,0.00026853005038894086,
8b555dd786,40000,405,1291950,12919.5,101.12547050997058,6.174326990772544e-18,0.00036659404442852936,0.0002716484603395499,
8b555dd786,40000,406,1295140,12951.4,101.12547050997058,8.180823143979364e-18,0.00036659404442852936,0.00029929042688233977,
8b555dd786,40000,407,1298330,12983.3,101.12547050997058,6.808695571714175e-18,0.00036659404442852936,0.00030859911951795717,
8b555dd786,40000,408,1301520,13015.2,101.12547050997058,1.0998929939344177e-17,0.00036659404442852936,0.0002879838142972626,
8b555dd786,40000,409,1304710,13047.1,101.12547050997058,1.1069078466649823e-17,0.00036659404442852936,0.0002954845924496306,
8b555dd786,40000,410,1307900,13079.0,101.12547050997058,1.1107942432214676e-17,0.00036659404442852936,0.0002718631579179948,
8b555dd786,40000,411,1311090,13110.9,101.12547050997058,6.4650978089395595e-18,0.00036659404442852936,0.00028010648634274664,
8b555dd786,40000,412,1314280,13142.8,101.12547050997058,7.342394318178913e-18,0.00036659404442852936,0.00030812602926342267,
8b555dd786,40000,413,1317470,13174.7,101.12547050997058,9.927655533273048e-18,0.00036659404442852936,0.0002795209196948415,
8b555dd786,40000,414,1320660,13206.6,101.12547050997058,1.818373257619681e-17,0.00036659404442852936,0.00024081454598195434,
8b555dd786,40000,415,1323850,13238.5,101.12547050997058,1.6245118017949372e-17,0.00036659404442852936,0.0002875656406603141,
8b555dd786,40000,416,1327040,13270.4,101.12547050997058,7.311392689752692e-18,0.00036659404442852936,0.0002791276213766248,
8b555dd786,40000,417,1330230,13302.3,101.12547050997058,1.121119998356875e-17,0.00036659404442852936,0.0002790243677898921,
8b555dd786,40000,418,1333420,13334.2,101.12547050997058,6.771029707922981e-18,0.00036659404442852936,0.0003029009406393887,
8b555dd786,40000,419,1336610,13366.1,101.12547050997058,6.569768575671208e-18,0.00036659404442852936,0.0003050728214732597,
8b555dd786,40000,420,1339800,13398.0,101.12547050997058,1.004545348782601e-17,0.00036659404442852936,0.0002682530900983505,
8b555dd786,40000,421,1342990,13429.9,101.12547050997058,6.1677605470644204e-18,0.00036659404442852936,0.0002794598914826586,
8b555dd786,40000,422,1346180,13461.8,101.12547050997058,8.492251410076894e-18,0.00036659404442852936,0.0002893647484451833,
8b555dd786,40000,423,1349370,13493.7,101.12547050997058,7.136113603874442e-18,0.00036659404442852936,0.0003062155356455811,
8b555dd786,40000,424,1352560,13525.6,101.12547050997058,1.0736753143210773e-17,0.00036659404442852936,0.0002678594400118013,
8b555dd786,40000,425,1355750,13557.5,101.12547050997058,1.0308751787235555e-17,0.00036659404442852936,0.00026856745451651545,
8b555dd786,40000,426,1358940,13589.4,101.12547050997058,9.092598135019748e-19,0.00036659404442852936,0.0002942294535376436,
8b555dd786,40000,427,1362130,13621.3,101.12547050997058,6.728152889575676e-18,0.00036659404442852936,0.0002827952305943724,
8b555dd786,40000,428,1365320,13653.2,101.12547050997058,2.105334941473661e-17,0.00036659404442852936,0.0003039529242962504,
8b555dd786,40000,429,1368510,13685.1,101.12547050997058,2.6124985108172902e-17,0.00036659404442852936,0.0002955904465520075,
8b555dd786,40000,430,1371700,13717.0,101.12547050997058,6.3072772233910794e-18,0.00036659404442852936,0.00028124195147151204,
8b555dd786,40000,431,1374890,13748.9,101.12547050997058,9.544698147900763e-18,0.00036659404442852936,0.0002786211482245442,
8b555dd786,40000,432,1378080,13780.8,101.12547050997058,9.296445665846027e-18,0.00036659404442852936,0.00029804909860143566,
8b555dd786,40000,433,1381270,13812.7,101.12547050997058,7.758608218697875e-18,0.00036659404442852936,0.0002749244859901675,
8b555dd786,40000,434,1384460,13844.6,101.12547050997058,8.230393898150892e-18,0.00036659404442852936,0.0002899543866287217,
8b555dd786,40000,435,1387650,13876.5,101.12547050997058,1.2264111544248508e-18,0.00036659404442852936,0.00028451133041308663,
8b555dd786,40000,436,1390840,13908.4,101.12547050997058,8.363846701451668e-18,0.00036659404442852936,0.0002683770518716624,
8b555dd786,40000,437,1394030,13940.3,101.12547050997058,1.2064377938494087e-17,0.00036659404442852936,0.000304539590912008,
8b555dd786,40000,438,1397220,13972.2,101.12547050997058,6.7503930439634435e-18,0.00036659404442852936,0.00026764361643795567,
8b555dd786,40000,439,1400410,14004.1,101.12547050997058,6.848938724689633e-18,0.00036659404442852936,0.00029532958912402245,
8b555dd786,40000,440,1403600,14036.0,101.12547050997058,6.992722148061938e-18,0.00036659404442852936,0.0003049023924347792,
8b555dd786,40000,441,1406790,14067.9,101.12547050997058,7.0530128051691e-18,0.00036659404442852936,0.0002851431228474973,
8b555dd786,40000,442,1409980,14099.8,101.12547050997058,2.293844103279365e-18,0.00036659404442852936,0.00023941354025783327,
8b555dd786,40000,443,1413170,14131.7,101.12547050997058,1.2822369264064763e-18,0.00036659404442852936,0.00026651902705101177,
8b555dd786,40000,444,1416360,14163.6,101.12547050997058,3.2094147263558354e-19,0.00036659404442852936,0.00025104079011134203,
8b555dd786,40000,445,1419550,14195.5,101.12547050997058,8.705505834044796e-18,0.00036659404442852936,0.00032006901246988805,
8b555dd786,40000,446,1422740,14227.4,101.12547050997058,8.596299213894246e-18,0.00036659404442852936,0.0002746067343353384,
8b555dd786,40000,447,1425930,14259.3,101.12547050997058,1.2459464088704312e-17,0.00036659404442852936,0.0002580066806256191,
8b555dd786,40000,448,1429120,14291.2,101.12547050997058,7.190384384803496e-18,0.00036659404442852936,0.00028937020372422944,
8b555dd786,40000,449,1432310,14323.1,101.12547050997058,6.698566365868167e-18,0.00036659404442852936,0.00026657417077643444,
8b555dd786,40000,450,1435500,14355.0,101.12547050997058,8.9934472324396e-18,0.00036659404442852936,0.0002800386554331712,
8b555dd786,40000,451,1438690,14386.9,101.12547050997058,1.0811365296201142e-17,0.00036659404442852936,0.0002862118003219911,
8b555dd786,40000,452,1441880,14418.8,101.12547050997058,8.420002340591001e-18,0.00036659404442852936,0.0003189131358351064,
8b555dd786,40000,453,1445070,14450.7,101.12547050997058,4.1875154625199045e-18,0.00036659404442852936,0.00026960240034002467,
8b555dd786,40000,454,1448260,14482.6,101.12547050997058,9.250681657165872e-19,0.00036659404442852936,0.0002791576363278625,
8b555dd786,40000,455,1451450,14514.5,101.12547050997058,1.9266983795730588e-18,0.00036659404442852936,0.0003138218255871866,
8b555dd786,40000,456,1454640,14546.4,101.12547050997058,2.970408918869708e-18,0.00036659404442852936,0.0002633935778623874,
8b555dd786,40000,457,1457830,14578.3,101.12547050997058,9.204211755916609e-18,0.00036659404442852936,0.000304107658007873,
8b555dd786,40000,458,1461020,14610.2,101.12547050997058,8.703774167588252e-18,0.00036659404442852936,0.0002641408880736619,
8b555dd786,40000,459,1464210,14642.1,101.12547050997058,2.404255570874187e-18,0.00036659404442852936,0.0002888304135269797,
8b555dd786,40000,460,1467400,14674.0,101.12547050997058,6.1954159967452486e-18,0.00036659404442852936,0.00028596173220076264,
8b555dd786,40000,461,1470590,14705.9,101.12547050997058,1.3429591141704477e-17,0.00036659404442852936,0.00027804385069781005,
8b555dd786,40000,462,1473780,14737.8,101.12547050997058,1.5075541886801046e-17,0.00036659404442852936,0.0002540550185711126,
8b555dd786,40000,463,1476970,14769.7,101.12547050997058,7.841745480715188e-18,0.00036659404442852936,0.00031441996958046477,
8b555dd786,40000,464,1480160,14801.6,101.12547050997058,7.98314016067459e-18,0.00036659404442852936,0.0002689257803067057,
8b555dd786,40000,465,1483350,14833.5,101.12547050997058,7.739069837463595e-18,0.00036659404442852936,0.0002665213032888727,
8b555dd786,40000,466,1486540,14865.4,101.12547050997058,9.360663481222604e-18,0.00036659404442852936,0.0002455782408776335,
8b555dd786,40000,467,1489730,14897.3,101.12547050997058,7.466223706669385e-18,0.00036659404442852936,0.0002575666432308145,
8b555dd786,40000,468,1492920,14929.2,101.12547050997058,5.67772805368219e-18,0.00036659404442852936,0.0002847047934621693,
8b555dd786,40000,469,1496110,14961.1,101.12547050997058,7.197119501577024e-18,0.00036659404442852936,0.00029589938784046154,
8b555dd786,40000,470,1499300,14993.0,101.12547050997058,6.571840588520927e-18,0.00036659404442852936,0.00028813440848192206,
8b555dd786,40000,471,1502490,15024.9,101.12547050997058,1.2316598384634087e-17,0.00036659404442852936,0.00030559324592184826,
8b555dd786,40000,472,1505680,15056.8,101.12547050997058,6.316352416820678e-18,0.00036659404442852936,0.0002857862175282823,
8b555dd786,40000,473,1508870,15088.7,101.12547050997058,3.5013720789224605e-19,0.00036659404442852936,0.00025136809225854653,
8b555dd786,40000,474,1512060,15120.6,101.12547050997058,2.108352675642618e-18,0.00036659404442852936,0.0002801324311778142,
8b555dd786,40000,475,1515250,15152.5,101.12547050997058,8.473931632252354e-18,0.00036659404442852936,0.00028082931503701375,
8b555dd786,40000,476,1518440,15184.4,101.12547050997058,9.480679610313512e-18,0.00036659404442852936,0.00026704539663792746,
8b555dd786,40000,477,1521630,15216.3,101.12547050997058,2.7042831134856193e-18,0.00036659404442852936,0.0002779905999696623,
8b555dd786,40000,478,1524820,15248.2,101.12547050997058,7.899656917245031e-18,0.00036659404442852936,0.00030335752034990344,
8b555dd786,40000,479,1528010,15280.1,101.12547050997058,3.25787643387401e-18,0.00036659404442852936,0.0002519047270224691,
8b555dd786,40000,480,1531200,15312.0,101.12547050997058,7.495357678810441e-18,0.00036659404442852936,0.0002709424245236197,
8b555dd786,40000,481,1534390,15343.9,101.12547050997058,3.115192483110199e-18,0.00036659404442852936,0.00027356921017004704,
8b555dd786,40000,482,1537580,15375.8,101.12547050997058,4.4702840061034924e-18,0.00036659404442852936,0.0002961649826642878,
8b555dd786,40000,483,1540770,15407.7,101.12547050997058,2.0121081214503204e-18,0.00036659404442852936,0.0002848725957726744,
8b555dd786,40000,484,1543960,15439.6,101.12547050997058,5.759992555853051e-18,0.00036659404442852936,0.00028592583702490135,
8b555dd786,40000,485,1547150,15471.5,101.12547050997058,4.236984816918437e-18,0.00036659404442852936,0.00028729387921733846,
8b555dd786,40000,486,1550340,15503.4,101.12547050997058,3.495302082348549e-18,0.00036659404442852936,0.00028769497267071954,
8b555dd786,40000,487,1553530,15535.3,101.12547050997058,4.840708052118589e-18,0.00036659404442852936,0.0003031367587845871,
8b555dd786,40000,488,1556720,15567.2,101.12547050997058,7.866553380206371e-18,0.00036659404442852936,0.00031859087391869435,
8b555dd786,40000,489,1559910,15599.1,101.12547050997058,1.0084542098882915e-17,0.00036659404442852936,0.0002699297563755351,
8b555dd786,40000,490,1563100,15631.0,101.12547050997058,6.683497056648282e-18,0.00036659404442852936,0.000276574938864996,
8b555dd786,40000,491,1566290,15662.9,101.12547050997058,2.6234878516914867e-17,0.00036659404442852936,0.0002719052330111234,
8b555dd786,40000,492,1569480,15694.8,101.12547050997058,1.2450243822257711e-17,0.00036659404442852936,0.00028201845545744453,
8b555dd786,40000,493,1572670,15726.7,101.12547050997058,1.2689345558209908e-17,0.00036659404442852936,0.00026792391639055376,
8b555dd786,40000,494,1575860,15758.6,101.12547050997058,6.781946377241368e-18,0.00036659404442852936,0.0003036222088523998,
8b555dd786,40000,495,1579050,15790.5,101.12547050997058,1.0144101841503472e-17,0.00036659404442852936,0.0002908778830593137,
8b555dd786,40000,496,1582240,15822.4,101.12547050997058,1.188223996671901e-17,0.00036659404442852936,0.0003113902909433971,
8b555dd786,40000,497,1585430,15854.3,101.12547050997058,3.5346533392830633e-17,0.00036659404442852936,0.00028885052447855336,
8b555dd786,40000,498,1588620,15886.2,101.125470509952,9.040953867740059e-18,0.0003039467626569443,0.00021790106270640596,
8b555dd786,40000,499,1591810,15918.1,101.125470509952,1.931223418005097e-17,0.0003039467626569443,0.00019558266338596338,
8b555dd786,40000,500,1595000,15950.0,101.125470509952,2.746012798764382e-17,0.0003039467626569443,0.0002303682631428523,
8b555dd786,40000,501,1598190,15981.9,101.125470509952,5.689923497620206e-18,0.0003039467626569443,0.0002325535254427912,
8b555dd786,40000,502,1601380,16013.8,101.125470509952,1.0949533177938046e-17,0.0003039467626569443,0.0002612855725403597,
8b555dd786,40000,503,1604570,16045.7,101.125470509952,2.5303054139371584e-17,0.0003039467626569443,0.00025094925526212804,
8b555dd786,40000,504,1607760,16077.6,101.125470509952,9.830724521505075e-18,0.0003039467626569443,0.00021359927566207913,
8b555dd786,40000,505,1610950,16109.5,101.125470509952,7.484973914214971e-18,0.0003039467626569443,0.00021518960927999334,
8b555dd786,40000,506,1614140,16141.4,101.125470509952,3.5114302271065147e-19,0.0003039467626569443,0.0002447150179676264,
8b555dd786,40000,507,1617330,16173.3,101.125470509952,1.4595353657350342e-18,0.0003039467626569443,0.00023769234541063544,
8b555dd786,40000,508,1620520,16205.2,101.125470509952,7.94073262699335e-18,0.0003039467626569443,0.00024039009958679692,
8b555dd786,40000,509,1623710,16237.1,101.125470509952,6.437402214239234e-18,0.0003039467626569443,0.00025109000183255276,
8b555dd786,40000,510,1626900,16269.0,101.125470509952,1.9202212975139417e-18,0.0003039467626569443,0.00023418973232445449,
8b555dd786,40000,511,1630090,16300.9,101.125470509952,6.665242706964071e-18,0.0003039467626569443,0.00023775481790681087,
8b555dd786,40000,512,1633280,16332.8,101.125470509952,1.388133450485305e-18,0.0003039467626569443,0.00022871102022914566,
8b555dd786,40000,513,1636470,16364.7,101.125470509952,8.184043007274574e-18,0.0003039467626569443,0.00022356087141939818,
8b555dd786,40000,514,1639660,16396.6,101.125470509952,1.1225710001742118e-17,0.0003039467626569443,0.0002593948988449602,
8b555dd786,40000,515,1642850,16428.5,101.125470509952,5.877003043426378e-18,0.0003039467626569443,0.00021961683391707987,
8b555dd786,40000,516,1646040,16460.4,101.125470509952,5.760343803573742e-18,0.0003039467626569443,0.000228643298462078,
8b555dd786,40000,517,1649230,16492.3,101.125470509952,1.6986805525631326e-17,0.0003039467626569443,0.0002454003622752257,
8b555dd786,40000,518,1652420,16524.2,101.125470509952,2.2171054799967396e-18,0.0003039467626569443,0.00024960644162734026,
8b555dd786,40000,519,1655610,16556.1,101.125470509952,1.1059892939741933e-17,0.0003039467626569443,0.0002477882396452601,
8b555dd786,40000,520,1658800,16588.0,101.125470509952,1.3617024406344654e-17,0.0003039467626569443,0.00024307166262451258,
8b555dd786,40000,521,1661990,16619.9,101.125470509952,8.851123828221068e-18,0.0003039467626569443,0.00022181460200902374,
8b555dd786,40000,522,1665180,16651.8,101.125470509952,1.358220798433918e-17,0.0003039467626569443,0.00023337138052722143,
8b555dd786,40000,523,1668370,16683.7,101.125470509952,3.9250331190512736e-18,0.0003039467626569443,0.00022499097378284575,
8b555dd786,40000,524,1671560,16715.6,101.125470509952,8.968107848132859e-18,0.0003039467626569443,0.0002523868430093785,
8b555dd786,40000,525,1674750,16747.5,101.125470509952,1.0112535532492652e-17,0.0003039467626569443,0.00022592060494161254,
8b555dd786,40000,526,1677940,16779.4,101.125470509952,5.513741064581973e-18,0.0003039467626569443,0.00024386831575853182,
8b555dd786,40000,527,1681130,16811.3,101.125470509952,6.844703036107369e-18,0.0003039467626569443,0.00025001982270101406,
8b555dd786,40000,528,1684320,16843.2,101.125470509952,6.8711418007330835e-18,0.0003039467626569443,0.00022935539461792228,
8b555dd786,40000,529,1687510,16875.1,101.125470509952,7.08422383876678e-18,0.0003039467626569443,0.00024702107608326593,
8b555dd786,40000,530,1690700,16907.0,101.125470509952,7.491354486930242e-18,0.0003039467626569443,0.00024309712302715398,
8b555dd786,40000,531,1693890,16938.9,101.125470509952,1.3758242110359015e-18,0.0003039467626569443,0.000221033216929181,
8b555dd786,40000,532,1697080,16970.8,101.125470509952,7.461920291701317e-18,0.0003039467626569443,0.00023950566932953623,
8b555dd786,40000,533,1700270,17002.7,101.125470509952,5.9045490614188855e-18,0.0003039467626569443,0.00020492992000885037,
8b555dd786,40000,534,1703460,17034.6,101.125470509952,1.6094438815038058e-18,0.0003039467626569443,0.00023835658188179948,
8b555dd786,40000,535,1706650,17066.5,101.125470509952,7.449623996678663e-18,0.0003039467626569443,0.0002381246782037612,
8b555dd786,40000,536,1709840,17098.4,101.125470509952,6.87471393503658e-19,0.0003039467626569443,0.00023721186575243952,
8b555dd786,40000,537,1713030,17130.3,101.125470509952,7.759161792896455e-19,0.0003039467626569443,0.00023818622307014006,
8b555dd786,40000,538,1716220,17162.2,101.125470509952,6.872427714926843e-19,0.0003039467626569443,0.00022852436837831212,
8b555dd786,40000,539,1719410,17194.1,101.125470509952,4.699634542664963e-18,0.0003039467626569443,0.0002335543803427622,
8b555dd786,40000,540,1722600,17226.0,101.125470509952,1.0548268701835169e-17,0.0003039467626569443,0.00021688490458677976,
8b555dd786,40000,541,1725790,17257.9,101.125470509952,7.159992915455434e-18,0.0003039467626569443,0.00025374584559956123,
8b555dd786,40000,542,1728980,17289.8,101.125470509952,1.4871364472126773e-17,0.0003039467626569443,0.00024163173861982193,
8b555dd786,40000,543,1732170,17321.7,101.125470509952,8.649989206361528e-18,0.0003039467626569443,0.00023225542959481648,
8b555dd786,40000,544,1735360,17353.6,101.125470509952,6.242014866081011e-18,0.0003039467626569443,0.0002488949417172698,
8b555dd786,40000,545,1738550,17385.5,101.125470509952,6.034690817052957e-18,0.0003039467626569443,0.00022145232430562033,
8b555dd786,40000,546,1741740,17417.4,101.125470509952,6.886979957725511e-18,0.0003039467626569443,0.00025863915681586093,
8b555dd786,40000,547,1744930,17449.3,101.125470509952,6.928918773614535e-18,0.0003039467626569443,0.00021651812096674627,
8b555dd786,40000,548,1748120,17481.2,101.125470509952,8.389309871025658e-18,0.0003039467626569443,0.00021968261047419874,
8b555dd786,40000,549,1751310,17513.1,101.125470509952,8.042383698829988e-18,0.0003039467626569443,0.00021300804802156648,
8b555dd786,40000,550,1754500,17545.0,101.125470509952,6.413978883775678e-18,0.0003039467626569443,0.0002408804441022514,
8b555dd786,40000,551,1757690,17576.9,101.125470509952,8.389558690232555e-18,0.0003039467626569443,0.00024015140110438847,
8b555dd786,40000,552,1760880,17608.8,101.125470509952,6.9353262791946654e-18,0.0003039467626569443,0.00023914852944075803,
8b555dd786,40000,553,1764070,17640.7,101.125470509952,1.1165074718336936e-17,0.0003039467626569443,0.00024676437296489373,
8b555dd786,40000,554,1767260,17672.6,101.125470509952,9.629559224858333e-18,0.0003039467626569443,0.0002365682565175962,
8b555dd786,40000,555,1770450,17704.5,101.125470509952,7.383822560669982e-18,0.0003039467626569443,0.0002481458451783449,
8b555dd786,40000,556,1773640,17736.4,101.125470509952,6.3850857512539934e-18,0.0003039467626569443,0.00023284929662267223,
8b555dd786,40000,557,1776830,17768.3,101.125470509952,4.532060588664513e-18,0.0003039467626569443,0.00023024733748797563,
8b555dd786,40000,558,1780020,17800.2,101.125470509952,6.366823459355667e-18,0.0003039467626569443,0.00023573684888564841,
8b555dd786,40000,559,1783210,17832.1,101.125470509952,4.4906809498460536e-18,0.0003039467626569443,0.0002625992608293161,
8b555dd786,40000,560,1786400,17864.0,101.125470509952,7.192085603246361e-18,0.0003039467626569443,0.00023907438729517546,
8b555dd786,40000,561,1789590,17895.9,101.125470509952,5.545219135769989e-18,0.0003039467626569443,0.00023679944765191385,
8b555dd786,40000,562,1792780,17927.8,101.125470509952,6.920633853105757e-19,0.0003039467626569443,0.00024280923214414435,
8b555dd786,40000,563,1795970,17959.7,101.125470509952,2.527189563185232e-18,0.0003039467626569443,0.00024394689690770437,
8b555dd786,40000,564,1799160,17991.6,101.125470509952,6.906782217259519e-19,0.0003039467626569443,0.00023093525188775746,
8b555dd786,40000,565,1802350,18023.5,101.125470509952,6.404340144515234e-19,0.0003039467626569443,0.00021834977290630355,
8b555dd786,40000,566,1805540,18055.4,101.125470509952,2.561342939388437e-18,0.0003039467626569443,0.0002200017720889321,
8b555dd786,40000,567,1808730,18087.3,101.125470509952,1.508931978824942e-18,0.0003039467626569443,0.00024586936198065206,
8b555dd786,40000,568,1811920,18119.2,101.125470509952,1.0918099289172595e-17,0.0003039467626569443,0.0002431664861215249,
8b555dd786,40000,569,1815110,18151.1,101.125470509952,1.0753309005435057e-17,0.0003039467626569443,0.00025654226973500734,
8b555dd786,40000,570,1818300,18183.0,101.125470509952,1.3778396869509535e-18,0.0003039467626569443,0.00025031222033146454,
8b555dd786,40000,571,1821490,18214.9,101.125470509952,1.506723998610947e-17,0.0003039467626569443,0.00022123760462044138,
8b555dd786,40000,572,1824680,18246.8,101.125470509952,3.991544589558614e-18,0.0003039467626569443,0.0002506081428025437,
8b555dd786,40000,573,1827870,18278.7,101.125470509952,1.0687451947031785e-17,0.0003039467626569443,0.00021526922356298562,
8b555dd786,40000,574,1831060,18310.6,101.125470509952,1.0188039375646595e-17,0.0003039467626569443,0.0002416909788115049,
8b555dd786,40000,575,1834250,18342.5,101.125470509952,6.905392120196361e-18,0.0003039467626569443,0.00022172702669179806,
8b555dd786,40000,576,1837440,18374.4,101.125470509952,5.3641409079643884e-18,0.0003039467626569443,0.0002410244048316688,
8b555dd786,40000,577,1840630,18406.3,101.125470509952,1.1617164795757627e-18,0.0003039467626569443,0.00021435805903214378,
8b555dd786,40000,578,1843820,18438.2,101.125470509952,3.1007646172837877e-18,0.0003039467626569443,0.00023293428033776127,
8b555dd786,40000,579,1847010,18470.1,101.125470509952,1.0617866989117544e-17,0.0003039467626569443,0.0002458504380046829,
8b555dd786,40000,580,1850200,18502.0,101.125470509952,7.3392771663946e-18,0.0003039467626569443,0.00024154209594808438,
8b555dd786,40000,581,1853390,18533.9,101.125470509952,9.678507988962427e-18,0.0003039467626569443,0.00023324392447697786,
8b555dd786,40000,582,1856580,18565.8,101.125470509952,3.29737873533053e-18,0.0003039467626569443,0.0002339322708242212,
8b555dd786,40000,583,1859770,18597.7,101.125470509952,1.1192426558348739e-17,0.0003039467626569443,0.00023997502478385877,
8b555dd786,40000,584,1862960,18629.6,101.125470509952,6.881731601600415e-18,0.0003039467626569443,0.0002018002137690669,
8b555dd786,40000,585,1866150,18661.5,101.125470509952,6.8447336606961195e-18,0.0003039467626569443,0.00024417445555709064,
8b555dd786,40000,586,1869340,18693.4,101.125470509952,8.000558794346512e-18,0.0003039467626569443,0.00022366036013070988,
8b555dd786,40000,587,1872530,18725.3,101.125470509952,3.9883845068745504e-17,0.0003039467626569443,0.00022912070751853841,
8b555dd786,40000,588,1875720,18757.2,101.125470509952,5.555454460825595e-18,0.0003039467626569443,0.00022850181631934742,
8b555dd786,40000,589,1878910,18789.1,101.125470509952,5.5349874824687776e-18,0.0003039467626569443,0.00026615568819700103,
8b555dd786,40000,590,1882100,18821.0,101.125470509952,9.536102437573191e-18,0.0003039467626569443,0.00023407737723114502,
8b555dd786,40000,591,1885290,18852.9,101.125470509952,1.6418766445783842e-17,0.0003039467626569443,0.00022229715503092,
8b555dd786,40000,592,1888480,18884.8,101.125470509952,7.940582095020986e-18,0.0003039467626569443,0.00024055997012447224,
8b555dd786,40000,593,1891670,18916.7,101.125470509952,7.322595574400302e-18,0.0003039467626569443,0.00024101104055391611,
8b555dd786,40000,594,1894860,18948.6,101.125470509952,7.933685064819974e-18,0.0003039467626569443,0.000220340368034123,
8b555dd786,40000,595,1898050,18980.5,101.125470509952,7.874587224391719e-18,0.0003039467626569443,0.00023603624545675948,
8b555dd786,40000,596,1901240,19012.4,101.125470509952,5.891381252921282e-18,0.0003039467626569443,0.00021946740342053815,
8b555dd786,40000,597,1904430,19044.3,101.125470509952,1.0151536532607207e-17,0.0003039467626569443,0.0002320856331978666,
8b555dd786,40000,598,1907620,19076.2,101.125470509952,9.38055407277345e-18,0.0003039467626569443,0.0002405010787039611,
8b555dd786,40000,599,1910810,19108.1,101.125470509952,1.4345773076224738e-17,0.0003039467626569443,0.0002532805270811806,
8b555dd786,40000,600,1914000,19140.0,101.125470509952,8.041833815079621e-18,0.0003039467626569443,0.00024363155306933725,
8b555dd786,40000,601,1917190,19171.9,101.125470509952,6.036540252268842e-18,0.0003039467626569443,0.0002546627221389718,
8b555dd786,40000,602,1920380,19203.8,101.125470509952,5.680913243376861e-18,0.0003039467626569443,0.00024747370468846476,
8b555dd786,40000,603,1923570,19235.7,101.125470509952,5.9218209592027934e-18,0.0003039467626569443,0.00023132129950860917,
8b555dd786,40000,604,1926760,19267.6,101.125470509952,5.457525422425626e-18,0.0003039467626569443,0.00023493047785313247,
8b555dd786,40000,605,1929950,19299.5,101.125470509952,4.244730647184272e-17,0.0003039467626569443,0.00026472210732265196,
8b555dd786,40000,606,1933140,19331.4,101.125470509952,1.1129356695975678e-17,0.0003039467626569443,0.00024013988753430985,
8b555dd786,40000,607,1936330,19363.3,101.125470509952,8.446235505200275e-18,0.0003039467626569443,0.00022445181922656402,
8b555dd786,40000,608,1939520,19395.2,101.125470509952,9.85785711842049e-18,0.0003039467626569443,0.00021445156365345255,
8b555dd786,40000,609,1942710,19427.1,101.125470509952,1.9083284064428863e-18,0.0003039467626569443,0.00023711168553472163,
8b555dd786,40000,610,1945900,19459.0,101.125470509952,8.487947449077354e-18,0.0003039467626569443,0.00023041208944631577,
8b555dd786,40000,611,1949090,19490.9,101.125470509952,1.4951578356281613e-18,0.0003039467626569443,0.00022824498935169208,
8b555dd786,40000,612,1952280,19522.8,101.125470509952,8.527946776895024e-18,0.0003039467626569443,0.00021615734674788165,
8b555dd786,40000,613,1955470,19554.7,101.125470509952,6.62140723587476e-18,0.0003039467626569443,0.0002544146787766575,
8b555dd786,40000,614,1958660,19586.6,101.125470509952,1.2079294535498062e-17,0.0003039467626569443,0.00021954711802820668,
8b555dd786,40000,615,1961850,19618.5,101.125470509952,2.45733705928585e-18,0.0003039467626569443,0.0002419669431513172,
8b555dd786,40000,616,1965040,19650.4,101.125470509952,5.5395401223541655e-18,0.0003039467626569443,0.00024045426687145365,
8b555dd786,40000,617,1968230,19682.3,101.125470509952,1.0405145993800905e-17,0.0003039467626569443,0.00022945510691081423,
8b555dd786,40000,618,1971420,19714.2,101.125470509952,7.778863239036407e-18,0.0003039467626569443,0.00024245576068744894,
8b555dd786,40000,619,1974610,19746.1,101.125470509952,8.072656839537495e-18,0.0003039467626569443,0.00023726059499674078,
8b555dd786,40000,620,1977800,19778.0,101.125470509952,5.5709577682849615e-18,0.0003039467626569443,0.00023222292465773983,
8b555dd786,40000,621,1980990,19809.9,101.125470509952,5.396889917417338e-19,0.0003039467626569443,0.0002449063575799655,
8b555dd786,40000,622,1984180,19841.8,101.125470509952,6.752302761706402e-18,0.0003039467626569443,0.000252190475713762,
8b555dd786,40000,623,1987370,19873.7,101.125470509952,5.966039572822889e-18,0.0003039467626569443,0.00022348893616562921,
8b555dd786,40000,624,1990560,19905.6,101.125470509952,1.3846963658850925e-18,0.0003039467626569443,0.00022955291253513882,
8b555dd786,40000,625,1993750,19937.5,101.125470509952,1.0775528263031675e-17,0.0003039467626569443,0.00023077187580041998,
8b555dd786,40000,626,1996940,19969.4,101.125470509952,3.78675920949116e-18,0.0003039467626569443,0.00023470563929962058,
8b555dd786,40000,627,2000130,20001.3,101.125470509952,7.36799216613477e-18,0.0003039467626569443,0.0002258372618697647,
8b555dd786,40000,628,2003320,20033.2,101.125470509952,2.912072568594511e-18,0.0003039467626569443,0.00024387059573706488,
8b555dd786,40000,629,2006510,20065.1,101.125470509952,5.357184722671889e-18,0.0003039467626569443,0.00024766261435451675,
8b555dd786,40000,630,2009700,20097.0,101.125470509952,1.1033485647098099e-17,0.0003039467626569443,0.00024374183115521395,
8b555dd786,40000,631,2012890,20128.9,101.125470509952,6.455506975507092e-18,0.0003039467626569443,0.0002532739340290086,
8b555dd786,40000,632,2016080,20160.8,101.125470509952,1.8216437272280534e-17,0.0003039467626569443,0.0002366754200436742,
8b555dd786,40000,633,2019270,20192.7,101.125470509952,8.06410025506146e-18,0.0003039467626569443,0.0002275178991189781,
8b555dd786,40000,634,2022460,20224.6,101.125470509952,7.096006226033461e-18,0.0003039467626569443,0.00021992929473979946,
8b555dd786,40000,635,2025650,20256.5,101.125470509952,8.874764761353309e-18,0.0003039467626569443,0.00023035435716671515,
8b555dd786,40000,636,2028840,20288.4,101.125470509952,8.139993825383574e-18,0.0003039467626569443,0.00026480335549968365,
8b555dd786,40000,637,2032030,20320.3,101.125470509952,5.505326782841177e-18,0.0003039467626569443,0.0002507039016276582,
8b555dd786,40000,638,2035220,20352.2,101.125470509952,6.1193605888047576e-18,0.0003039467626569443,0.00021955113588191397,
8b555dd786,40000,639,2038410,20384.1,101.125470509952,1.376079916362453e-18,0.0003039467626569443,0.00021019963649465798,
8b555dd786,40000,640,2041600,20416.0,101.125470509952,7.963911504264833e-18,0.0003039467626569443,0.00023321521909551899,
8b555dd786,40000,641,2044790,20447.9,101.125470509952,2.7009814661835555e-18,0.0003039467626569443,0.00022899314649261975,
8b555dd786,40000,642,2047980,20479.8,101.125470509952,5.735108418404997e-18,0.0003039467626569443,0.00022806640277218355,
8b555dd786,40000,643,2051170,20511.7,101.125470509952,6.348155243985446e-18,0.0003039467626569443,0.00022227591730063546,
8b555dd786,40000,644,2054360,20543.6,101.125470509952,1.0769410681309992e-17,0.0003039467626569443,0.0002295193064445599,
8b555dd786,40000,645,2057550,20575.5,101.125470509952,7.167694267859547e-18,0.0003039467626569443,0.00023839839335549742,
8b555dd786,40000,646,2060740,20607.4,101.125470509952,5.938731765244695e-19,0.0003039467626569443,0.00024586667049664445,
8b555dd786,40000,647,2063930,20639.3,101.125470509952,6.945903689543965e-18,0.0003039467626569443,0.00022332459123304189,
8b555dd786,40000,648,2067120,20671.2,101.125470509952,5.7731773011572986e-18,0.0003039467626569443,0.0002452203828316798,
8b555dd786,40000,649,2070310,20703.1,101.125470509952,5.9777269170347576e-18,0.0003039467626569443,0.00023369703615583285,
8b555dd786,40000,650,2073500,20735.0,101.125470509952,5.327363610269332e-18,0.0003039467626569443,0.0002310157790035524,
8b555dd786,40000,651,2076690,20766.9,101.125470509952,3.591918678683948e-18,0.0003039467626569443,0.0002622312580687469,
8b555dd786,40000,652,2079880,20798.8,101.125470509952,2.40521180355374e-18,0.0003039467626569443,0.00024907577292458655,
8b555dd786,40000,653,2083070,20830.7,101.125470509952,8.057045851313585e-18,0.0003039467626569443,0.0002489799203722673,
8b555dd786,40000,654,2086260,20862.6,101.125470509952,6.351604037243051e-18,0.0003039467626569443,0.0002595860523626256,
8b555dd786,40000,655,2089450,20894.5,101.125470509952,2.735933690813236e-19,0.0003039467626569443,0.00021866451751143863,
8b555dd786,40000,656,2092640,20926.4,101.125470509952,1.8108995459810353e-17,0.0003039467626569443,0.00024173176686121742,
8b555dd786,40000,657,2095830,20958.3,101.125470509952,1.8126288002701487e-17,0.0003039467626569443,0.00020985357202066328,
8b555dd786,40000,658,2099020,20990.2,101.125470509952,8.276757849850598e-18,0.0003039467626569443,0.00023485370340268393,
8b555dd786,40000,659,2102210,21022.1,101.125470509952,5.904550818454432e-18,0.0003039467626569443,0.00024129791430301786,
8b555dd786,40000,660,2105400,21054.0,101.125470509952,8.371242491672253e-18,0.0003039467626569443,0.00023242188909048368,
8b555dd786,40000,661,2108590,21085.9,101.125470509952,8.349519397847716e-18,0.0003039467626569443,0.0002602247762296306,
8b555dd786,40000,662,2111780,21117.8,101.125470509952,9.082535320714398e-18,0.0003039467626569443,0.0002214952739157925,
8b555dd786,40000,663,2114970,21149.7,101.125470509952,6.6668903282376754e-18,0.0003039467626569443,0.00023382961985228675,
8b555dd786,40000,664,2118160,21181.6,101.125470509952,1.0112510417469099e-17,0.0003039467626569443,0.00022394520130301522,
8b555dd786,40000,665,2121350,21213.5,101.125470509952,1.6782152254999986e-17,0.0003039467626569443,0.0002412985761390058,
8b555dd786,40000,666,2124540,21245.4,101.125470509952,7.110488850105932e-18,0.0003039467626569443,0.00022441535197918885,
8b555dd786,40000,667,2127730,21277.3,101.125470509952,9.953744570172652e-18,0.0003039467626569443,0.00023207727752434115,
8b555dd786,40000,668,2130920,21309.2,101.125470509952,1.5170030852091255e-17,0.0003039467626569443,0.00022778356286245463,
8b555dd786,40000,669,2134110,21341.1,101.125470509952,1.0052724029769753e-17,0.0003039467626569443,0.0002378355093710271,
8b555dd786,40000,670,2137300,21373.0,101.125470509952,5.5600831772615005e-18,0.0003039467626569443,0.0002511007592534683,
8b555dd786,40000,671,2140490,21404.9,101.125470509952,4.223739080299685e-18,0.0003039467626569443,0.00023032064183581773,
8b555dd786,40000,672,2143680,21436.8,101.125470509952,9.556998377992188e-18,0.0003039467626569443,0.0002468642240900253,
8b555dd786,40000,673,2146870,21468.7,101.125470509952,5.9436465151682114e-18,0.0003039467626569443,0.0002539873866223587,
8b555dd786,40000,674,2150060,21500.6,101.125470509952,1.0459363185886285e-17,0.0003039467626569443,0.00025194670342466006,
8b555dd786,40000,675,2153250,21532.5,101.125470509952,3.6368031866334656e-17,0.0003039467626569443,0.0002054151707970973,
8b555dd786,40000,676,2156440,21564.4,101.12547050992872,5.8325128894754305e-18,0.00036132026725433356,0.0002676842161525844,
8b555dd786,40000,677,2159630,21596.3,101.12547050992872,6.058685922679585e-18,0.00036132026725433356,0.0002963990172614598,
8b555dd786,40000,678,2162820,21628.2,101.12547050992872,2.775525799871158e-17,0.00036132026725433356,0.00029176174791873316,
8b555dd786,40000,679,2166010,21660.1,101.12547050992872,6.5607624666888665e-18,0.00036132026725433356,0.00027440640184049896,
8b555dd786,40000,680,2169200,21692.0,101.12547050992872,6.956893640137634e-18,0.00036132026725433356,0.00031659239645488436,
8b555dd786,40000,681,2172390,21723.9,101.12547050992872,1.1431726071179918e-17,0.00036132026725433356,0.0002911739031579257,
8b555dd786,40000,682,2175580,21755.8,101.12547050992872,7.258868657336961e-18,0.00036132026725433356,0.0003026206400573657,
8b555dd786,40000,683,2178770,21787.7,101.12547050992872,6.55269053423629e-18,0.00036132026725433356,0.00029715709679986824,
8b555dd786,40000,684,2181960,21819.6,101.12547050992872,7.270539071965595e-18,0.00036132026725433356,0.00027394568309577536,
8b555dd786,40000,685,2185150,21851.5,101.12547050992872,4.645170084555308e-18,0.00036132026725433356,0.0002670883801877838,
8b555dd786,40000,686,2188340,21883.4,101.12547050992872,6.1398686735618614e-18,0.00036132026725433356,0.00027925914369057855,
8b555dd786,40000,687,2191530,21915.3,101.12547050992872,7.624538247766488e-18,0.00036132026725433356,0.0002708177973141455,
8b555dd786,40000,688,2194720,21947.2,101.12547050992872,8.414703046679627e-18,0.00036132026725433356,0.00026109597612297193,
8b555dd786,40000,689,2197910,21979.1,101.12547050992872,1.2234764986813653e-17,0.00036132026725433356,0.0002632441433472311,
8b555dd786,40000,690,2201100,22011.0,101.12547050992872,1.8265770898656954e-17,0.00036132026725433356,0.0002969467753715877,
8b555dd786,40000,691,2204290,22042.9,101.12547050992872,6.541498016663355e-18,0.00036132026725433356,0.0002848813970898243,
8b555dd786,40000,692,2207480,22074.8,101.12547050992872,1.4503088247822318e-17,0.00036132026725433356,0.0002544847705306058,
8b555dd786,40000,693,2210670,22106.7,101.12547050992872,7.27083264015132e-18,0.00036132026725433356,0.00026871193479492456,
8b555dd786,40000,694,2213860,22138.6,101.12547050992872,1.6434285987993275e-17,0.00036132026725433356,0.0002812282413551269,
8b555dd786,40000,695,2217050,22170.5,101.12547050992872,1.5520691918238057e-18,0.00036132026725433356,0.0002963618414605854,
8b555dd786,40000,696,2220240,22202.4,101.12547050992872,1.072273438550904e-18,0.00036132026725433356,0.00028836767426971004,
8b555dd786,40000,697,2223430,22234.3,101.12547050992872,1.2399861870188625e-18,0.00036132026725433356,0.00026535886763340657,
8b555dd786,40000,698,2226620,22266.2,101.12547050992872,4.86156616298107e-19,0.00036132026725433356,0.00030466294061320763,
8b555dd786,40000,699,2229810,22298.1,101.12547050992872,8.171269955916718e-19,0.00036132026725433356,0.000289189487753787,
8b555dd786,40000,700,2233000,22330.0,101.12547050992872,5.847051927759938e-18,0.00036132026725433356,0.00026236154719972766,
8b555dd786,40000,701,2236190,22361.9,101.12547050992872,5.8953263979909325e-18,0.00036132026725433356,0.00028807434247499577,
8b555dd786,40000,702,2239380,22393.8,101.12547050992872,6.763896899512605e-18,0.00036132026725433356,0.00026792658634051486,
8b555dd786,40000,703,2242570,22425.7,101.12547050992872,5.320583040112677e-18,0.00036132026725433356,0.00028948421295296885,
8b555dd786,40000,704,2245760,22457.6,101.12547050992872,7.86232196277399e-18,0.00036132026725433356,0.00027463056878766014,
8b555dd786,40000,705,2248950,22489.5,101.12547050992872,7.64440105691389e-18,0.00036132026725433356,0.0002633453535910998,
8b555dd786,40000,706,2252140,22521.4,101.12547050992872,2.166970523302923e-18,0.00036132026725433356,0.0002612474613772299,
8b555dd786,40000,707,2255330,22553.3,101.12547050992872,1.565980658041201e-17,0.00036132026725433356,0.00028576373028828457,
8b555dd786,40000,708,2258520,22585.2,101.12547050992872,6.507601540989702e-18,0.00036132026725433356,0.0002725461545117745,
8b555dd786,40000,709,2261710,22617.1,101.12547050992872,1.3654866696892878e-17,0.00036132026725433356,0.0002613823471269816,
8b555dd786,40000,710,2264900,22649.0,101.12547050992872,1.0357508301810879e-17,0.00036132026725433356,0.00028506878444979264,
8b555dd786,40000,711,2268090,22680.9,101.12547050992872,1.0143986072165637e-17,0.00036132026725433356,0.0002571569822173544,
8b555dd786,40000,712,2271280,22712.8,101.12547050992872,3.2775352630253543e-17,0.00036132026725433356,0.00029129571169726255,
8b555dd786,40000,713,2274470,22744.7,101.12547050992872,1.9234047595795862e-17,0.00036132026725433356,0.0002841523606112509,
8b555dd786,40000,714,2277660,22776.6,101.12547050992872,1.1905660225715351e-17,0.00036132026725433356,0.0002648769342097322,
8b555dd786,40000,715,2280850,22808.5,101.12547050992872,6.055167435939299e-18,0.00036132026725433356,0.0002628198664112646,
8b555dd786,40000,716,2284040,22840.4,101.12547050992872,4.7211745605449436e-18,0.00036132026725433356,0.00029869896907362144,
8b555dd786,40000,717,2287230,22872.3,101.12547050992872,5.007966477154321e-19,0.00036132026725433356,0.0002829919931680268,
8b555dd786,40000,718,2290420,22904.2,101.12547050992872,3.1213020862018744e-18,0.00036132026725433356,0.00026381363113436797,
8b555dd786,40000,719,2293610,22936.1,101.12547050992872,6.554317288584371e-18,0.00036132026725433356,0.00028224406136973396,
8b555dd786,40000,720,2296800,22968.0,101.12547050992872,1.1891670978635078e-17,0.00036132026725433356,0.00030202210971400783,
8b555dd786,40000,721,2299990,22999.9,101.12547050992872,1.565618067153243e-17,0.00036132026725433356,0.0002880593871966917,
8b555dd786,40000,722,2303180,23031.8,101.12547050992872,2.2652960965145635e-17,0.00036132026725433356,0.00025176135618271286,
8b555dd786,40000,723,2306370,23063.7,101.12547050992872,1.2604118182691756e-17,0.00036132026725433356,0.0002867900859268443,
8b555dd786,40000,724,2309560,23095.6,101.12547050992872,5.7105958277300815e-18,0.00036132026725433356,0.0002973186651319722,
8b555dd786,40000,725,2312750,23127.5,101.12547050992872,1.3802005562659245e-17,0.00036132026725433356,0.0003014970637705548,
8b555dd786,40000,726,2315940,23159.4,101.12547050992872,1.0289376782436485e-17,0.00036132026725433356,0.0002889816424288515,
8b555dd786,40000,727,2319130,23191.3,101.12547050992872,6.986398360890877e-18,0.00036132026725433356,0.0002632173745642488,
8b555dd786,40000,728,2322320,23223.2,101.12547050992872,6.427576532031692e-18,0.00036132026725433356,0.00030174037043299997,
8b555dd786,40000,729,2325510,23255.1,101.12547050992872,8.987833593810278e-18,0.00036132026725433356,0.00026096322212859694,
8b555dd786,40000,730,2328700,23287.0,101.12547050992872,9.03428808885207e-18,0.00036132026725433356,0.0002662115373186669,
8b555dd786,40000,731,2331890,23318.9,101.12547050992872,3.0642508799794745e-17,0.00036132026725433356,0.0002621131055020175,
8b555dd786,40000,732,2335080,23350.8,101.12547050992872,9.383587689495547e-18,0.00036132026725433356,0.0003033297720312717,
8b555dd786,40000,733,2338270,23382.7,101.12547050992872,3.324654959686081e-18,0.00036132026725433356,0.000257400332414284,
8b555dd786,40000,734,2341460,23414.6,101.12547050992872,5.757175309585119e-18,0.00036132026725433356,0.00028400349499549,
8b555dd786,40000,735,2344650,23446.5,101.12547050992872,6.7306435470012716e-18,0.00036132026725433356,0.0002921935541865492,
8b555dd786,40000,736,2347840,23478.4,101.12547050992872,8.879616775850255e-18,0.00036132026725433356,0.00028387339282423454,
8b555dd786,40000,737,2351030,23510.3,101.12547050992872,7.022948499447925e-18,0.00036132026725433356,0.0002917269717993679,
8b555dd786,40000,738,2354220,23542.2,101.12547050992872,9.263599153941489e-18,0.00036132026725433356,0.0002845671638540273,
8b555dd786,40000,739,2357410,23574.1,101.12547050992872,9.574697013701693e-18,0.00036132026725433356,0.0002732864245302943,
8b555dd786,40000,740,2360600,23606.0,101.12547050992872,9.315452873343683e-18,0.00036132026725433356,0.0002951836176842154,
8b555dd786,40000,741,2363790,23637.9,101.12547050992872,8.77331214329377e-18,0.00036132026725433356,0.00026110817972123835,
8b555dd786,40000,742,2366980,23669.8,101.12547050992872,7.925204955116855e-18,0.00036132026725433356,0.00029255115078402947,
8b555dd786,40000,743,2370170,23701.7,101.12547050992872,3.600409983577918e-18,0.00036132026725433356,0.0002756957398834746,
8b555dd786,40000,744,2373360,23733.6,101.12547050992872,4.1755549707249626e-19,0.00036132026725433356,0.0002936636506108365,
8b555dd786,40000,745,2376550,23765.5,101.12547050992872,2.018485832857452e-18,0.00036132026725433356,0.0002789253512958018,
8b555dd786,40000,746,2379740,23797.4,101.12547050992872,6.9882699967397e-18,0.00036132026725433356,0.0002784080468741664,
8b555dd786,40000,747,2382930,23829.3,101.12547050992872,3.883357710773498e-18,0.00036132026725433356,0.00025048975621421934,
8b555dd786,40000,748,2386120,23861.2,101.12547050992872,7.694585030388987e-18,0.00036132026725433356,0.00028613514620998474,
8b555dd786,40000,749,2389310,23893.1,101.12547050992872,5.291705289725819e-18,0.00036132026725433356,0.0002584129671948609,
8b555dd786,40000,750,2392500,23925.0,101.12547050992872,1.6950685186834473e-17,0.00036132026725433356,0.0002802322268488376,
8b555dd786,40000,751,2395690,23956.9,101.12547050992872,8.814711585679825e-18,0.00036132026725433356,0.00025198765645291965,
8b555dd786,40000,752,2398880,23988.8,101.12547050992872,2.283614148427032e-18,0.00036132026725433356,0.0002488653302511597,
8b555dd786,40000,753,2402070,24020.7,101.12547050992872,1.6497061262300253e-18,0.00036132026725433356,0.0002726936249293068,
8b555dd786,40000,754,2405260,24052.6,101.12547050992872,6.462054990934327e-18,0.00036132026725433356,0.00028356029967560007,
8b555dd786,40000,755,2408450,24084.5,101.12547050992872,1.8365273047629355e-17,0.00036132026725433356,0.0002717576531760776,
8b555dd786,40000,756,2411640,24116.4,101.12547050992872,5.6326248577037035e-18,0.00036132026725433356,0.0002892960284145928,
8b555dd786,40000,757,2414830,24148.3,101.12547050992872,1.3103912975954433e-17,0.00036132026725433356,0.0002932514521280542,
8b555dd786,40000,758,2418020,24180.2,101.12547050992872,8.407405586045217e-18,0.00036132026725433356,0.0002782603766273536,
8b555dd786,40000,759,2421210,24212.1,101.12547050992872,8.771016807952427e-18,0.00036132026725433356,0.00027722187225360834,
8b555dd786,40000,760,2424400,24244.0,101.12547050992872,7.735638443304129e-18,0.00036132026725433356,0.0002526492303806677,
8b555dd786,40000,761,2427590,24275.9,101.12547050992872,9.228473735264938e-18,0.00036132026725433356,0.0002866714468415201,
8b555dd786,40000,762,2430780,24307.8,101.12547050992872,8.93719132066658e-18,0.00036132026725433356,0.0002745545834673915,
8b555dd786,40000,763,2433970,24339.7,101.12547050992872,1.590138388190917e-17,0.00036132026725433356,0.0003002702129379993,
8b555dd786,40000,764,2437160,24371.6,101.12547050992872,6.712395365619786e-18,0.00036132026725433356,0.00029119616531468124,
8b555dd786,40000,765,2440350,24403.5,101.12547050992872,5.999326836096956e-18,0.00036132026725433356,0.00028663940025780546,
8b555dd786,40000,766,2443540,24435.4,101.12547050992872,2.7633555678630733e-17,0.00036132026725433356,0.0002858916295459197,
8b555dd786,40000,767,2446730,24467.3,101.12547050992872,6.531032635493154e-18,0.00036132026725433356,0.0002930459453913847,
8b555dd786,40000,768,2449920,24499.2,101.12547050992872,4.716543264977857e-18,0.00036132026725433356,0.0003031718688138939,
8b555dd786,40000,769,2453110,24531.1,101.12547050992872,9.625729449414112e-18,0.00036132026725433356,0.0002891583457364329,
8b555dd786,40000,770,2456300,24563.0,101.12547050992872,9.33778847196707e-18,0.00036132026725433356,0.00026879233489375814,
8b555dd786,40000,771,2459490,24594.9,101.12547050992872,3.3064171883514363e-18,0.00036132026725433356,0.00028245303824780553,
8b555dd786,40000,772,2462680,24626.8,101.12547050992872,6.580254582489911e-18,0.00036132026725433356,0.00027403111823192576,
8b555dd786,40000,773,2465870,24658.7,101.12547050992872,3.6218028712009574e-19,0.00036132026725433356,0.00028575723221312984,
8b555dd786,40000,774,2469060,24690.6,101.12547050992872,4.2830449300487036e-18,0.00036132026725433356,0.00027821468507299577,
8b555dd786,40000,775,2472250,24722.5,101.12547050992872,4.0933989712818776e-18,0.00036132026725433356,0.00026674511798227335,
8b555dd786,40000,776,2475440,24754.4,101.12547050992872,4.229235775235259e-18,0.00036132026725433356,0.0002987234723736799,
8b555dd786,40000,777,2478630,24786.3,101.12547050992872,4.1194587962266433e-19,0.00036132026725433356,0.000262806914524712,
8b555dd786,40000,778,2481820,24818.2,101.12547050992872,2.6298977798830044e-17,0.00036132026725433356,0.00028103979726994436,
8b555dd786,40000,779,2485010,24850.1,101.12547050992872,7.143972435636324e-18,0.00036132026725433356,0.00029052319714317765,
8b555dd786,40000,780,2488200,24882.0,101.12547050992872,8.028211113990081e-18,0.00036132026725433356,0.00030633925746789074,
8b555dd786,40000,781,2491390,24913.9,101.12547050992872,8.646483797900954e-18,0.00036132026725433356,0.0002753971194780732,
8b555dd786,40000,782,2494580,24945.8,101.12547050992872,2.351250371114413e-18,0.00036132026725433356,0.00027378506972812765,
8b555dd786,40000,783,2497770,24977.7,101.12547050992872,1.5203954062337087e-17,0.00036132026725433356,0.0002769935651223506,
8b555dd786,40000,784,2500960,25009.6,101.12547050992872,1.412184384121346e-17,0.00036132026725433356,0.0002943921100263361,
8b555dd786,40000,785,2504150,25041.5,101.12547050992872,5.647101150535331e-18,0.00036132026725433356,0.0002710458571448895,
8b555dd786,40000,786,2507340,25073.4,101.12547050992872,5.3084792152346484e-18,0.00036132026725433356,0.0002804506834284247,
8b555dd786,40000,787,2510530,25105.3,101.12547050992872,2.3877836917244637e-18,0.00036132026725433356,0.00029925003002723854,
8b555dd786,40000,788,2513720,25137.2,101.12547050992872,6.596283211962753e-18,0.00036132026725433356,0.00030388163726543686,
8b555dd786,40000,789,2516910,25169.1,101.12547050992872,1.062103195454745e-17,0.00036132026725433356,0.00026772839826670814,
8b555dd786,40000,790,2520100,25201.0,101.12547050992872,7.825700896863288e-18,0.00036132026725433356,0.0002489866321330067,
8b555dd786,40000,791,2523290,25232.9,101.12547050992872,5.253307608374463e-18,0.00036132026725433356,0.00028567597343243914,
8b555dd786,40000,792,2526480,25264.8,101.12547050992872,6.581635283789087e-18,0.00036132026725433356,0.0002951199061436842,
8b555dd786,40000,793,2529670,25296.7,101.12547050992872,2.024099306923958e-18,0.00036132026725433356,0.00028391464466391065,
8b555dd786,40000,794,2532860,25328.6,101.12547050992872,9.689750563749205e-18,0.00036132026725433356,0.0002823735284189356,
8b555dd786,40000,795,2536050,25360.5,101.12547050992872,9.284271457625876e-18,0.00036132026725433356,0.00023876882695842325,
8b555dd786,40000,796,2539240,25392.4,101.12547050992872,9.360309954759609e-18,0.00036132026725433356,0.0002472865832090682,
8b555dd786,40000,797,2542430,25424.3,101.12547050992872,1.4497463068988203e-17,0.00036132026725433356,0.0003099529104323467,
8b555dd786,40000,798,2545620,25456.2,101.12547050992872,8.170036153944837e-18,0.00036132026725433356,0.00026913964761295724,
8b555dd786,40000,799,2548810,25488.1,101.12547050992872,9.377335817124451e-18,0.00036132026725433356,0.0002827587356309115,
8b555dd786,40000,800,2552000,25520.0,101.12547050992872,8.12816123129307e-18,0.00036132026725433356,0.0002677205871057699,
8b555dd786,40000,801,2555190,25551.9,101.12547050992872,6.624768655843473e-18,0.00036132026725433356,0.00028874296787198653,
8b555dd786,40000,802,2558380,25583.8,101.12547050992872,7.696977415369356e-18,0.00036132026725433356,0.0002587421855356483,
8b555dd786,40000,803,2561570,25615.7,101.12547050992872,2.8690317378732706e-18,0.00036132026725433356,0.0002899980094834482,
8b555dd786,40000,804,2564760,25647.6,101.12547050992872,1.026345572814733e-17,0.00036132026725433356,0.0002745481982034906,
8b555dd786,40000,805,2567950,25679.5,101.12547050992872,1.4165823402055014e-17,0.00036132026725433356,0.0002840753070837626,
8b555dd786,40000,806,2571140,25711.4,101.12547050992872,1.326287557952466e-17,0.00036132026725433356,0.000268400793608767,
8b555dd786,40000,807,2574330,25743.3,101.12547050992872,8.120709278001569e-18,0.00036132026725433356,0.0003119028278895863,
8b555dd786,40000,808,2577520,25775.2,101.12547050992872,5.718661347610279e-18,0.00036132026725433356,0.00023194922864733616,
8b555dd786,40000,809,2580710,25807.1,101.12547050992872,7.202711616326912e-18,0.00036132026725433356,0.00027625126320589424,
8b555dd786,40000,810,2583900,25839.0,101.12547050992872,8.314852007737959e-18,0.00036132026725433356,0.0002504587627418384,
8b555dd786,40000,811,2587090,25870.9,101.12547050992872,7.218018626910754e-18,0.00036132026725433356,0.00028815068453225215,
8b555dd786,40000,812,2590280,25902.8,101.12547050992872,6.8263756243985936e-18,0.00036132026725433356,0.00026517397061150605,
8b555dd786,40000,813,2593470,25934.7,101.12547050992872,8.529794578969506e-18,0.00036132026725433356,0.00028818684458554225,
8b555dd786,40000,814,2596660,25966.6,101.12547050992872,6.519182130520444e-18,0.00036132026725433356,0.00024136538813568413,
8b555dd786,40000,815,2599850,25998.5,101.12547050992872,8.44116603995971e-18,0.00036132026725433356,0.0002685622089203854,
8b555dd786,40000,816,2603040,26030.4,101.12547050992872,1.644554854380694e-18,0.00036132026725433356,0.00027179374039578097,
8b555dd786,40000,817,2606230,26062.3,101.12547050992872,5.874437412735489e-18,0.00036132026725433356,0.0002559595683722277,
8b555dd786,40000,818,2609420,26094.2,101.12547050992872,6.646792599573081e-18,0.00036132026725433356,0.00028371975050690623,
8b555dd786,40000,819,2612610,26126.1,101.12547050992872,7.567334697809557e-18,0.00036132026725433356,0.00028066749227129313,
8b555dd786,40000,820,2615800,26158.0,101.12547050992872,1.1754101759179934e-17,0.00036132026725433356,0.000279429897825487,
8b555dd786,40000,821,2618990,26189.9,101.12547050992872,7.915794593568109e-18,0.00036132026725433356,0.00031692384846114844,
8b555dd786,40000,822,2622180,26221.8,101.12547050992872,7.205222978368924e-18,0.00036132026725433356,0.00028850746950381166,
8b555dd786,40000,823,2625370,26253.7,101.12547050992872,1.170812511375725e-17,0.00036132026725433356,0.0002744788048032938,
8b555dd786,40000,824,2628560,26285.6,101.12547050992872,3.87738487222977e-18,0.00036132026725433356,0.00027334617110994413,
8b555dd786,40000,825,2631750,26317.5,101.12547050992872,1.2709112192878097e-17,0.00036132026725433356,0.000262407267745121,
8b555dd786,40000,826,2634940,26349.4,101.12547050992872,3.526876882477413e-18,0.00036132026725433356,0.00029079696261488696,
8b555dd786,40000,827,2638130,26381.3,101.12547050992872,7.844694911724357e-18,0.00036132026725433356,0.0002737897829914989,
8b555dd786,40000,828,2641320,26413.2,101.12547050992872,8.134206290933054e-18,0.00036132026725433356,0.0002984297556633544,
8b555dd786,40000,829,2644510,26445.1,101.12547050992872,5.347316009355261e-18,0.00036132026725433356,0.0003028342005971776,
8b555dd786,40000,830,2647700,26477.0,101.12547050992872,1.0729181828733419e-17,0.00036132026725433356,0.0002854267016772468,
8b555dd786,40000,831,2650890,26508.9,101.12547050992872,4.348823928616104e-18,0.00036132026725433356,0.00028287809959220896,
8b555dd786,40000,832,2654080,26540.8,101.12547050992872,7.549890865036858e-19,0.00036132026725433356,0.00025849202556040116,
8b555dd786,40000,833,2657270,26572.7,101.12547050992872,6.2946188159930974e-18,0.00036132026725433356,0.0002630946803820007,
8b555dd786,40000,834,2660460,26604.6,101.12547050992872,1.661752539299352e-17,0.00036132026725433356,0.00030103176925486906,
8b555dd786,40000,835,2663650,26636.5,101.12547050992872,3.2333278276743757e-17,0.00036132026725433356,0.00029846115777770754,
8b555dd786,40000,836,2666840,26668.4,101.12547050992872,7.842820252136375e-18,0.00036132026725433356,0.00025687584310568146,
8b555dd786,40000,837,2670030,26700.3,101.12547050992872,8.905874976421432e-18,0.00036132026725433356,0.00028083735171604955,
8b555dd786,40000,838,2673220,26732.2,101.12547050992872,9.10284913488011e-18,0.00036132026725433356,0.00029727590365944177,
8b555dd786,40000,839,2676410,26764.1,101.12547050992872,5.397430133343389e-18,0.00036132026725433356,0.00026868228931383706,
8b555dd786,40000,840,2679600,26796.0,101.12547050992872,1.70310254682833e-17,0.00036132026725433356,0.0002678191751561486,
8b555dd786,40000,841,2682790,26827.9,101.12547050992872,7.997258845305865e-18,0.00036132026725433356,0.0002640299328952124,
8b555dd786,40000,842,2685980,26859.8,101.12547050992872,1.3265078907506371e-17,0.00036132026725433356,0.0003005054094423666,
8b555dd786,40000,843,2689170,26891.7,101.12547050992872,1.6511499725774723e-18,0.00036132026725433356,0.0002690184555850845,
8b555dd786,40000,844,2692360,26923.6,101.12547050992872,6.890728930474104e-18,0.00036132026725433356,0.0002813358373410602,
8b555dd786,40000,845,2695550,26955.5,101.12547050992872,6.503851056288444e-18,0.00036132026725433356,0.00029852024055503236,
8b555dd786,40000,846,2698740,26987.4,101.12547050992872,6.1977310702324374e-18,0.00036132026725433356,0.0002830465976127061,
8b555dd786,40000,847,2701930,27019.3,101.12547050992872,3.2939024204186004e-18,0.00036132026725433356,0.00024441546770246833,
8b555dd786,40000,848,2705120,27051.2,101.12547050992872,2.7030731243739766e-18,0.00036132026725433356,0.0002695278286752034,
8b555dd786,40000,849,2708310,27083.1,101.12547050992872,9.725034407261687e-18,0.00036132026725433356,0.0002795465110664281,
8b555dd786,40000,850,2711500,27115.0,101.12547050992872,8.48994377998025e-18,0.00036132026725433356,0.00029036487945425355,
8b555dd786,40000,851,2714690,27146.9,101.12547050992872,3.2776884462256772e-18,0.00036132026725433356,0.00029646962588536545,
8b555dd786,40000,852,2717880,27178.8,101.12547050992872,6.336704450828823e-18,0.00036132026725433356,0.00029509044034509456,
8b555dd786,40000,853,2721070,27210.7,101.12547050992872,8.605485664340394e-18,0.00036132026725433356,0.00029319741461048714,
8b555dd786,40000,854,2724260,27242.6,101.12547050992872,2.58399879277684e-18,0.00036132026725433356,0.0002967755729961863,
8b555dd786,40000,855,2727450,27274.5,101.12547050992872,7.84836808703254e-18,0.00036132026725433356,0.00028913254933388057,
8b555dd786,40000,856,2730640,27306.4,101.12547050992872,3.4219618483620515e-18,0.00036132026725433356,0.0002531072325272924,
8b555dd786,40000,857,2733830,27338.3,101.12547050992872,1.0846313048219994e-17,0.00036132026725433356,0.00026385748805618964,
8b555dd786,40000,858,2737020,27370.2,101.12547050992872,1.0229511186924742e-17,0.00036132026725433356,0.0002618355680483704,
8b555dd786,40000,859,2740210,27402.1,101.12547050992872,8.393801152599107e-18,0.00036132026725433356,0.0002581184527289988,
8b555dd786,40000,860,2743400,27434.0,101.12547050992872,1.074164237865369e-18,0.00036132026725433356,0.0002603970907097848,
8b555dd786,40000,861,2746590,27465.9,101.12547050992872,1.6543628583172623e-17,0.00036132026725433356,0.0002599167888516148,
8b555dd786,40000,862,2749780,27497.8,101.12547050992872,6.5228520286625335e-18,0.00036132026725433356,0.00027599153792387917,
8b555dd786,40000,863,2752970,27529.7,101.12547050992872,1.0169435761508673e-17,0.00036132026725433356,0.0002728068366543764,
8b555dd786,40000,864,2756160,27561.6,101.12547050992872,8.283411000057679e-18,0.00036132026725433356,0.00029074456826309956,
8b555dd786,40000,865,2759350,27593.5,101.12547050992872,5.224664388473903e-18,0.00036132026725433356,0.00027210134441942344,
8b555dd786,40000,866,2762540,27625.4,101.12547050992872,9.518225566784318e-18,0.00036132026725433356,0.0002644101167924151,
8b555dd786,40000,867,2765730,27657.3,101.12547050992872,7.577003393319024e-18,0.00036132026725433356,0.00029729798672673853,
8b555dd786,40000,868,2768920,27689.2,101.12547050992872,4.538405435750946e-18,0.00036132026725433356,0.0002506255810424547,
8b555dd786,40000,869,2772110,27721.1,101.12547050992872,2.736105543086865e-18,0.00036132026725433356,0.0002719520418227254,
8b555dd786,40000,870,2775300,27753.0,101.12547050992872,3.682449372452041e-18,0.00036132026725433356,0.0002555952750522627,
8b555dd786,40000,871,2778490,27784.9,101.12547050992872,7.975011679534106e-18,0.00036132026725433356,0.00025857311870080814,
8b555dd786,40000,872,2781680,27816.8,101.12547050992872,7.11898046206746e-18,0.00036132026725433356,0.00028268260451605134,
8b555dd786,40000,873,2784870,27848.7,101.12547050992872,4.191153559955403e-19,0.00036132026725433356,0.000289622304453673,
8b555dd786,40000,874,2788060,27880.6,101.12547050992872,4.941335523186969e-18,0.00036132026725433356,0.0003044997216870743,
8b555dd786,40000,875,2791250,27912.5,101.12547050992872,2.4151285213899225e-18,0.00036132026725433356,0.0002794203351299082,
8b555dd786,40000,876,2794440,27944.4,101.12547050992872,1.818207144816296e-18,0.00036132026725433356,0.0002708180948680919,
8b555dd786,40000,877,2797630,27976.3,101.12547050992872,3.2182819534931764e-18,0.00036132026725433356,0.0002755862655999883,
8b555dd786,40000,878,2800820,28008.2,101.12547050992872,5.9625717761559526e-18,0.00036132026725433356,0.0002976172232070031,
8b555dd786,40000,879,2804010,28040.1,101.12547050992872,5.4759564067702046e-18,0.00036132026725433356,0.00030583643559681895,
8b555dd786,40000,880,2807200,28072.0,101.12547050992872,5.298045555483769e-19,0.00036132026725433356,0.0002747261816135756,
8b555dd786,40000,881,2810390,28103.9,101.12547050992872,6.712723833239986e-18,0.00036132026725433356,0.0002635938117392383,
8b555dd786,40000,882,2813580,28135.8,101.12547050992872,8.801149372094704e-18,0.00036132026725433356,0.00028250004023892995,
8b555dd786,40000,883,2816770,28167.7,101.12547050992872,2.5171622987437615e-18,0.00036132026725433356,0.00029037812484749773,
8b555dd786,40000,884,2819960,28199.6,101.12547050992872,2.7282450021876336e-18,0.00036132026725433356,0.000277608326132276,
8b555dd786,40000,885,2823150,28231.5,101.12547050992872,1.0545804413428644e-18,0.00036132026725433356,0.00027027215800878233,
8b555dd786,40000,886,2826340,28263.4,101.12547050992872,9.42073224111948e-19,0.00036132026725433356,0.0002602554713930224,
8b555dd786,40000,887,2829530,28295.3,101.12547050992872,5.612285919822463e-18,0.00036132026725433356,0.0002759893991437108,
8b555dd786,40000,888,2832720,28327.2,101.12547050992872,3.668353063552261e-18,0.00036132026725433356,0.0003047445379170714,
8b555dd786,40000,889,2835910,28359.1,101.12547050992872,7.230541408958225e-18,0.00036132026725433356,0.0002546867816413881,
8b555dd786,40000,890,2839100,28391.0,101.12547050992872,5.3932475896653485e-18,0.00036132026725433356,0.00027983072012449265,
8b555dd786,40000,891,2842290,28422.9,101.12547050992872,8.257938105031264e-18,0.00036132026725433356,0.00027231839156859386,
8b555dd786,40000,892,2845480,28454.8,101.12547050992872,6.461322701033846e-18,0.00036132026725433356,0.00027626751209359503,
8b555dd786,40000,893,2848670,28486.7,101.12547050992872,8.131326259476827e-18,0.00036132026725433356,0.00025444834246388895,
8b555dd786,40000,894,2851860,28518.6,101.12547050992872,8.840302180936556e-18,0.00036132026725433356,0.00030365074781552964,
8b555dd786,40000,895,2855050,28550.5,101.12547050992872,9.606535945848942e-18,0.00036132026725433356,0.00027629682867689624,
8b555dd786,40000,896,2858240,28582.4,101.12547050992872,1.6065145622833742e-17,0.00036132026725433356,0.00026075086267244164,
8b555dd786,40000,897,2861430,28614.3,101.12547050992872,3.3243479041180443e-18,0.00036132026725433356,0.00027571474629859517,
8b555dd786,40000,898,2864620,28646.2,101.12547050992872,3.66934703170788e-18,0.00036132026725433356,0.0002960413497174666,
8b555dd786,40000,899,2867810,28678.1,101.12547050992872,7.915651874705161e-18,0.00036132026725433356,0.00028929639728407763,
8b555dd786,40000,900,2871000,28710.0,101.12547050992872,5.573560227766308e-18,0.00036132026725433356,0.000274920807118229,
8b555dd786,40000,901,2874190,28741.9,101.12547050992872,1.4251879462196089e-18,0.00036132026725433356,0.0002789098922321241,
8b555dd786,40000,902,2877380,28773.8,101.12547050992872,3.998146975574459e-18,0.00036132026725433356,0.0002519849784974258,
8b555dd786,40000,903,2880570,28805.7,101.12547050992872,1.5374899173560787e-18,0.00036132026725433356,0.0003130410815147096,
8b555dd786,40000,904,2883760,28837.6,101.12547050992872,6.6712314660243706e-18,0.00036132026725433356,0.00030021921464337947,
8b555dd786,40000,905,2886950,28869.5,101.12547050992872,3.187541386272634e-18,0.00036132026725433356,0.0002751026285615602,
8b555dd786,40000,906,2890140,28901.4,101.12547050992872,2.1832999905485606e-18,0.00036132026725433356,0.0002827592665256574,
8b555dd786,40000,907,2893330,28933.3,101.12547050992872,8.189860612995884e-18,0.00036132026725433356,0.00028676970465585003,
8b555dd786,40000,908,2896520,28965.2,101.12547050992872,7.396020000078791e-18,0.00036132026725433356,0.0002612622453694984,
8b555dd786,40000,909,2899710,28997.1,101.12547050992872,4.230920915301314e-18,0.00036132026725433356,0.00029734785498360393,
8b555dd786,40000,910,2902900,29029.0,101.12547050992872,7.11591143032579e-18,0.00036132026725433356,0.0003006904606627232,
8b555dd786,40000,911,2906090,29060.9,101.12547050992872,7.254881021841497e-18,0.00036132026725433356,0.0002994807483212401,
8b555dd786,40000,912,2909280,29092.8,101.12547050992872,8.285191627210932e-19,0.00036132026725433356,0.00029131288256434724,
8b555dd786,40000,913,2912470,29124.7,101.12547050992872,6.608009103910344e-19,0.00036132026725433356,0.0002731939018296584,
8b555dd786,40000,914,2915660,29156.6,101.12547050992872,7.600963647099659e-18,0.00036132026725433356,0.0002778373511508023,
8b555dd786,40000,915,2918850,29188.5,101.12547050992872,3.955595262507979e-18,0.00036132026725433356,0.000286159884787585,
8b555dd786,40000,916,2922040,29220.4,101.12547050992872,6.799891578588476e-18,0.00036132026725433356,0.00030860015399873154,
8b555dd786,40000,917,2925230,29252.3,101.12547050992872,8.256777387434495e-19,0.00036132026725433356,0.0002811149988887347,
8b555dd786,40000,918,2928420,29284.2,101.12547050992872,7.705541857377064e-18,0.00036132026725433356,0.0002808991589733055,
8b555dd786,40000,919,2931610,29316.1,101.12547050992872,8.55625997817716e-18,0.00036132026725433356,0.00029348334885019735,
8b555dd786,40000,920,2934800,29348.0,101.12547050992872,3.799724621844188e-18,0.00036132026725433356,0.00028607091605766264,
8b555dd786,40000,921,2937990,29379.9,101.12547050992872,1.840806711203785e-18,0.00036132026725433356,0.00030475667192913716,
8b555dd786,40000,922,2941180,29411.8,101.12547050992872,7.869374441291459e-19,0.00036132026725433356,0.00026640594806626405,
8b555dd786,40000,923,2944370,29443.7,101.12547050992872,5.680693133994019e-19,0.00036132026725433356,0.00025944846801619466,
8b555dd786,40000,924,2947560,29475.6,101.12547050992872,4.105010763938195e-19,0.00036132026725433356,0.00027381995302122657,
8b555dd786,40000,925,2950750,29507.5,101.12547050992872,5.176131008255735e-19,0.00036132026725433356,0.0002917261466589516,
8b555dd786,40000,926,2953940,29539.4,101.12547050992872,3.879168722053268e-18,0.00036132026725433356,0.00026229366475200174,
8b555dd786,40000,927,2957130,29571.3,101.12547050992872,5.740121022969273e-18,0.00036132026725433356,0.0002777566671556602,
8b555dd786,40000,928,2960320,29603.2,101.12547050992872,8.739113377594538e-18,0.00036132026725433356,0.00026579839729109594,
8b555dd786,40000,929,2963510,29635.1,101.12547050992872,3.2741069439834446e-18,0.00036132026725433356,0.000297326038599276,
8b555dd786,40000,930,2966700,29667.0,101.12547050992872,6.434292905767048e-18,0.00036132026725433356,0.00027472337278804343,
8b555dd786,40000,931,2969890,29698.9,101.12547050992872,6.441836786834307e-18,0.00036132026725433356,0.0002853061181892899,
8b555dd786,40000,932,2973080,29730.8,101.12547050992872,2.000500588096205e-18,0.00036132026725433356,0.0002722882684317425,
8b555dd786,40000,933,2976270,29762.7,101.12547050992872,6.8408479136417145e-18,0.00036132026725433356,0.00028269901889771664,
8b555dd786,40000,934,2979460,29794.6,101.12547050992872,7.364716043251828e-19,0.00036132026725433356,0.0002955200362734594,
8b555dd786,40000,935,2982650,29826.5,101.12547050992872,2.4683362500240223e-18,0.00036132026725433356,0.0002865069574684104,
8b555dd786,40000,936,2985840,29858.4,101.12547050992872,1.481885544192744e-17,0.00036132026725433356,0.00026682217828585933,
8b555dd786,40000,937,2989030,29890.3,101.12547050992872,3.507850656236963e-18,0.00036132026725433356,0.0002752395311418169,
8b555dd786,40000,938,2992220,29922.2,101.12547050992872,8.030435093792791e-18,0.00036132026725433356,0.0002656961204576566,
8b555dd786,40000,939,2995410,29954.1,101.12547050992872,1.8043834882920844e-18,0.00036132026725433356,0.00028303312477002344,
8b555dd786,40000,940,2998600,29986.0,101.12547050992872,1.4696653949670188e-17,0.00036132026725433356,0.00029780098228971883,
8b555dd786,40000,941,3001790,30017.9,101.12547050992872,9.555185980683103e-18,0.00036132026725433356,0.00030660258025838903,
8b555dd786,40000,942,3004980,30049.8,101.12547050992872,5.4114276680843765e-18,0.00036132026725433356,0.0002841870232782827,
8b555dd786,40000,943,3008170,30081.7,101.12547050992872,2.9775051642506474e-17,0.00036132026725433356,0.0002980062150033559,
8b555dd786,40000,944,3011360,30113.6,101.12547050992872,8.044617587697682e-18,0.00036132026725433356,0.0003049187598782892,
8b555dd786,40000,945,3014550,30145.5,101.12547050992872,5.925609868462191e-18,0.00036132026725433356,0.0002936464286771312,
8b555dd786,40000,946,3017740,30177.4,101.12547050992872,7.516696670173683e-18,0.00036132026725433356,0.0002513578909347966,
8b555dd786,40000,947,3020930,30209.3,101.12547050992872,5.378815515740617e-18,0.00036132026725433356,0.0002853558414441822,
8b555dd786,40000,948,3024120,30241.2,101.12547050992872,8.32395743100278e-18,0.00036132026725433356,0.0002678043171517457,
8b555dd786,40000,949,3027310,30273.1,101.12547050992872,1.6058206980660213e-17,0.00036132026725433356,0.0002840436001770974,
8b555dd786,40000,950,3030500,30305.0,101.12547050992872,6.7737085999850376e-18,0.00036132026725433356,0.00029452626958704196,
8b555dd786,40000,951,3033690,30336.9,101.12547050992872,5.453410592247695e-18,0.00036132026725433356,0.00028816945205016977,
8b555dd786,40000,952,3036880,30368.8,101.12547050992872,6.871577575642263e-18,0.00036132026725433356,0.00026494340749116534,
8b555dd786,40000,953,3040070,30400.7,101.12547050992872,2.9767302508581054e-18,0.00036132026725433356,0.0002562585861513196,
8b555dd786,40000,954,3043260,30432.6,101.12547050992872,7.293360664971659e-18,0.00036132026725433356,0.0002711457672680782,
8b555dd786,40000,955,3046450,30464.5,101.12547050992872,4.976689474989431e-18,0.00036132026725433356,0.00029276617993709254,
8b555dd786,40000,956,3049640,30496.4,101.12547050992872,2.3820264989393945e-18,0.00036132026725433356,0.0002625774053985543,
8b555dd786,40000,957,3052830,30528.3,101.12547050992872,8.134150270766964e-19,0.00036132026725433356,0.00025968352412054376,
8b555dd786,40000,958,3056020,30560.2,101.12547050992872,1.890047088086173e-18,0.00036132026725433356,0.00029822677575965206,
8b555dd786,40000,959,3059210,30592.1,101.12547050992872,7.553384958688701e-18,0.00036132026725433356,0.00026835281705854796,
8b555dd786,40000,960,3062400,30624.0,101.12547050992872,8.318191854986973e-19,0.00036132026725433356,0.0003032485767894771,
8b555dd786,40000,961,3065590,30655.9,101.12547050992872,9.021727861087538e-18,0.00036132026725433356,0.00029874158642316203,
8b555dd786,40000,962,3068780,30687.8,101.12547050992872,8.656222952803533e-18,0.00036132026725433356,0.00025758243949519497,
8b555dd786,40000,963,3071970,30719.7,101.12547050992872,6.510323203342347e-18,0.00036132026725433356,0.0002906932154311766,
8b555dd786,40000,964,3075160,30751.6,101.12547050992872,7.64108527766036e-18,0.00036132026725433356,0.00029069579138167,
8b555dd786,40000,965,3078350,30783.5,101.12547050992872,7.359677620831129e-18,0.00036132026725433356,0.00029512174494816795,
8b555dd786,40000,966,3081540,30815.4,101.12547050992872,9.295430825089408e-18,0.00036132026725433356,0.00027984297307834277,
8b555dd786,40000,967,3084730,30847.3,101.12547050992872,7.967628286602404e-18,0.00036132026725433356,0.00025642227522342366,
8b555dd786,40000,968,3087920,30879.2,101.12547050992872,8.69898151234019e-18,0.00036132026725433356,0.00025928951872655477,
8b555dd786,40000,969,3091110,30911.1,101.12547050992872,9.915912426809315e-18,0.00036132026725433356,0.0002843028756525345,
8b555dd786,40000,970,3094300,30943.0,101.12547050992872,9.456548846292859e-18,0.00036132026725433356,0.00028127866463567943,
8b555dd786,40000,971,3097490,30974.9,101.12547050992872,9.027491684449692e-18,0.00036132026725433356,0.00026908083114026034,
8b555dd786,40000,972,3100680,31006.8,101.12547050992872,9.896215304125248e-18,0.00036132026725433356,0.00028151332148349494,
8b555dd786,40000,973,3103870,31038.7,101.12547050992872,3.3117500423176838e-18,0.00036132026725433356,0.0002627573552168745,
8b555dd786,40000,974,3107060,31070.6,101.12547050992872,1.6496098211498933e-18,0.00036132026725433356,0.00031579551128444556,
8b555dd786,40000,975,3110250,31102.5,101.12547050992872,7.712307781485917e-18,0.00036132026725433356,0.0002757516107473242,
8b555dd786,40000,976,3113440,31134.4,101.12547050992872,8.15257842090611e-18,0.00036132026725433356,0.0002669576686025301,
8b555dd786,40000,977,3116630,31166.3,101.12547050992872,6.445209535570097e-18,0.00036132026725433356,0.00026182170215368873,
8b555dd786,40000,978,3119820,31198.2,101.12547050992872,1.76045087293415e-18,0.00036132026725433356,0.0002475064759204064,
8b555dd786,40000,979,3123010,31230.1,101.12547050992872,8.346126733360734e-18,0.00036132026725433356,0.0002743200005697488,
8b555dd786,40000,980,3126200,31262.0,101.12547050992872,7.956103364390571e-18,0.00036132026725433356,0.00026312427554427126,
8b555dd786,40000,981,3129390,31293.9,101.12547050992872,2.797164871526036e-18,0.00036132026725433356,0.0002835018541067505,
8b555dd786,40000,982,3132580,31325.8,101.12547050992872,7.618953141810896e-18,0.00036132026725433356,0.00029819091078862425,
8b555dd786,40000,983,3135770,31357.7,101.12547050992872,4.0968058009398335e-18,0.00036132026725433356,0.00029472963454523057,
8b555dd786,40000,984,3138960,31389.6,101.12547050992872,7.342525528729225e-18,0.00036132026725433356,0.0002938797973451415,
8b555dd786,40000,985,3142150,31421.5,101.12547050992872,8.003844820947512e-18,0.00036132026725433356,0.00027297294107631677,
8b555dd786,40000,986,3145340,31453.4,101.12547050992872,6.034575012176386e-19,0.00036132026725433356,0.0002895572306934775,
8b555dd786,40000,987,3148530,31485.3,101.12547050992872,1.2029226512541273e-17,0.00036132026725433356,0.00027200603645198665,
8b555dd786,40000,988,3151720,31517.2,101.12547050992872,8.014305759085424e-18,0.00036132026725433356,0.0002761074333693479,
8b555dd786,40000,989,3154910,31549.1,101.12547050992872,3.579630831001701e-18,0.00036132026725433356,0.0002971897139033264,
8b555dd786,40000,990,3158100,31581.0,101.12547050992872,1.0022290706529062e-17,0.00036132026725433356,0.00026738128196525086,
8b555dd786,40000,991,3161290,31612.9,101.12547050992872,4.170841996604742e-19,0.00036132026725433356,0.0002549194954034906,
8b555dd786,40000,992,3164480,31644.8,101.12547050992872,5.56032950980754e-19,0.00036132026725433356,0.00026747813951583967,
8b555dd786,40000,993,3167670,31676.7,101.12547050992872,5.562324640124597e-18,0.00036132026725433356,0.000277934648428478,
8b555dd786,40000,994,3170860,31708.6,101.12547050992872,1.0581507813247764e-17,0.00036132026725433356,0.0002834962251368808,
8b555dd786,40000,995,3174050,31740.5,101.12547050992872,5.574404569326358e-18,0.00036132026725433356,0.00030515753508169853,
8b555dd786,40000,996,3177240,31772.4,101.12547050992872,1.0894701687731388e-17,0.00036132026725433356,0.00030434801098513096,
8b555dd786,40000,997,3180430,31804.3,101.12547050992872,2.7660245428026125e-18,0.00036132026725433356,0.00026940205125545346,
8b555dd786,40000,998,3183620,31836.2,101.12547050992872,1.3136369045373136e-17,0.00036132026725433356,0.0002579800350538002,
8b555dd786,40000,999,3186810,31868.1,101.12547050992872,1.369161212286347e-17,0.00036132026725433356,0.0002650292727886662,
8b555dd786,40000,1000,3190000,31900.0,101.12547050992872,3.633415294835099e-18,0.00036132026725433356,0.0003015845823676137,
8b555dd786,40000,1001,3193190,31931.9,101.12547050992872,7.94121343572394e-18,0.00036132026725433356,0.0002696108415352898,
8b555dd786,40000,1002,3196380,31963.8,101.12547050992872,9.633865924279113e-18,0.00036132026725433356,0.00026757365310909893,
8b555dd786,40000,1003,3199570,31995.7,101.12547050992872,5.701038127879138e-18,0.00036132026725433356,0.0002975696495187307,
8b555dd786,40000,1004,3202760,32027.6,101.12547050992872,7.899872592223508e-18,0.00036132026725433356,0.0002583576779332329,
8b555dd786,40000,1005,3205950,32059.5,101.12547050992872,6.022467601931106e-18,0.00036132026725433356,0.0002930546546602459,
8b555dd786,40000,1006,3209140,32091.4,101.12547050992872,7.478975136283343e-18,0.00036132026725433356,0.0002880444361075406,
8b555dd786,40000,1007,3212330,32123.3,101.12547050992872,4.036786232368909e-18,0.00036132026725433356,0.00028976231645460796,
8b555dd786,40000,1008,3215520,32155.2,101.12547050992872,8.312329265913351e-19,0.00036132026725433356,0.00027482705022775154,
8b555dd786,40000,1009,3218710,32187.1,101.12547050992872,8.929793105034161e-18,0.00036132026725433356,0.0002482675605249548,
8b555dd786,40000,1010,3221900,32219.0,101.12547050992872,7.970670180846196e-18,0.00036132026725433356,0.0002913953451751978,
8b555dd786,40000,1011,3225090,32250.9,101.12547050992872,1.0632302204250558e-17,0.00036132026725433356,0.00028575950250351006,
8b555dd786,40000,1012,3228280,32282.8,101.12547050992872,3.2544186014104937e-18,0.00036132026725433356,0.00027317959698209887,
8b555dd786,40000,1013,3231470,32314.7,101.12547050992872,5.635883630455162e-18,0.00036132026725433356,0.00027499673965652674,
8b555dd786,40000,1014,3234660,32346.6,101.12547050992872,3.0241898050139414e-17,0.00036132026725433356,0.00028431259348111023,
8b555dd786,40000,1015,3237850,32378.5,101.12547050992872,6.585594593767457e-18,0.00036132026725433356,0.0002593317780740555,
8b555dd786,40000,1016,3241040,32410.4,101.12547050992872,5.224627478258815e-18,0.00036132026725433356,0.00025553954821426326,
8b555dd786,40000,1017,3244230,32442.3,101.12547050992872,9.906224597810284e-18,0.00036132026725433356,0.00029513063022753634,
8b555dd786,40000,1018,3247420,32474.2,101.12547050992872,1.3571660015022798e-17,0.00036132026725433356,0.00029553383372081456,
8b555dd786,40000,1019,3250610,32506.1,101.12547050992872,2.1546832074075278e-17,0.00036132026725433356,0.00029380455583526366,
8b555dd786,40000,1020,3253800,32538.0,101.12547050992872,1.3363515698316408e-17,0.00036132026725433356,0.0002832701639388157,
8b555dd786,40000,1021,3256990,32569.9,101.12547050992872,3.578850054330951e-18,0.00036132026725433356,0.0002926510556929959,
8b555dd786,40000,1022,3260180,32601.8,101.12547050992872,6.757941986745972e-18,0.00036132026725433356,0.0002924298526740247,
8b555dd786,40000,1023,3263370,32633.7,101.12547050992872,5.498397627448654e-19,0.00036132026725433356,0.00026741035271588497,
8b555dd786,40000,1024,3266560,32665.6,101.12547050992872,7.908966777128782e-18,0.00036132026725433356,0.0003141346752734687,
8b555dd786,40000,1025,3269750,32697.5,101.12547050992872,8.194141710970522e-19,0.00036132026725433356,0.00028494478346471273,
8b555dd786,40000,1026,3272940,32729.4,101.12547050992872,1.905366605111752e-17,0.00036132026725433356,0.00027676752719847886,
8b555dd786,40000,1027,3276130,32761.3,101.12547050992872,2.143266784604059e-18,0.00036132026725433356,0.00026304531006554426,
8b555dd786,40000,1028,3279320,32793.2,101.12547050992872,2.8713053499584463e-17,0.00036132026725433356,0.0003005243995072801,
8b555dd786,40000,1029,3282510,32825.1,101.12547050992872,7.476457236867446e-18,0.00036132026725433356,0.0002929876208807846,
8b555dd786,40000,1030,3285700,32857.0,101.12547050992872,4.0902764285243573e-19,0.00036132026725433356,0.00027594448960373123,
8b555dd786,40000,1031,3288890,32888.9,101.12547050992872,6.2566347128817616e-18,0.00036132026725433356,0.0002821753654863944,
8b555dd786,40000,1032,3292080,32920.8,101.12547050992872,1.3187192473105453e-17,0.00036132026725433356,0.0002669784038743741,
8b555dd786,40000,1033,3295270,32952.7,101.12547050992872,8.427121815760021e-18,0.00036132026725433356,0.0002880075604102381,
8b555dd786,40000,1034,3298460,32984.6,101.12547050992872,1.63449053933379e-17,0.00036132026725433356,0.00028487055992068583,
8b555dd786,40000,1035,3301650,33016.5,101.12547050992872,2.73355767857346e-18,0.00036132026725433356,0.00030424133904148143,
8b555dd786,40000,1036,3304840,33048.4,101.12547050992872,7.314108167541315e-19,0.00036132026725433356,0.0002473950040024124,
8b555dd786,40000,1037,3308030,33080.3,101.12547050992872,2.6036400302524424e-18,0.00036132026725433356,0.0002632558616001367,
8b555dd786,40000,1038,3311220,33112.2,101.12547050992872,1.7424267066389635e-18,0.00036132026725433356,0.000249682804501446,
8b555dd786,40000,1039,3314410,33144.1,101.12547050992872,8.167387130612659e-18,0.00036132026725433356,0.0002665832112851345,
8b555dd786,40000,1040,3317600,33176.0,101.12547050992872,1.0846829135799908e-17,0.00036132026725433356,0.0002701239221762237,
8b555dd786,40000,1041,3320790,33207.9,101.12547050992872,6.589161616451634e-18,0.00036132026725433356,0.00028702398279471054,
8b555dd786,40000,1042,3323980,33239.8,101.12547050992872,3.884709543097656e-18,0.00036132026725433356,0.0002660500595493353,
8b555dd786,40000,1043,3327170,33271.7,101.12547050992872,4.3221439334966294e-18,0.00036132026725433356,0.00025337696760974887,
8b555dd786,40000,1044,3330360,33303.6,101.12547050992872,3.6561543839851985e-18,0.00036132026725433356,0.0003102799621814837,
8b555dd786,40000,1045,3333550,33335.5,101.12547050992872,4.007909792099165e-18,0.00036132026725433356,0.0002813456250136562,
8b555dd786,40000,1046,3336740,33367.4,101.12547050992872,2.482900472498565e-18,0.00036132026725433356,0.00027870478037987764,
8b555dd786,40000,1047,3339930,33399.3,101.12547050992872,3.731825016445412e-18,0.00036132026725433356,0.0003105280666864861,
8b555dd786,40000,1048,3343120,33431.2,101.12547050992872,8.440861559566564e-18,0.00036132026725433356,0.00029005615647893546,
8b555dd786,40000,1049,3346310,33463.1,101.12547050992872,8.314911959240726e-18,0.00036132026725433356,0.0002751963604977791,
8b555dd786,40000,1050,3349500,33495.0,101.12547050992872,4.261310755701743e-18,0.00036132026725433356,0.0002771161501395803,
8b555dd786,40000,1051,3352690,33526.9,101.12547050992872,7.304979560123218e-18,0.00036132026725433356,0.0002815322179230172,
8b555dd786,40000,1052,3355880,33558.8,101.12547050992872,9.302483694225062e-19,0.00036132026725433356,0.0002948749991310107,
8b555dd786,40000,1053,3359070,33590.7,101.12547050992872,1.120491417954206e-18,0.00036132026725433356,0.0002976040655028777,
8b555dd786,40000,1054,3362260,33622.6,101.12547050992872,1.0010174765235985e-18,0.00036132026725433356,0.00024826532234848537,
8b555dd786,40000,1055,3365450,33654.5,101.12547050992872,7.088299328693154e-18,0.00036132026725433356,0.000260187436261394,
8b555dd786,40000,1056,3368640,33686.4,101.12547050992872,9.72452358468629e-18,0.00036132026725433356,0.0002959278534655557,
8b555dd786,40000,1057,3371830,33718.3,101.12547050992872,6.048106933808153e-18,0.00036132026725433356,0.00028570172461062554,
8b555dd786,40000,1058,3375020,33750.2,101.12547050992872,1.3211317707876845e-18,0.00036132026725433356,0.0002744131027784037,
8b555dd786,40000,1059,3378210,33782.1,101.12547050992872,8.161234066659164e-18,0.00036132026725433356,0.0002936220015788294,
8b555dd786,40000,1060,3381400,33814.0,101.12547050992872,5.79566353345175e-18,0.00036132026725433356,0.00028833346782392017,
8b555dd786,40000,1061,3384590,33845.9,101.12547050992872,4.620809582934858e-19,0.00036132026725433356,0.00029079968733494374,
8b555dd786,40000,1062,3387780,33877.8,101.12547050992872,6.6798342558694844e-18,0.00036132026725433356,0.0002889791178243724,
8b555dd786,40000,1063,3390970,33909.7,101.12547050992872,1.0656482861200764e-17,0.00036132026725433356,0.00027706024132674036,
8b555dd786,40000,1064,3394160,33941.6,101.12547050992872,7.781138106907582e-18,0.00036132026725433356,0.0002915797321332065,
8b555dd786,40000,1065,3397350,33973.5,101.12547050992872,5.601085677362664e-18,0.00036132026725433356,0.00026159991923177436,
8b555dd786,40000,1066,3400540,34005.4,101.12547050992872,1.0523780680488436e-17,0.00036132026725433356,0.0002747889346691327,
8b555dd786,40000,1067,3403730,34037.3,101.12547050992872,1.2955652043502201e-17,0.00036132026725433356,0.00029000227401518276,
8b555dd786,40000,1068,3406920,34069.2,101.12547050992872,8.3053403442967e-18,0.00036132026725433356,0.00026495227007620006,
8b555dd786,40000,1069,3410110,34101.1,101.12547050992872,3.3435126578154344e-18,0.00036132026725433356,0.00028447314117162564,
8b555dd786,40000,1070,3413300,34133.0,101.12547050992872,4.150005506991981e-19,0.00036132026725433356,0.00028795272978108675,
8b555dd786,40000,1071,3416490,34164.9,101.12547050992872,7.042653732909248e-18,0.00036132026725433356,0.0002837774500932742,
8b555dd786,40000,1072,3419680,34196.8,101.12547050992872,8.858216378237643e-18,0.00036132026725433356,0.00029024460943718436,
8b555dd786,40000,1073,3422870,34228.7,101.12547050992872,8.782560337366818e-18,0.00036132026725433356,0.0002814155877335725,
8b555dd786,40000,1074,3426060,34260.6,101.12547050992872,7.147287463494313e-19,0.00036132026725433356,0.000310492681841981,
8b555dd786,40000,1075,3429250,34292.5,101.12547050992872,7.591722472345538e-18,0.00036132026725433356,0.00029839922504660063,
8b555dd786,40000,1076,3432440,34324.4,101.12547050992872,5.528095406508366e-18,0.00036132026725433356,0.0002637950767953224,
8b555dd786,40000,1077,3435630,34356.3,101.12547050992872,8.181055562037436e-18,0.00036132026725433356,0.00029394473144752384,
8b555dd786,40000,1078,3438820,34388.2,101.12547050992872,8.275989995422393e-19,0.00036132026725433356,0.0002604036006608824,
8b555dd786,40000,1079,3442010,34420.1,101.12547050992872,8.793449696478873e-18,0.00036132026725433356,0.00027641821575617704,
8b555dd786,40000,1080,3445200,34452.0,101.12547050992872,6.520511265962518e-18,0.00036132026725433356,0.00029141529621945245,
8b555dd786,40000,1081,3448390,34483.9,101.12547050992872,1.0460162838967009e-17,0.00036132026725433356,0.0002938059903565702,
8b555dd786,40000,1082,3451580,34515.8,101.12547050992872,1.2575264649972771e-18,0.00036132026725433356,0.00027950233659215274,
8b555dd786,40000,1083,3454770,34547.7,101.12547050992872,3.0557992084965952e-18,0.00036132026725433356,0.00026568796130446026,
8b555dd786,40000,1084,3457960,34579.6,101.12547050992872,1.6736773676312467e-18,0.00036132026725433356,0.0002648916599969118,
8b555dd786,40000,1085,3461150,34611.5,101.12547050992872,7.846887588607584e-18,0.00036132026725433356,0.00028299687934968897,
8b555dd786,40000,1086,3464340,34643.4,101.12547050992872,6.4875807872383645e-18,0.00036132026725433356,0.0002883897801591233,
8b555dd786,40000,1087,3467530,34675.3,101.12547050992872,5.591051930852499e-18,0.00036132026725433356,0.00030319472657145666,
8b555dd786,40000,1088,3470720,34707.2,101.12547050992872,3.3288969904213824e-18,0.00036132026725433356,0.00026277300131790385,
8b555dd786,40000,1089,3473910,34739.1,101.12547050992872,2.5903618262428282e-18,0.00036132026725433356,0.0002892297520382845,
8b555dd786,40000,1090,3477100,34771.0,101.12547050992872,9.5867789010295e-18,0.00036132026725433356,0.00028259523005155345,
8b555dd786,40000,1091,3480290,34802.9,101.12547050992872,4.617245923241591e-18,0.00036132026725433356,0.0002891674357591524,
8b555dd786,40000,1092,3483480,34834.8,101.12547050992872,8.598732729490207e-18,0.00036132026725433356,0.00029050483722601174,
8b555dd786,40000,1093,3486670,34866.7,101.12547050992872,9.865171211963171e-18,0.00036132026725433356,0.0002822485573314868,
8b555dd786,40000,1094,3489860,34898.6,101.12547050992872,7.064802176683444e-18,0.00036132026725433356,0.00028229618209125345,
8b555dd786,40000,1095,3493050,34930.5,101.12547050992872,7.90810520662123e-18,0.00036132026725433356,0.0002679054823707609,
8b555dd786,40000,1096,3496240,34962.4,101.12547050992872,1.3629261085532876e-17,0.00036132026725433356,0.00027681871433382453,
8b555dd786,40000,1097,3499430,34994.3,101.12547050992872,7.367467301182623e-18,0.00036132026725433356,0.0002603997203501372,
8b555dd786,40000,1098,3502620,35026.2,101.12547050992872,7.899854583042219e-18,0.00036132026725433356,0.0002976836961777505,
8b555dd786,40000,1099,3505810,35058.1,101.12547050992872,5.097377851610953e-18,0.00036132026725433356,0.0002656024910424113,
8b555dd786,40000,1100,3509000,35090.0,101.12547050992872,1.1094534777783533e-17,0.00036132026725433356,0.0002777817841054735,
8b555dd786,40000,1101,3512190,35121.9,101.12547050992872,5.816883180888694e-18,0.00036132026725433356,0.0002961880758722222,
8b555dd786,40000,1102,3515380,35153.8,101.12547050992872,1.0953118052139362e-17,0.00036132026725433356,0.0002921444875629401,
8b555dd786,40000,1103,3518570,35185.7,101.12547050992872,6.697912602122997e-19,0.00036132026725433356,0.00026894759419127166,
8b555dd786,40000,1104,3521760,35217.6,101.12547050992872,5.396636896830859e-19,0.00036132026725433356,0.00026076616289847157,
8b555dd786,40000,1105,3524950,35249.5,101.12547050992872,2.4623852930127313e-18,0.00036132026725433356,0.00029967477389379935,
8b555dd786,40000,1106,3528140,35281.4,101.12547050992872,8.441894876080288e-18,0.00036132026725433356,0.00029545481298497747,
8b555dd786,40000,1107,3531330,35313.3,101.12547050992872,1.555843517271907e-17,0.00036132026725433356,0.0002898511527771132,
8b555dd786,40000,1108,3534520,35345.2,101.12547050992872,6.6470323267315236e-18,0.00036132026725433356,0.00028590348569867746,
8b555dd786,40000,1109,3537710,35377.1,101.12547050992872,7.851880680329916e-18,0.00036132026725433356,0.000277539717835117,
8b555dd786,40000,1110,3540900,35409.0,101.12547050992872,4.11903594632494e-19,0.00036132026725433356,0.00028399447969600084,
8b555dd786,40000,1111,3544090,35440.9,101.12547050992872,5.186158129909804e-18,0.00036132026725433356,0.0002954337950944209,
8b555dd786,40000,1112,3547280,35472.8,101.12547050992872,3.683661835395273e-18,0.00036132026725433356,0.00029824916859697476,
8b555dd786,40000,1113,3550470,35504.7,101.12547050992872,7.317063522648173e-18,0.00036132026725433356,0.0002856825622946535,
8b555dd786,40000,1114,3553660,35536.6,101.12547050992872,5.2716995032134385e-18,0.00036132026725433356,0.00028693398860631726,
8b555dd786,40000,1115,3556850,35568.5,101.12547050992872,1.728052323370236e-17,0.00036132026725433356,0.0002751650183353409,
8b555dd786,40000,1116,3560040,35600.4,101.12547050992872,8.604839024722109e-18,0.00036132026725433356,0.0002985288330823048,
8b555dd786,40000,1117,3563230,35632.3,101.12547050992872,7.560432582033766e-18,0.00036132026725433356,0.0003012820085438386,
8b555dd786,40000,1118,3566420,35664.2,101.12547050992872,8.16285468543956e-18,0.00036132026725433356,0.00027133793404375263,
8b555dd786,40000,1119,3569610,35696.1,101.12547050992872,7.984624234426118e-18,0.00036132026725433356,0.00028246547761373624,
8b555dd786,40000,1120,3572800,35728.0,101.12547050992872,7.622583735181061e-18,0.00036132026725433356,0.0002756843455362503,
8b555dd786,40000,1121,3575990,35759.9,101.12547050992872,1.7461143070918182e-17,0.00036132026725433356,0.0002892753963272471,
8b555dd786,40000,1122,3579180,35791.8,101.12547050992872,6.8154290902001305e-18,0.00036132026725433356,0.0002769265594697689,
8b555dd786,40000,1123,3582370,35823.7,101.12547050992872,5.378418016432679e-18,0.00036132026725433356,0.0002724241425013316,
8b555dd786,40000,1124,3585560,35855.6,101.12547050992872,7.195656001492968e-18,0.00036132026725433356,0.0002824708608071514,
8b555dd786,40000,1125,3588750,35887.5,101.12547050992872,5.950619462464212e-18,0.00036132026725433356,0.00027976762034319017,
8b555dd786,40000,1126,3591940,35919.4,101.12547050992872,6.656193966611134e-18,0.00036132026725433356,0.00028714682065338314,
8b555dd786,40000,1127,3595130,35951.3,101.12547050992872,8.514802527369688e-18,0.00036132026725433356,0.0002682865711206468,
8b555dd786,40000,1128,3598320,35983.2,101.12547050992872,9.538423173985046e-18,0.00036132026725433356,0.00028689873723139806,
8b555dd786,40000,1129,3601510,36015.1,101.12547050992872,3.681889046248472e-18,0.00036132026725433356,0.00029513112694077974,
8b555dd786,40000,1130,3604700,36047.0,101.12547050992872,6.878529356670528e-18,0.00036132026725433356,0.000306417073843105,
8b555dd786,40000,1131,3607890,36078.9,101.12547050992872,8.011049847360888e-18,0.00036132026725433356,0.0002623886220490156,
8b555dd786,40000,1132,3611080,36110.8,101.12547050992872,8.347977610135638e-18,0.00036132026725433356,0.00030454365483987265,
8b555dd786,40000,1133,3614270,36142.7,101.12547050992872,7.945689710172665e-18,0.00036132026725433356,0.00027744624286505715,
8b555dd786,40000,1134,3617460,36174.6,101.12547050992872,6.4791684377587e-18,0.00036132026725433356,0.00029773133554229715,
8b555dd786,40000,1135,3620650,36206.5,101.12547050992872,1.239035886567663e-17,0.00036132026725433356,0.0002805591073982702,
8b555dd786,40000,1136,3623840,36238.4,101.12547050992872,6.158079319799733e-18,0.00036132026725433356,0.00029410700577039316,
8b555dd786,40000,1137,3627030,36270.3,101.12547050992872,7.144841329701234e-18,0.00036132026725433356,0.00026270925279805107,
8b555dd786,40000,1138,3630220,36302.2,101.12547050992872,2.0115323054428564e-17,0.00036132026725433356,0.00029501300201109876,
8b555dd786,40000,1139,3633410,36334.1,101.12547050992872,6.632157228802396e-18,0.00036132026725433356,0.000256951882416099,
8b555dd786,40000,1140,3636600,36366.0,101.12547050992872,1.1689244739536044e-17,0.00036132026725433356,0.00027360325534579407,
8b555dd786,40000,1141,3639790,36397.9,101.12547050992872,9.266444581101991e-18,0.00036132026725433356,0.00027124039448893285,
8b555dd786,40000,1142,3642980,36429.8,101.12547050992872,7.03554918523741e-18,0.00036132026725433356,0.0003103625181751668,
8b555dd786,40000,1143,3646170,36461.7,101.12547050992872,7.148053431431711e-18,0.00036132026725433356,0.00026056902001209565,
8b555dd786,40000,1144,3649360,36493.6,101.12547050992872,3.2927056848712717e-18,0.00036132026725433356,0.0002696321910531897,
8b555dd786,40000,1145,3652550,36525.5,101.12547050992872,1.0974318315002483e-17,0.00036132026725433356,0.0002922966307471062,
8b555dd786,40000,1146,3655740,36557.4,101.12547050992872,9.77839699030597e-18,0.00036132026725433356,0.00028848905237747644,
8b555dd786,40000,1147,3658930,36589.3,101.12547050992872,1.44863833125311e-17,0.00036132026725433356,0.00028733828659008916,
8b555dd786,40000,1148,3662120,36621.2,101.12547050992872,5.582191560491609e-18,0.00036132026725433356,0.00027713900137620815,
8b555dd786,40000,1149,3665310,36653.1,101.12547050992872,7.840401264320349e-18,0.00036132026725433356,0.000300127614786471,
8b555dd786,40000,1150,3668500,36685.0,101.12547050992872,8.843004741770436e-19,0.00036132026725433356,0.0002854876394697383,
8b555dd786,40000,1151,3671690,36716.9,101.12547050992872,1.5911239963277034e-17,0.00036132026725433356,0.0002670873457681051,
8b555dd786,40000,1152,3674880,36748.8,101.12547050992872,5.923741095944324e-18,0.00036132026725433356,0.0002668962711325971,
8b555dd786,40000,1153,3678070,36780.7,101.12547050992872,5.51719835323453e-18,0.00036132026725433356,0.00029403831102968014,
8b555dd786,40000,1154,3681260,36812.6,101.12547050992872,5.660033853915249e-18,0.00036132026725433356,0.0003014163706997129,
8b555dd786,40000,1155,3684450,36844.5,101.12547050992872,3.866049419332516e-18,0.00036132026725433356,0.00023680093512933934,
8b555dd786,40000,1156,3687640,36876.4,101.12547050992872,9.205024624946946e-18,0.00036132026725433356,0.0002600450403676674,
8b555dd786,40000,1157,3690830,36908.3,101.12547050992872,1.1474615237886743e-17,0.00036132026725433356,0.00030435216576730746,
8b555dd786,40000,1158,3694020,36940.2,101.12547050992872,6.532802687066903e-18,0.00036132026725433356,0.0002788002497974158,
8b555dd786,40000,1159,3697210,36972.1,101.12547050992872,7.058781471374765e-18,0.00036132026725433356,0.000294571781560177,
8b555dd786,40000,1160,3700400,37004.0,101.12547050992872,3.8721215643213076e-18,0.00036132026725433356,0.00029162146720328544,
8b555dd786,40000,1161,3703590,37035.9,101.12547050992872,6.9319573346988755e-18,0.00036132026725433356,0.00029797810949119125,
8b555dd786,40000,1162,3706780,37067.8,101.12547050992872,3.892752051201876e-18,0.00036132026725433356,0.0002835271074826011,
8b555dd786,40000,1163,3709970,37099.7,101.12547050992872,6.6519937914749584e-18,0.00036132026725433356,0.00027064848648099434,
8b555dd786,40000,1164,3713160,37131.6,101.12547050992872,7.761628401464918e-18,0.00036132026725433356,0.00026059361428151773,
8b555dd786,40000,1165,3716350,37163.5,101.12547050992872,5.415136695188927e-18,0.00036132026725433356,0.00028167254343799806,
8b555dd786,40000,1166,3719540,37195.4,101.12547050992872,8.677565100517127e-18,0.00036132026725433356,0.00024129729516464307,
8b555dd786,40000,1167,3722730,37227.3,101.12547050992872,7.661367068016326e-18,0.00036132026725433356,0.000272717971621807,
8b555dd786,40000,1168,3725920,37259.2,101.12547050992872,2.721594583409161e-18,0.00036132026725433356,0.00029246753843177164,
8b555dd786,40000,1169,3729110,37291.1,101.12547050992872,7.27061020080702e-18,0.00036132026725433356,0.00028972132065036433,
8b555dd786,40000,1170,3732300,37323.0,101.12547050992872,4.481320620871903e-19,0.00036132026725433356,0.00028036533465399194,
8b555dd786,40000,1171,3735490,37354.9,101.12547050992872,5.342285829736386e-18,0.00036132026725433356,0.0002713926868250283,
8b555dd786,40000,1172,3738680,37386.8,101.12547050992872,8.057355777436443e-18,0.00036132026725433356,0.00029659228864227494,
8b555dd786,40000,1173,3741870,37418.7,101.12547050992872,1.084290927175865e-17,0.00036132026725433356,0.00027984465620763994,
8b555dd786,40000,1174,3745060,37450.6,101.12547050992872,4.560936261738855e-18,0.00036132026725433356,0.00029238439770945415,
8b555dd786,40000,1175,3748250,37482.5,101.12547050992872,6.813520642815146e-18,0.00036132026725433356,0.00027365725991424086,
8b555dd786,40000,1176,3751440,37514.4,101.12547050992872,8.60059814989645e-18,0.00036132026725433356,0.0002509545470942131,
8b555dd786,40000,1177,3754630,37546.3,101.12547050992872,7.561321866740467e-18,0.00036132026725433356,0.00028624298875523684,
8b555dd786,40000,1178,3757820,37578.2,101.12547050992872,8.078770411995664e-18,0.00036132026725433356,0.0002641304763561658,
8b555dd786,40000,1179,3761010,37610.1,101.12547050992872,2.840968247672826e-18,0.00036132026725433356,0.00028786933271863314,
8b555dd786,40000,1180,3764200,37642.0,101.12547050992872,8.125992971772535e-18,0.00036132026725433356,0.0002794469623629288,
8b555dd786,40000,1181,3767390,37673.9,101.12547050992872,7.968880281374143e-18,0.00036132026725433356,0.0002761905672500594,
8b555dd786,40000,1182,3770580,37705.8,101.12547050992872,6.402431999666245e-18,0.00036132026725433356,0.00025587196440555305,
8b555dd786,40000,1183,3773770,37737.7,101.12547050992872,6.652994740564764e-18,0.00036132026725433356,0.00029094313077406746,
8b555dd786,40000,1184,3776960,37769.6,101.12547050992872,8.02706877554449e-18,0.00036132026725433356,0.0003138671304956408,
8b555dd786,40000,1185,3780150,37801.5,101.12547050992872,8.449237329605178e-18,0.00036132026725433356,0.0002981514032983158,
8b555dd786,40000,1186,3783340,37833.4,101.12547050992872,6.997706456158416e-18,0.00036132026725433356,0.000262471204271164,
8b555dd786,40000,1187,3786530,37865.3,101.12547050992872,1.1704792811328954e-17,0.00036132026725433356,0.00027416531343481845,
8b555dd786,40000,1188,3789720,37897.2,101.12547050992872,6.5350191117276876e-18,0.00036132026725433356,0.00024496203875747996,
8b555dd786,40000,1189,3792910,37929.1,101.12547050992872,1.507357523489138e-17,0.00036132026725433356,0.0002808876516328684,
8b555dd786,40000,1190,3796100,37961.0,101.12547050992872,1.4289785185235713e-17,0.00036132026725433356,0.0002628784583469229,
8b555dd786,40000,1191,3799290,37992.9,101.12547050992872,8.499673403431034e-18,0.00036132026725433356,0.0002813077308169963,
8b555dd786,40000,1192,3802480,38024.8,101.12547050992872,1.0180456376211899e-17,0.00036132026725433356,0.00030281772663465483,
8b555dd786,40000,1193,3805670,38056.7,101.12547050992872,8.731480235957847e-18,0.00036132026725433356,0.0002524523110746233,
8b555dd786,40000,1194,3808860,38088.6,101.12547050992872,6.686383942757697e-18,0.00036132026725433356,0.00027042911234544765,
8b555dd786,40000,1195,3812050,38120.5,101.12547050992872,9.883022700732051e-18,0.00036132026725433356,0.0003058735885944091,
8b555dd786,40000,1196,3815240,38152.4,101.12547050992872,8.306572595511362e-18,0.00036132026725433356,0.00029363714907646056,
8b555dd786,40000,1197,3818430,38184.3,101.12547050992872,7.586663726823358e-18,0.00036132026725433356,0.00027053478140018995,
8b555dd786,40000,1198,3821620,38216.2,101.12547050992872,7.508802032726793e-18,0.00036132026725433356,0.00027279870978803953,
8b555dd786,40000,1199,3824810,38248.1,101.12547050992872,9.05911986774016e-18,0.00036132026725433356,0.00028974329022451154,
8b555dd786,40000,1200,3828000,38280.0,101.12547050992872,6.228434447923887e-18,0.00036132026725433356,0.0002646822485503918,
8b555dd786,40000,1201,3831190,38311.9,101.12547050992872,1.439419594206011e-17,0.00036132026725433356,0.00026716474371553113,
8b555dd786,40000,1202,3834380,38343.8,101.12547050992872,8.89397456478768e-18,0.00036132026725433356,0.00028130356635482496,
8b555dd786,40000,1203,3837570,38375.7,101.12547050992872,1.060902229016604e-17,0.00036132026725433356,0.00024658702114305106,
8b555dd786,40000,1204,3840760,38407.6,101.12547050992872,8.729857127712941e-18,0.00036132026725433356,0.000299124960118944,
8b555dd786,40000,1205,3843950,38439.5,101.12547050992872,6.383478958299021e-18,0.00036132026725433356,0.0002983617603163783,
8b555dd786,40000,1206,3847140,38471.4,101.12547050992872,1.7397690946251347e-18,0.00036132026725433356,0.0002818991064675652,
8b555dd786,40000,1207,3850330,38503.3,101.12547050992872,1.2429353162120443e-17,0.00036132026725433356,0.00029880953813426114,
8b555dd786,40000,1208,3853520,38535.2,101.12547050992872,7.35019057532635e-18,0.00036132026725433356,0.00027561656376794683,
8b555dd786,40000,1209,3856710,38567.1,101.12547050992872,1.064460394505331e-17,0.00036132026725433356,0.00026888309091132023,
8b555dd786,40000,1210,3859900,38599.0,101.12547050992872,3.144636186672629e-18,0.00036132026725433356,0.00025510120455876466,
8b555dd786,40000,1211,3863090,38630.9,101.12547050992872,9.576550376785149e-18,0.00036132026725433356,0.0002835912109220063,
8b555dd786,40000,1212,3866280,38662.8,101.12547050992872,6.189842438348167e-18,0.00036132026725433356,0.00028349611995703784,
8b555dd786,40000,1213,3869470,38694.7,101.12547050992872,1.087263322868375e-17,0.00036132026725433356,0.00026980958073332165,
8b555dd786,40000,1214,3872660,38726.6,101.12547050992872,9.005600578892558e-18,0.00036132026725433356,0.0002831475412891998,
8b555dd786,40000,1215,3875850,38758.5,101.12547050992872,8.718917411908362e-18,0.00036132026725433356,0.00029900030377414565,
8b555dd786,40000,1216,3879040,38790.4,101.12547050992872,7.021486184559206e-18,0.00036132026725433356,0.0002683235553148534,
8b555dd786,40000,1217,3882230,38822.3,101.12547050992872,4.898960957559856e-18,0.00036132026725433356,0.0002966065353676573,
8b555dd786,40000,1218,3885420,38854.2,101.12547050992872,5.424388758247905e-18,0.00036132026725433356,0.00028173129212513795,
8b555dd786,40000,1219,3888610,38886.1,101.12547050992872,8.319482889694591e-19,0.00036132026725433356,0.00027358971891161874,
8b555dd786,40000,1220,3891800,38918.0,101.12547050992872,8.283932428652676e-19,0.00036132026725433356,0.0002944808028506594,
8b555dd786,40000,1221,3894990,38949.9,101.12547050992872,1.0228036893260488e-17,0.00036132026725433356,0.0002745166616799458,
8b555dd786,40000,1222,3898180,38981.8,101.12547050992872,8.017336483971956e-18,0.00036132026725433356,0.00029570751898617763,
8b555dd786,40000,1223,3901370,39013.7,101.12547050992872,1.7556594861761154e-17,0.00036132026725433356,0.0002758288866592433,
8b555dd786,40000,1224,3904560,39045.6,101.12547050992872,1.3169413575779189e-17,0.00036132026725433356,0.00029378469058411876,
8b555dd786,40000,1225,3907750,39077.5,101.12547050992872,1.1266116031267733e-17,0.00036132026725433356,0.0002748987798471141,
8b555dd786,40000,1226,3910940,39109.4,101.12547050992872,6.998163819414865e-18,0.00036132026725433356,0.00028464735023764955,
8b555dd786,40000,1227,3914130,39141.3,101.12547050992872,1.0141075391260288e-17,0.00036132026725433356,0.00025922506063602796,
8b555dd786,40000,1228,3917320,39173.2,101.12547050992872,7.532314895995369e-18,0.00036132026725433356,0.0002847685577903439,
8b555dd786,40000,1229,3920510,39205.1,101.12547050992872,4.686576772739271e-18,0.00036132026725433356,0.0002764095765742685,
8b555dd786,40000,1230,3923700,39237.0,101.12547050992872,3.905872777413629e-18,0.00036132026725433356,0.00028660797328511985,
8b555dd786,40000,1231,3926890,39268.9,101.12547050992872,6.924214250815157e-18,0.00036132026725433356,0.00027613346580726035,
8b555dd786,40000,1232,3930080,39300.8,101.12547050992872,2.8436186137976567e-18,0.00036132026725433356,0.0002644080311425084,
8b555dd786,40000,1233,3933270,39332.7,101.12547050992872,3.0795420353284517e-17,0.00036132026725433356,0.00029754807931065664,
8b555dd786,40000,1234,3936460,39364.6,101.12547050992872,7.855425473015832e-18,0.00036132026725433356,0.00026508963481164616,
8b555dd786,40000,1235,3939650,39396.5,101.12547050992872,6.945600296205019e-18,0.00036132026725433356,0.00029720311894363094,
8b555dd786,40000,1236,3942840,39428.4,101.12547050992872,9.084440423870353e-18,0.00036132026725433356,0.0002618082795354059,
8b555dd786,40000,1237,3946030,39460.3,101.12547050992872,4.005874794440376e-18,0.00036132026725433356,0.0002907074607448512,
8b555dd786,40000,1238,3949220,39492.2,101.12547050992872,1.3299994159245068e-17,0.00036132026725433356,0.0002813709894580045,
8b555dd786,40000,1239,3952410,39524.1,101.12547050992872,8.547490995561198e-18,0.00036132026725433356,0.0002853921543068795,
8b555dd786,40000,1240,3955600,39556.0,101.12547050992872,5.092018743556005e-18,0.00036132026725433356,0.00029645216693774255,
8b555dd786,40000,1241,3958790,39587.9,101.12547050992872,4.322008148576561e-18,0.00036132026725433356,0.0002699811429733521,
8b555dd786,40000,1242,3961980,39619.8,101.12547050992872,4.1222985259694267e-19,0.00036132026725433356,0.00029811246392319853,
8b555dd786,40000,1243,3965170,39651.7,101.12547050992872,5.511664428788834e-18,0.00036132026725433356,0.0002650301833267403,
8b555dd786,40000,1244,3968360,39683.6,101.12547050992872,4.96036578756738e-18,0.00036132026725433356,0.00029608584555893496,
8b555dd786,40000,1245,3971550,39715.5,101.12547050992872,5.993815804361046e-18,0.00036132026725433356,0.0002559977270460562,
8b555dd786,40000,1246,3974740,39747.4,101.12547050992872,6.949845655579735e-18,0.00036132026725433356,0.00028813480832213866,
8b555dd786,40000,1247,3977930,39779.3,101.12547050992872,8.398138833316316e-18,0.00036132026725433356,0.0003086655862416755,
8b555dd786,40000,1248,3981120,39811.2,101.12547050992872,1.103802939777446e-17,0.00036132026725433356,0.0002722496369395669,
8b555dd786,40000,1249,3984310,39843.1,101.12547050992872,7.139770405877512e-18,0.00036132026725433356,0.0002635851213975462,
8b555dd786,40000,1250,3987500,39875.0,101.12547050992872,6.068343915537016e-18,0.00036132026725433356,0.00029857520700562844,
8b555dd786,40000,1251,3990690,39906.9,101.12547050992872,1.1480800447834516e-17,0.00036132026725433356,0.00028999504802599445,
8b555dd786,40000,1252,3993880,39938.8,101.12547050992872,2.3051074912257347e-17,0.00036132026725433356,0.00026071986341884995,
8b555dd786,40000,1253,3997070,39970.7,101.12547050992872,,0.00036132026725433356,0.0003159201177158621,
2322c437a4,40000,0,0,0.0,516651013610901.0,4.976234991551689,119640441474639.08,99506181024267.47,"ProjectedCommonDirectionsConfig(subspace_frac_grads=0.1, subspace_frac_updates=0.1, subspace_frac_random=0.1, direction_str=newton, use_hess=True, random_proj=True, random_proj_dim_frac=0.6, ensemble=haar, inner_use_full_grad=True, reg_lambda=0, orth_P_k=True, beta=0.001, tau=0.5, c_const=inf, N_try=200, alpha_max=1, p_const=1)"
2322c437a4,40000,1,3190,31.9,129162753402801.05,8.88358124421263,59820220737319.516,46891644702041.07,
2322c437a4,40000,2,6380,63.8,101.12547051463659,4.63701128331377e-08,0.01585579327434997,0.012680631043322932,
2322c437a4,40000,3,9570,95.7,101.12547051371962,4.858704654956615e-09,0.012471092440087917,0.010199776586791484,
2322c437a4,40000,4,12760,127.6,101.12547051370542,1.6794135968610218e-07,0.011798272375554173,0.009473012237742441,
2322c437a4,40000,5,15950,159.5,101.12547051364363,8.869073911748146e-08,0.008504381309774036,0.006367887930817967,
2322c437a4,40000,6,19140,191.4,101.12547051345135,1.1486614637975621e-14,0.009052311443329644,0.006219002311181125,
2322c437a4,40000,7,22330,223.3,101.12547051332196,7.506541224915733e-08,0.006987578362611999,0.005058467198626457,
2322c437a4,40000,8,25520,255.2,101.12547051306731,2.9088813127518066e-11,0.006879492977112155,0.005512149879801258,
2322c437a4,40000,9,28710,287.1,101.12547051297113,3.141383338261761e-16,0.00887434105943148,0.007189859206163405,
2322c437a4,40000,10,31900,319.0,101.12547051294872,3.200898568944236e-17,0.008615964357566933,0.007025492443765654,
2322c437a4,40000,11,35090,350.9,101.12547051292107,7.439082633659436e-18,0.00862836781342435,0.006530803330205004,
2322c437a4,40000,12,38280,382.8,101.12547051292107,1.6824048609045765e-18,0.00862836781342435,0.006337842698658341,
2322c437a4,40000,13,41470,414.7,101.12547051292107,3.205974543867389e-19,0.00862836781342435,0.006530987296934733,
2322c437a4,40000,14,44660,446.6,101.12547051292107,1.2979480353351005e-18,0.00862836781342435,0.006738619339396576,
2322c437a4,40000,15,47850,478.5,101.12547051292107,2.508627073409753e-19,0.00862836781342435,0.0066008577891073835,
2322c437a4,40000,16,51040,510.4,101.12547051292107,1.2560592184386153e-14,0.00862836781342435,0.0062799468852892185,
2322c437a4,40000,17,54230,542.3,101.12547051283669,3.609321794700107e-15,0.0075141140469047706,0.006094819920394593,
2322c437a4,40000,18,57420,574.2,101.12547051269286,3.106139359722393e-17,0.00798859632348598,0.0062760721053295365,
2322c437a4,40000,19,60610,606.1,101.12547051267397,9.79055125562241e-19,0.007987937755961148,0.005668030776385083,
2322c437a4,40000,20,63800,638.0,101.12547051267397,8.184408278515719e-19,0.007987937755961148,0.006436106412327106,
2322c437a4,40000,21,66990,669.9,101.12547051267397,1.7843973855981446e-12,0.007987937755961148,0.005342522904095204,
2322c437a4,40000,22,70180,701.8,101.12547051247918,4.397614981856532e-16,0.00837551039008833,0.006380304644316846,
2322c437a4,40000,23,73370,733.7,101.12547051231893,2.6329358839831673e-17,0.008579022379536911,0.007080672769051189,
2322c437a4,40000,24,76560,765.6,101.12547051230106,8.581515297069442e-18,0.00853310687029613,0.006380200972112079,
2322c437a4,40000,25,79750,797.5,101.12547051230106,4.267166694180289e-18,0.00853310687029613,0.006584045903222567,
2322c437a4,40000,26,82940,829.4,101.12547051230106,4.899690705960883e-18,0.00853310687029613,0.006528596953538132,
2322c437a4,40000,27,86130,861.3,101.12547051230106,4.01526800660813e-18,0.00853310687029613,0.007389475930663708,
2322c437a4,40000,28,89320,893.2,101.12547051230106,1.5254581089622412e-18,0.00853310687029613,0.006452898888388101,
2322c437a4,40000,29,92510,925.1,101.12547051230106,3.769614783580947e-18,0.00853310687029613,0.006760326437752671,
2322c437a4,40000,30,95700,957.0,101.12547051230106,5.630810506105355e-17,0.00853310687029613,0.006607700243642901,
2322c437a4,40000,31,98890,988.9,101.12547051229454,3.0728732072786664e-18,0.008553993238222861,0.006807564776255144,
2322c437a4,40000,32,102080,1020.8,101.12547051229454,6.0479227499751856e-18,0.008553993238222861,0.006710620261634331,
2322c437a4,40000,33,105270,1052.7,101.12547051229454,5.158428373230151e-18,0.008553993238222861,0.006366898744173298,
2322c437a4,40000,34,108460,1084.6,101.12547051229454,4.924393272297378e-18,0.008553993238222861,0.006931558246732516,
2322c437a4,40000,35,111650,1116.5,101.12547051229454,1.0287726570832276e-16,0.008553993238222861,0.0062713793009889175,
2322c437a4,40000,36,114840,1148.4,101.12547051226187,1.5647717035598263e-16,0.008522717113267651,0.006199475619265273,
2322c437a4,40000,37,118030,1180.3,101.12547051223937,3.5273783096628144e-17,0.007961917790389973,0.006313480860754165,
2322c437a4,40000,38,121220,1212.2,101.12547051223572,2.6061214538580776e-18,0.007970222692245411,0.006780623043131286,
2322c437a4,40000,39,124410,1244.1,101.12547051223572,5.928276601141972e-18,0.007970222692245411,0.006401499045539266,
2322c437a4,40000,40,127600,1276.0,101.12547051223572,9.569222295798422e-18,0.007970222692245411,0.00597856566178721,
2322c437a4,40000,41,130790,1307.9,101.12547051223572,4.303060060043955e-18,0.007970222692245411,0.0065517994150989444,
2322c437a4,40000,42,133980,1339.8,101.12547051223572,2.6997957197260994e-18,0.007970222692245411,0.005587753979766182,
2322c437a4,40000,43,137170,1371.7,101.12547051223572,2.2695612638574087e-18,0.007970222692245411,0.006175287625064178,
2322c437a4,40000,44,140360,1403.6,101.12547051223572,3.043564891639028e-18,0.007970222692245411,0.0062577892752740585,
2322c437a4,40000,45,143550,1435.5,101.12547051223572,1.1896287330990147e-18,0.007970222692245411,0.005858924595018555,
2322c437a4,40000,46,146740,1467.4,101.12547051223572,5.943265766959474e-19,0.007970222692245411,0.006084890401259895,
2322c437a4,40000,47,149930,1499.3,101.12547051223572,3.652691479645431e-12,0.007970222692245411,0.005899465131752967,
2322c437a4,40000,48,153120,1531.2,101.12547051208152,1.153595912257964e-15,0.008740692678208796,0.006903030132524477,
2322c437a4,40000,49,156310,1563.1,101.12547051180191,2.8769092149366156e-17,0.007559588883555146,0.006367529006569773,
2322c437a4,40000,50,159500,1595.0,101.12547051174839,5.483358502573437e-16,0.007543691435196021,0.005871296653966338,
2322c437a4,40000,51,162690,1626.9,101.12547051172747,2.801097704869886e-17,0.0018355174644268024,0.0014039818832702312,
2322c437a4,40000,52,165880,1658.8,101.12547051170812,2.8000358197288256e-16,0.001837001903312913,0.0012551514942462235,
2322c437a4,40000,53,169070,1690.7,101.12547051165879,5.90224543483081e-17,0.0017410518737815636,0.0013555176121111518,
2322c437a4,40000,54,172260,1722.6,101.12547051158298,9.517350946140706e-16,0.0016663763262104903,0.0013207822525610124,
2322c437a4,40000,55,175450,1754.5,101.12547051133593,3.880003230435617e-16,0.0014592462344045496,0.0012549142851542865,
2322c437a4,40000,56,178640,1786.4,101.1254705110324,4.279470157063187e-18,0.0015717938387776603,0.001112439172316729,
2322c437a4,40000,57,181830,1818.3,101.1254705110324,3.562015853306288e-18,0.0015717938387776603,0.001134429929515196,
2322c437a4,40000,58,185020,1850.2,101.1254705110324,9.585459917011942e-18,0.0015717938387776603,0.0011947421715468435,
2322c437a4,40000,59,188210,1882.1,101.1254705110324,1.0368370102323495e-17,0.0015717938387776603,0.001166523055702169,
2322c437a4,40000,60,191400,1914.0,101.1254705110324,2.0163096790239842e-16,0.0015717938387776603,0.0011974666954333634,
2322c437a4,40000,61,194590,1945.9,101.12547051102231,2.5184185867058947e-17,0.0017258919273895226,0.001454715679300785,
2322c437a4,40000,62,197780,1977.8,101.12547051101983,3.737594954566129e-16,0.0016945055068727714,0.0013638050405287664,
2322c437a4,40000,63,200970,2009.7,101.12547051097104,2.2337155926828273e-16,0.0011728057900621703,0.0009521455995071897,
2322c437a4,40000,64,204160,2041.6,101.12547051085264,4.460919017052976e-17,0.0010854157810899889,0.0008483814198139536,
2322c437a4,40000,65,207350,2073.5,101.12547051078917,1.5513816883141935e-16,0.0009933811806878132,0.000754443986980991,
2322c437a4,40000,66,210540,2105.4,101.1254705107855,6.719714599479629e-18,0.0009659534202073678,0.0007385637594055078,
2322c437a4,40000,67,213730,2137.3,101.1254705107855,2.0127127363642117e-16,0.0009659534202073678,0.0007515615496345436,
2322c437a4,40000,68,216920,2169.2,101.12547051078215,1.6753836755389348e-17,0.0012202116058957577,0.0008530097386512068,
2322c437a4,40000,69,220110,2201.1,101.12547051078215,1.765233769800598e-17,0.0012202116058957577,0.001011924643788667,
2322c437a4,40000,70,223300,2233.0,101.12547051078215,7.496022167239365e-17,0.0012202116058957577,0.0008891364292305281,
2322c437a4,40000,71,226490,2264.9,101.12547051076811,1.9194209499255577e-17,0.0012003492949456296,0.0009052399651506987,
2322c437a4,40000,72,229680,2296.8,101.12547051076811,2.303419542102522e-17,0.0012003492949456296,0.0009159584338394505,
2322c437a4,40000,73,232870,2328.7,101.12547051076811,9.906467379345586e-18,0.0012003492949456296,0.0009226200031557528,
2322c437a4,40000,74,236060,2360.6,101.12547051076811,1.0363891063035341e-17,0.0012003492949456296,0.0009530582486814073,
2322c437a4,40000,75,239250,2392.5,101.12547051076811,8.243671817794936e-18,0.0012003492949456296,0.0008830722821504527,
2322c437a4,40000,76,242440,2424.4,101.12547051076811,1.340406060416171e-16,0.0012003492949456296,0.000932330465430066,
2322c437a4,40000,77,245630,2456.3,101.12547051070145,1.2577191973770717e-17,0.001318133419479329,0.0011648270978231547,
2322c437a4,40000,78,248820,2488.2,101.12547051070145,6.0472636118076646e-18,0.001318133419479329,0.0009248613394313585,
2322c437a4,40000,79,252010,2520.1,101.12547051070145,8.328259468731549e-18,0.001318133419479329,0.0010049691463258298,
2322c437a4,40000,80,255200,2552.0,101.12547051070145,8.897843242102099e-17,0.001318133419479329,0.00098960518528705,
2322c437a4,40000,81,258390,2583.9,101.12547051064843,7.136511633979314e-18,0.0012967700889855494,0.0009525055230658636,
2322c437a4,40000,82,261580,2615.8,101.12547051064843,6.5069178207821685e-18,0.0012967700889855494,0.0010238634846366289,
2322c437a4,40000,83,264770,2647.7,101.12547051064843,1.884525299648493e-18,0.0012967700889855494,0.0009318841191478384,
2322c437a4,40000,84,267960,2679.6,101.12547051064843,5.017899852018927e-18,0.0012967700889855494,0.0009374348878135076,
2322c437a4,40000,85,271150,2711.5,101.12547051064843,2.1796549396973913e-18,0.0012967700889855494,0.0009837727628864308,
2322c437a4,40000,86,274340,2743.4,101.12547051064843,5.898933658540825e-18,0.0012967700889855494,0.0010935792335160944,
2322c437a4,40000,87,277530,2775.3,101.12547051064843,1.5956876411889308e-17,0.0012967700889855494,0.0009858106581947135,
2322c437a4,40000,88,280720,2807.2,101.12547051064843,1.2437105754735156e-17,0.0012967700889855494,0.0009883213817201612,
2322c437a4,40000,89,283910,2839.1,101.12547051064843,4.264410957652769e-18,0.0012967700889855494,0.0009832776428645475,
2322c437a4,40000,90,287100,2871.0,101.12547051064843,4.78639520446306e-18,0.0012967700889855494,0.0010831081139872738,
2322c437a4,40000,91,290290,2902.9,101.12547051064843,3.616508738114543e-18,0.0012967700889855494,0.0009558471555148167,
2322c437a4,40000,92,293480,2934.8,101.12547051064843,5.339689680879294e-18,0.0012967700889855494,0.0009351272201546187,
2322c437a4,40000,93,296670,2966.7,101.12547051064843,4.893524354305823e-18,0.0012967700889855494,0.0010064523708214618,
2322c437a4,40000,94,299860,2998.6,101.12547051064843,5.384909001837339e-18,0.0012967700889855494,0.0010573171939481834,
2322c437a4,40000,95,303050,3030.5,101.12547051064843,5.8828861021632315e-18,0.0012967700889855494,0.001102878192961592,
2322c437a4,40000,96,306240,3062.4,101.12547051064843,4.3223727780466414e-18,0.0012967700889855494,0.0010019092597390608,
2322c437a4,40000,97,309430,3094.3,101.12547051064843,8.421105236710071e-18,0.0012967700889855494,0.0010005942459956766,
2322c437a4,40000,98,312620,3126.2,101.12547051064843,4.4762591723590356e-18,0.0012967700889855494,0.0009175873602527386,
2322c437a4,40000,99,315810,3158.1,101.12547051064843,2.4336289727119745e-17,0.0012967700889855494,0.0009849610475353304,
2322c437a4,40000,100,319000,3190.0,101.12547051064837,4.567263024395397e-18,0.0013072872905236202,0.0010250178709192471,
2322c437a4,40000,101,322190,3221.9,101.12547051064837,2.6882918099142854e-18,0.0013072872905236202,0.0009071402301258565,
2322c437a4,40000,102,325380,3253.8,101.12547051064837,5.6784664945071465e-18,0.0013072872905236202,0.0010341999450227065,
2322c437a4,40000,103,328570,3285.7,101.12547051064837,1.4802627956693547e-18,0.0013072872905236202,0.0010160159287597344,
2322c437a4,40000,104,331760,3317.6,101.12547051064837,4.746008613934598e-18,0.0013072872905236202,0.001014614079481658,
2322c437a4,40000,105,334950,3349.5,101.12547051064837,5.291810836425298e-18,0.0013072872905236202,0.0010371669421743322,
2322c437a4,40000,106,338140,3381.4,101.12547051064837,6.673762618378734e-18,0.0013072872905236202,0.0010612196066931549,
2322c437a4,40000,107,341330,3413.3,101.12547051064837,4.416379814959137e-18,0.0013072872905236202,0.0010176949304211865,
2322c437a4,40000,108,344520,3445.2,101.12547051064837,4.625091023543991e-18,0.0013072872905236202,0.0008997482417753791,
2322c437a4,40000,109,347710,3477.1,101.12547051064837,5.648039917682006e-18,0.0013072872905236202,0.0010412108406455372,
2322c437a4,40000,110,350900,3509.0,101.12547051064837,5.016754047170161e-18,0.0013072872905236202,0.0010493581625481366,
2322c437a4,40000,111,354090,3540.9,101.12547051064837,5.912151533103404e-18,0.0013072872905236202,0.0010494348665206835,
2322c437a4,40000,112,357280,3572.8,101.12547051064837,4.93086718428424e-18,0.0013072872905236202,0.000984055119766248,
2322c437a4,40000,113,360470,3604.7,101.12547051064837,6.745941428023261e-18,0.0013072872905236202,0.0010363531199068076,
2322c437a4,40000,114,363660,3636.6,101.12547051064837,1.284141176104094e-18,0.0013072872905236202,0.0010707286183681086,
2322c437a4,40000,115,366850,3668.5,101.12547051064837,7.3874678194071465e-19,0.0013072872905236202,0.001068086757826072,
2322c437a4,40000,116,370040,3700.4,101.12547051064837,7.602324465228647e-18,0.0013072872905236202,0.0009210487406574016,
2322c437a4,40000,117,373230,3732.3,101.12547051064837,4.614923620412112e-18,0.0013072872905236202,0.0010852125465180562,
2322c437a4,40000,118,376420,3764.2,101.12547051064837,1.4771260533974348e-18,0.0013072872905236202,0.0009939844597906752,
2322c437a4,40000,119,379610,3796.1,101.12547051064837,5.986994857196695e-18,0.0013072872905236202,0.0010493271423048832,
2322c437a4,40000,120,382800,3828.0,101.12547051064837,4.4065081111609204e-18,0.0013072872905236202,0.001043397636838643,
2322c437a4,40000,121,385990,3859.9,101.12547051064837,4.03991417083746e-18,0.0013072872905236202,0.0011214295230968592,
2322c437a4,40000,122,389180,3891.8,101.12547051064837,6.5626137706346706e-18,0.0013072872905236202,0.0009732580673518246,
2322c437a4,40000,123,392370,3923.7,101.12547051064837,4.2178111371482586e-18,0.0013072872905236202,0.0010015822957085382,
2322c437a4,40000,124,395560,3955.6,101.12547051064837,1.0728197520089129e-17,0.0013072872905236202,0.0011508010813143937,
2322c437a4,40000,125,398750,3987.5,101.12547051064837,4.378394447036462e-18,0.0013072872905236202,0.0010393850705114733,
2322c437a4,40000,126,401940,4019.4,101.12547051064837,8.431149512167014e-18,0.0013072872905236202,0.0010757732621954066,
2322c437a4,40000,127,405130,4051.3,101.12547051064837,5.519471993909215e-18,0.0013072872905236202,0.0010038788203281222,
2322c437a4,40000,128,408320,4083.2,101.12547051064837,2.555423988901808e-18,0.0013072872905236202,0.0010396154632388032,
2322c437a4,40000,129,411510,4115.1,101.12547051064837,6.546762016364921e-18,0.0013072872905236202,0.000980212083494237,
2322c437a4,40000,130,414700,4147.0,101.12547051064837,6.303288716136093e-18,0.0013072872905236202,0.001071024720060842,
2322c437a4,40000,131,417890,4178.9,101.12547051064837,8.834462358633706e-18,0.0013072872905236202,0.0009399946796376951,
2322c437a4,40000,132,421080,4210.8,101.12547051064837,4.697556310985884e-19,0.0013072872905236202,0.0010300562985374032,
2322c437a4,40000,133,424270,4242.7,101.12547051064837,5.414484458782918e-19,0.0013072872905236202,0.0010596439270807037,
2322c437a4,40000,134,427460,4274.6,101.12547051064837,4.712447231209055e-18,0.0013072872905236202,0.0011183406602043818,
2322c437a4,40000,135,430650,4306.5,101.12547051064837,3.9864163849640976e-18,0.0013072872905236202,0.00104574411545014,
2322c437a4,40000,136,433840,4338.4,101.12547051064837,7.159683899311446e-18,0.0013072872905236202,0.0009829694342158675,
2322c437a4,40000,137,437030,4370.3,101.12547051064837,7.937540817760194e-18,0.0013072872905236202,0.000983887869358544,
2322c437a4,40000,138,440220,4402.2,101.12547051064837,4.4471394536045965e-18,0.0013072872905236202,0.0010364798177899504,
2322c437a4,40000,139,443410,4434.1,101.12547051064837,3.865430348619614e-18,0.0013072872905236202,0.0009413889853572389,
2322c437a4,40000,140,446600,4466.0,101.12547051064837,6.358903039992786e-18,0.0013072872905236202,0.0010169078460750959,
2322c437a4,40000,141,449790,4497.9,101.12547051064837,4.684660769833736e-18,0.0013072872905236202,0.0010343797755654265,
2322c437a4,40000,142,452980,4529.8,101.12547051064837,1.0362409004071239e-17,0.0013072872905236202,0.0011509811188923943,
2322c437a4,40000,143,456170,4561.7,101.12547051064837,1.5005657944795625e-18,0.0013072872905236202,0.000956976197851952,
2322c437a4,40000,144,459360,4593.6,101.12547051064837,5.768895414307149e-18,0.0013072872905236202,0.001021175117916563,
2322c437a4,40000,145,462550,4625.5,101.12547051064837,6.3642856080350204e-18,0.0013072872905236202,0.0010975924263332093,
2322c437a4,40000,146,465740,4657.4,101.12547051064837,4.4643392793086285e-18,0.0013072872905236202,0.0011546350315324685,
2322c437a4,40000,147,468930,4689.3,101.12547051064837,1.4888872118828888e-18,0.0013072872905236202,0.001064660504876923,
2322c437a4,40000,148,472120,4721.2,101.12547051064837,3.647786384797874e-17,0.0013072872905236202,0.0009779540560467313,
2322c437a4,40000,149,475310,4753.1,101.12547051064837,6.807512378017454e-18,0.0013072872905236202,0.001026602715088932,
2322c437a4,40000,150,478500,4785.0,101.12547051064837,3.534363583399103e-18,0.0013072872905236202,0.0009827460784390485,
2322c437a4,40000,151,481690,4816.9,101.12547051064837,7.016417341511096e-18,0.0013072872905236202,0.0009343173900259341,
2322c437a4,40000,152,484880,4848.8,101.12547051064837,5.1194086030332534e-18,0.0013072872905236202,0.0010515674916353555,
2322c437a4,40000,153,488070,4880.7,101.12547051064837,3.879540768998371e-18,0.0013072872905236202,0.0009247794882985167,
2322c437a4,40000,154,491260,4912.6,101.12547051064837,6.074079688972797e-18,0.0013072872905236202,0.0010552001534085617,
2322c437a4,40000,155,494450,4944.5,101.12547051064837,5.14103805210742e-18,0.0013072872905236202,0.0008425561625171622,
2322c437a4,40000,156,497640,4976.4,101.12547051064837,4.3409805687962804e-18,0.0013072872905236202,0.0010438376141099594,
2322c437a4,40000,157,500830,5008.3,101.12547051064837,3.472539259350201e-17,0.0013072872905236202,0.0010687535471051962,
2322c437a4,40000,158,504020,5040.2,101.12547051063858,3.851688820462963e-18,0.0012814296604914852,0.000982966781674721,
2322c437a4,40000,159,507210,5072.1,101.12547051063858,6.829582278562599e-18,0.0012814296604914852,0.0010046150340654915,
2322c437a4,40000,160,510400,5104.0,101.12547051063858,3.523319561825117e-18,0.0012814296604914852,0.0010150663303334544,
2322c437a4,40000,161,513590,5135.9,101.12547051063858,2.4931958207386158e-18,0.0012814296604914852,0.0010216229851297525,
2322c437a4,40000,162,516780,5167.8,101.12547051063858,9.399463849725548e-18,0.0012814296604914852,0.0010763175746109684,
2322c437a4,40000,163,519970,5199.7,101.12547051063858,5.229850382855865e-18,0.0012814296604914852,0.001065027033535397,
2322c437a4,40000,164,523160,5231.6,101.12547051063858,7.61172408699336e-18,0.0012814296604914852,0.0011257577549582927,
2322c437a4,40000,165,526350,5263.5,101.12547051063858,1.8192258207441107e-17,0.0012814296604914852,0.0010598350783556484,
2322c437a4,40000,166,529540,5295.4,101.12547051063858,2.9461886834260706e-18,0.0012814296604914852,0.0009711124789867658,
2322c437a4,40000,167,532730,5327.3,101.12547051063858,1.0411696536328996e-17,0.0012814296604914852,0.0010875116790405055,
2322c437a4,40000,168,535920,5359.2,101.12547051063858,6.986682777352666e-18,0.0012814296604914852,0.0009891462598162534,
2322c437a4,40000,169,539110,5391.1,101.12547051063858,4.6064857737870596e-18,0.0012814296604914852,0.0009817230816012512,
2322c437a4,40000,170,542300,5423.0,101.12547051063858,1.3259658104745225e-18,0.0012814296604914852,0.0011324797540346674,
2322c437a4,40000,171,545490,5454.9,101.12547051063858,6.811619323403501e-18,0.0012814296604914852,0.0010267069020865648,
2322c437a4,40000,172,548680,5486.8,101.12547051063858,8.021146469594334e-18,0.0012814296604914852,0.0010517317601903193,
2322c437a4,40000,173,551870,5518.7,101.12547051063858,7.262430289558335e-18,0.0012814296604914852,0.0010270221353428657,
2322c437a4,40000,174,555060,5550.6,101.12547051063858,5.454019577611727e-18,0.0012814296604914852,0.000970181994396415,
2322c437a4,40000,175,558250,5582.5,101.12547051063858,9.675604408160188e-18,0.0012814296604914852,0.0008731632464903255,
2322c437a4,40000,176,561440,5614.4,101.12547051063858,8.559479910738415e-18,0.0012814296604914852,0.0010479337500033754,
2322c437a4,40000,177,564630,5646.3,101.12547051063858,4.3412901173773254e-18,0.0012814296604914852,0.0009405578866379614,
2322c437a4,40000,178,567820,5678.2,101.12547051063858,5.012730097366039e-18,0.0012814296604914852,0.0009831732390392348,
2322c437a4,40000,179,571010,5710.1,101.12547051063858,5.9027652136040066e-18,0.0012814296604914852,0.000917900693897773,
2322c437a4,40000,180,574200,5742.0,101.12547051063858,5.9621653432955364e-18,0.0012814296604914852,0.0010283920618277622,
2322c437a4,40000,181,577390,5773.9,101.12547051063858,5.003231821083757e-18,0.0012814296604914852,0.0009427963525395509,
2322c437a4,40000,182,580580,5805.8,101.12547051063858,2.2247438596115314e-18,0.0012814296604914852,0.0010493173230133011,
2322c437a4,40000,183,583770,5837.7,101.12547051063858,7.488222629383404e-18,0.0012814296604914852,0.0009581156735380622,
2322c437a4,40000,184,586960,5869.6,101.12547051063858,9.592366250109285e-17,0.0012814296604914852,0.001063062925392058,
2322c437a4,40000,185,590150,5901.5,101.12547051062468,3.82884301243859e-18,0.0012782371002351646,0.000877212462717448,
2322c437a4,40000,186,593340,5933.4,101.12547051062468,1.0869556628241483e-16,0.0012782371002351646,0.0011594555142827206,
2322c437a4,40000,187,596530,5965.3,101.12547051062117,7.707726546518951e-17,0.001302038010175179,0.0010964951956754037,
2322c437a4,40000,188,599720,5997.2,101.12547051057697,9.329026749610575e-18,0.0012900414387183627,0.0009958599459412066,
2322c437a4,40000,189,602910,6029.1,101.12547051057697,8.266291990728222e-18,0.0012900414387183627,0.0009734604492000012,
2322c437a4,40000,190,606100,6061.0,101.12547051057697,7.982864938974361e-18,0.0012900414387183627,0.0010158288188071602,
2322c437a4,40000,191,609290,6092.9,101.12547051057697,1.1118380488688575e-17,0.0012900414387183627,0.0010264513509542087,
2322c437a4,40000,192,612480,6124.8,101.12547051057697,9.425686972527601e-17,0.0012900414387183627,0.0010162383410403436,
2322c437a4,40000,193,615670,6156.7,101.12547051057174,1.9770321018370343e-17,0.001068064986810071,0.0008616295553659268,
2322c437a4,40000,194,618860,6188.6,101.12547051057174,1.4122867215414318e-17,0.001068064986810071,0.0009124571931085728,
2322c437a4,40000,195,622050,6220.5,101.12547051057174,3.222524238395709e-17,0.001068064986810071,0.0008473441724487602,
2322c437a4,40000,196,625240,6252.4,101.12547051057174,4.199438597826556e-18,0.001068064986810071,0.000846264687443078,
2322c437a4,40000,197,628430,6284.3,101.12547051057174,4.9334687409714656e-18,0.001068064986810071,0.0008954647383536466,
2322c437a4,40000,198,631620,6316.2,101.12547051057174,6.639973919008934e-18,0.001068064986810071,0.0008159797382614635,
2322c437a4,40000,199,634810,6348.1,101.12547051057174,3.1919202862819206e-18,0.001068064986810071,0.0007771935689918625,
2322c437a4,40000,200,638000,6380.0,101.12547051057174,4.3474008374927476e-18,0.001068064986810071,0.0009270756045001558,
2322c437a4,40000,201,641190,6411.9,101.12547051057174,4.4623999943617795e-18,0.001068064986810071,0.0007773876677481411,
2322c437a4,40000,202,644380,6443.8,101.12547051057174,1.1632137914390184e-17,0.001068064986810071,0.0008365595914781364,
2322c437a4,40000,203,647570,6475.7,101.12547051057174,6.479523243614094e-18,0.001068064986810071,0.0008841522222431608,
2322c437a4,40000,204,650760,6507.6,101.12547051057174,4.41544678047433e-18,0.001068064986810071,0.0008882191396147032,
2322c437a4,40000,205,653950,6539.5,101.12547051057174,5.4560322449272794e-18,0.001068064986810071,0.0008093559963401214,
2322c437a4,40000,206,657140,6571.4,101.12547051057174,4.9000928440112125e-18,0.001068064986810071,0.0007932764803569001,
2322c437a4,40000,207,660330,6603.3,101.12547051057174,4.977346817532027e-18,0.001068064986810071,0.0007120440280350623,
2322c437a4,40000,208,663520,6635.2,101.12547051057174,6.728254754907418e-18,0.001068064986810071,0.000837534422934725,
2322c437a4,40000,209,666710,6667.1,101.12547051057174,3.0335065441613602e-18,0.001068064986810071,0.0008473967759845643,
2322c437a4,40000,210,669900,6699.0,101.12547051057174,1.1667641791801121e-16,0.001068064986810071,0.0008498927244229634,
2322c437a4,40000,211,673090,6730.9,101.12547051056676,7.871626558650488e-19,0.0010794930175994496,0.0007612460353474559,
2322c437a4,40000,212,676280,6762.8,101.12547051056676,2.257496178024061e-17,0.0010794930175994496,0.000857385111929889,
2322c437a4,40000,213,679470,6794.7,101.12547051053967,1.8117063233436935e-17,0.0010908751302161855,0.0008059050090215923,
2322c437a4,40000,214,682660,6826.6,101.12547051053907,7.451017500092394e-18,0.0010996472323475351,0.0008484481499236717,
2322c437a4,40000,215,685850,6858.5,101.12547051053907,1.003404038720486e-17,0.0010996472323475351,0.0008195770647112659,
2322c437a4,40000,216,689040,6890.4,101.12547051053907,9.584633630874199e-18,0.0010996472323475351,0.0008563381204539848,
2322c437a4,40000,217,692230,6922.3,101.12547051053907,1.9299531893248135e-17,0.0010996472323475351,0.0008808318198824962,
2322c437a4,40000,218,695420,6954.2,101.12547051053907,7.561370163690862e-18,0.0010996472323475351,0.0009246725967694445,
2322c437a4,40000,219,698610,6986.1,101.1254705105268,4.05844097080857e-18,0.0011110710673635769,0.0008388101391234551,
2322c437a4,40000,220,701800,7018.0,101.1254705105268,4.048399754232085e-18,0.0011110710673635769,0.0009213665414637243,
2322c437a4,40000,221,704990,7049.9,101.1254705105268,4.229598409621587e-18,0.0011110710673635769,0.0007897609837322576,
2322c437a4,40000,222,708180,7081.8,101.1254705105268,6.8363146432616365e-18,0.0011110710673635769,0.000809004939475285,
2322c437a4,40000,223,711370,7113.7,101.1254705105268,4.757003227692184e-18,0.0011110710673635769,0.000869513030227743,
2322c437a4,40000,224,714560,7145.6,101.1254705105268,7.47329594290312e-19,0.0011110710673635769,0.0009442585197833755,
2322c437a4,40000,225,717750,7177.5,101.1254705105268,5.70346795908429e-19,0.0011110710673635769,0.0009027620125954943,
2322c437a4,40000,226,720940,7209.4,101.1254705105268,5.0833742190029064e-18,0.0011110710673635769,0.000893412804905438,
2322c437a4,40000,227,724130,7241.3,101.1254705105268,4.363768318640464e-18,0.0011110710673635769,0.0008130509129346198,
2322c437a4,40000,228,727320,7273.2,101.1254705105268,1.1309338582407694e-18,0.0011110710673635769,0.0008642096951220335,
2322c437a4,40000,229,730510,7305.1,101.1254705105268,5.068025247486522e-18,0.0011110710673635769,0.0008559452056347561,
2322c437a4,40000,230,733700,7337.0,101.1254705105268,3.710332673165181e-18,0.0011110710673635769,0.0008930115180067759,
2322c437a4,40000,231,736890,7368.9,101.1254705105268,2.346177884687117e-18,0.0011110710673635769,0.0007662254348365664,
2322c437a4,40000,232,740080,7400.8,101.1254705105268,6.17942150553555e-19,0.0011110710673635769,0.0008622733550378442,
2322c437a4,40000,233,743270,7432.7,101.1254705105268,5.054017287601216e-18,0.0011110710673635769,0.0008888174560700786,
2322c437a4,40000,234,746460,7464.6,101.1254705105268,5.180315406219614e-18,0.0011110710673635769,0.0009357122891067361,
2322c437a4,40000,235,749650,7496.5,101.1254705105268,4.6147162342722675e-18,0.0011110710673635769,0.0008652931937545872,
2322c437a4,40000,236,752840,7528.4,101.1254705105268,1.7449990897381843e-18,0.0011110710673635769,0.0009077229925468323,
2322c437a4,40000,237,756030,7560.3,101.1254705105268,1.071594561122935e-18,0.0011110710673635769,0.0008460550542180407,
2322c437a4,40000,238,759220,7592.2,101.1254705105268,9.657167241990828e-19,0.0011110710673635769,0.0008064100710170338,
2322c437a4,40000,239,762410,7624.1,101.1254705105268,5.539971941996172e-19,0.0011110710673635769,0.0008338742872470185,
2322c437a4,40000,240,765600,7656.0,101.1254705105268,1.883015959923619e-18,0.0011110710673635769,0.0009419110388634738,
2322c437a4,40000,241,768790,7687.9,101.1254705105268,7.786410011901324e-19,0.0011110710673635769,0.0008773936924343286,
2322c437a4,40000,242,771980,7719.8,101.1254705105268,7.558641528952364e-19,0.0011110710673635769,0.0008559767722953203,
2322c437a4,40000,243,775170,7751.7,101.1254705105268,8.531352452024766e-19,0.0011110710673635769,0.0008190998816318841,
2322c437a4,40000,244,778360,7783.6,101.1254705105268,1.0538803994803329e-17,0.0011110710673635769,0.0009371445451826296,
2322c437a4,40000,245,781550,7815.5,101.1254705105268,1.0179447741461525e-17,0.0011110710673635769,0.0007496658499550171,
2322c437a4,40000,246,784740,7847.4,101.1254705105268,3.671272702724018e-18,0.0011110710673635769,0.000946149039537197,
2322c437a4,40000,247,787930,7879.3,101.1254705105268,2.404740523026739e-18,0.0011110710673635769,0.0009033737835841808,
2322c437a4,40000,248,791120,7911.2,101.1254705105268,3.6233805529464756e-18,0.0011110710673635769,0.000903705057038288,
2322c437a4,40000,249,794310,7943.1,101.1254705105268,1.1966279442389438e-17,0.0011110710673635769,0.0007874617771706267,
2322c437a4,40000,250,797500,7975.0,101.1254705105268,3.241760620950119e-18,0.0011110710673635769,0.0008272712728528661,
2322c437a4,40000,251,800690,8006.9,101.1254705105268,4.1463574552693985e-18,0.0011110710673635769,0.0008859957214587342,
2322c437a4,40000,252,803880,8038.8,101.1254705105268,2.0435872925330594e-18,0.0011110710673635769,0.0008803801608264389,
2322c437a4,40000,253,807070,8070.7,101.1254705105268,9.654217393076318e-19,0.0011110710673635769,0.0008574248060271815,
2322c437a4,40000,254,810260,8102.6,101.1254705105268,1.0596994285998329e-17,0.0011110710673635769,0.0008681389821213304,
2322c437a4,40000,255,813450,8134.5,101.1254705105268,5.040415806450734e-18,0.0011110710673635769,0.0008412980946723327,
2322c437a4,40000,256,816640,8166.4,101.1254705105268,2.4623816851600386e-17,0.0011110710673635769,0.0006658213791336194,
2322c437a4,40000,257,819830,8198.3,101.1254705105268,6.0416824328589614e-18,0.0011110710673635769,0.0008102490657622243,
2322c437a4,40000,258,823020,8230.2,101.1254705105268,5.096654937688243e-18,0.0011110710673635769,0.0007574101403750343,
2322c437a4,40000,259,826210,8262.1,101.1254705105268,5.422799874343739e-18,0.0011110710673635769,0.0007984679975392573,
2322c437a4,40000,260,829400,8294.0,101.1254705105268,1.0258215239845779e-18,0.0011110710673635769,0.0008872888070196014,
2322c437a4,40000,261,832590,8325.9,101.1254705105268,9.533931549570211e-19,0.0011110710673635769,0.0008297369244883192,
2322c437a4,40000,262,835780,8357.8,101.1254705105268,8.374967238357585e-19,0.0011110710673635769,0.0009614737074085558,
2322c437a4,40000,263,838970,8389.7,101.1254705105268,1.0144578025187683e-18,0.0011110710673635769,0.0009278064042627574,
2322c437a4,40000,264,842160,8421.6,101.1254705105268,1.0645308890860855e-18,0.0011110710673635769,0.0008493618148518234,
2322c437a4,40000,265,845350,8453.5,101.1254705105268,7.872608182666247e-19,0.0011110710673635769,0.0008887346893540003,
2322c437a4,40000,266,848540,8485.4,101.1254705105268,1.1746542648489678e-18,0.0011110710673635769,0.000858672679428114,
2322c437a4,40000,267,851730,8517.3,101.1254705105268,9.081506134889023e-19,0.0011110710673635769,0.0008646660128085576,
2322c437a4,40000,268,854920,8549.2,101.1254705105268,1.3135331911464015e-18,0.0011110710673635769,0.0008675333520915368,
2322c437a4,40000,269,858110,8581.1,101.1254705105268,1.2689787383683221e-18,0.0011110710673635769,0.0009206752309829423,
2322c437a4,40000,270,861300,8613.0,101.1254705105268,9.168809212494571e-19,0.0011110710673635769,0.0009026465387265677,
2322c437a4,40000,271,864490,8644.9,101.1254705105268,5.0859437720871145e-18,0.0011110710673635769,0.0008168377943957393,
2322c437a4,40000,272,867680,8676.8,101.1254705105268,4.671749272052094e-18,0.0011110710673635769,0.0008494976504489096,
2322c437a4,40000,273,870870,8708.7,101.1254705105268,1.6367539845340497e-18,0.0011110710673635769,0.0007887369635652356,
2322c437a4,40000,274,874060,8740.6,101.1254705105268,6.290406810958228e-19,0.0011110710673635769,0.0007904427389628275,
2322c437a4,40000,275,877250,8772.5,101.1254705105268,8.160291920735659e-19,0.0011110710673635769,0.0008797777759470345,
2322c437a4,40000,276,880440,8804.4,101.1254705105268,6.095693388000806e-19,0.0011110710673635769,0.0007780651889646118,
2322c437a4,40000,277,883630,8836.3,101.1254705105268,4.58917219502012e-18,0.0011110710673635769,0.0008552888250615649,
2322c437a4,40000,278,886820,8868.2,101.1254705105268,5.05337992783611e-18,0.0011110710673635769,0.0008848007993481097,
2322c437a4,40000,279,890010,8900.1,101.1254705105268,5.631817453840887e-18,0.0011110710673635769,0.0008873828759358461,
2322c437a4,40000,280,893200,8932.0,101.1254705105268,1.8576938126087717e-18,0.0011110710673635769,0.0008406683537601453,
2322c437a4,40000,281,896390,8963.9,101.1254705105268,5.0533087921210775e-19,0.0011110710673635769,0.0009121459234150414,
2322c437a4,40000,282,899580,8995.8,101.1254705105268,8.758485609652346e-19,0.0011110710673635769,0.0008536622430321945,
2322c437a4,40000,283,902770,9027.7,101.1254705105268,8.2779117937198255e-19,0.0011110710673635769,0.0008384612539702808,
2322c437a4,40000,284,905960,9059.6,101.1254705105268,2.3558577899551837e-18,0.0011110710673635769,0.0008652455840242384,
2322c437a4,40000,285,909150,9091.5,101.1254705105268,9.737196234734048e-19,0.0011110710673635769,0.0007646833372893818,
2322c437a4,40000,286,912340,9123.4,101.1254705105268,9.4849357013038e-18,0.0011110710673635769,0.0009069030464681118,
2322c437a4,40000,287,915530,9155.3,101.1254705105268,8.14607245244462e-18,0.0011110710673635769,0.0008402010049399665,
2322c437a4,40000,288,918720,9187.2,101.1254705105268,1.1144346632318888e-18,0.0011110710673635769,0.0007334488324211315,
2322c437a4,40000,289,921910,9219.1,101.1254705105268,7.005435695245969e-19,0.0011110710673635769,0.0008243874746222703,
2322c437a4,40000,290,925100,9251.0,101.1254705105268,9.213246830590444e-19,0.0011110710673635769,0.0008469498996633376,
2322c437a4,40000,291,928290,9282.9,101.1254705105268,1.1332418347036168e-18,0.0011110710673635769,0.0007337742259453883,
2322c437a4,40000,292,931480,9314.8,101.1254705105268,5.502212891056629e-19,0.0011110710673635769,0.0008095964908375811,
2322c437a4,40000,293,934670,9346.7,101.1254705105268,7.028399369415834e-19,0.0011110710673635769,0.0009007659170006136,
2322c437a4,40000,294,937860,9378.6,101.1254705105268,6.712166182647982e-19,0.0011110710673635769,0.0008204608908762124,
2322c437a4,40000,295,941050,9410.5,101.1254705105268,8.939815406709787e-19,0.0011110710673635769,0.0008490156857408109,
2322c437a4,40000,296,944240,9442.4,101.1254705105268,8.069645867257967e-19,0.0011110710673635769,0.0009045299908978285,
2322c437a4,40000,297,947430,9474.3,101.1254705105268,1.4313264811835553e-17,0.0011110710673635769,0.0008431675202151017,
2322c437a4,40000,298,950620,9506.2,101.1254705105268,4.4089024532268354e-17,0.0011110710673635769,0.0008062524607934031,
2322c437a4,40000,299,953810,9538.1,101.12547051050802,7.811220802155157e-18,0.0011336893157626174,0.0009165079945240814,
2322c437a4,40000,300,957000,9570.0,101.12547051050802,1.8538730103592728e-18,0.0011336893157626174,0.0007469504234039291,
2322c437a4,40000,301,960190,9601.9,101.12547051050802,9.340402015346231e-19,0.0011336893157626174,0.0009009481298497664,
2322c437a4,40000,302,963380,9633.8,101.12547051050802,1.0454649859714904e-17,0.0011336893157626174,0.0008478503176698008,
2322c437a4,40000,303,966570,9665.7,101.12547051050802,8.331375462425471e-18,0.0011336893157626174,0.0008301190984429264,
2322c437a4,40000,304,969760,9697.6,101.12547051050802,3.6980962790619295e-18,0.0011336893157626174,0.0008552642656389962,
2322c437a4,40000,305,972950,9729.5,101.12547051050802,9.494410425436503e-18,0.0011336893157626174,0.0007998874835851243,
2322c437a4,40000,306,976140,9761.4,101.12547051050802,3.746636732515091e-18,0.0011336893157626174,0.0009811425107725646,
2322c437a4,40000,307,979330,9793.3,101.12547051050802,7.20019360635998e-19,0.0011336893157626174,0.000808780443088332,
2322c437a4,40000,308,982520,9825.2,101.12547051050802,6.318448844159401e-19,0.0011336893157626174,0.0009239496164452277,
2322c437a4,40000,309,985710,9857.1,101.12547051050802,8.483820222680843e-18,0.0011336893157626174,0.0008619983723481563,
2322c437a4,40000,310,988900,9889.0,101.12547051050802,2.0217424216803782e-17,0.0011336893157626174,0.0008906662567325723,
2322c437a4,40000,311,992090,9920.9,101.12547051050802,3.745188996319711e-18,0.0011336893157626174,0.0009499643883268771,
2322c437a4,40000,312,995280,9952.8,101.12547051050802,2.6374155777504017e-18,0.0011336893157626174,0.0008445295907191313,
2322c437a4,40000,313,998470,9984.7,101.12547051050802,9.08457603544272e-19,0.0011336893157626174,0.0009239282122081942,
2322c437a4,40000,314,1001660,10016.6,101.12547051050802,1.0077495251347175e-18,0.0011336893157626174,0.000871681891637123,
2322c437a4,40000,315,1004850,10048.5,101.12547051050802,1.0416158820857663e-17,0.0011336893157626174,0.0009037862883487482,
2322c437a4,40000,316,1008040,10080.4,101.12547051050802,5.619715724766984e-18,0.0011336893157626174,0.0008664404025902622,
2322c437a4,40000,317,1011230,10112.3,101.12547051050802,2.59800088349282e-18,0.0011336893157626174,0.0008188972071246589,
2322c437a4,40000,318,1014420,10144.2,101.12547051050802,5.77074889525573e-18,0.0011336893157626174,0.0008892627837056706,
2322c437a4,40000,319,1017610,10176.1,101.12547051050802,2.3662177911498367e-18,0.0011336893157626174,0.0009152552780701739,
2322c437a4,40000,320,1020800,10208.0,101.12547051050802,5.165667628851988e-18,0.0011336893157626174,0.0008883417782553137,
2322c437a4,40000,321,1023990,10239.9,101.12547051050802,4.430809664069887e-18,0.0011336893157626174,0.0008855262336342188,
2322c437a4,40000,322,1027180,10271.8,101.12547051050802,2.57001100815185e-18,0.0011336893157626174,0.0008975766264486038,
2322c437a4,40000,323,1030370,10303.7,101.12547051050802,9.430226439993082e-19,0.0011336893157626174,0.0009124685206898499,
2322c437a4,40000,324,1033560,10335.6,101.12547051050802,9.16897961538831e-19,0.0011336893157626174,0.0008977051912327104,
2322c437a4,40000,325,1036750,10367.5,101.12547051050802,8.667482944444862e-19,0.0011336893157626174,0.0009469918510330622,
2322c437a4,40000,326,1039940,10399.4,101.12547051050802,2.0587922935809344e-18,0.0011336893157626174,0.0009857482619231367,
2322c437a4,40000,327,1043130,10431.3,101.12547051050802,6.1243995266409365e-19,0.0011336893157626174,0.000955451691703181,
2322c437a4,40000,328,1046320,10463.2,101.12547051050802,1.0812326179691003e-18,0.0011336893157626174,0.0008351837734454011,
2322c437a4,40000,329,1049510,10495.1,101.12547051050802,5.146735127838172e-18,0.0011336893157626174,0.0008358938163690383,
2322c437a4,40000,330,1052700,10527.0,101.12547051050802,2.5712995240083636e-18,0.0011336893157626174,0.0009125300072041928,
2322c437a4,40000,331,1055890,10558.9,101.12547051050802,6.221940063068205e-18,0.0011336893157626174,0.0008656603313381034,
2322c437a4,40000,332,1059080,10590.8,101.12547051050802,5.699672835593013e-18,0.0011336893157626174,0.0009683117807701793,
2322c437a4,40000,333,1062270,10622.7,101.12547051050802,2.1437437818345117e-18,0.0011336893157626174,0.0009396936054671883,
2322c437a4,40000,334,1065460,10654.6,101.12547051050802,9.729571023017486e-19,0.0011336893157626174,0.0007376054666253668,
2322c437a4,40000,335,1068650,10686.5,101.12547051050802,8.357830280110673e-19,0.0011336893157626174,0.0008563343506421329,
2322c437a4,40000,336,1071840,10718.4,101.12547051050802,7.656183989719004e-19,0.0011336893157626174,0.0009366782433411405,
2322c437a4,40000,337,1075030,10750.3,101.12547051050802,7.848169721121449e-19,0.0011336893157626174,0.0008675868771585618,
2322c437a4,40000,338,1078220,10782.2,101.12547051050802,7.26536576171225e-19,0.0011336893157626174,0.0009132237588305665,
2322c437a4,40000,339,1081410,10814.1,101.12547051050802,1.1342305618858777e-18,0.0011336893157626174,0.0009136158308198018,
2322c437a4,40000,340,1084600,10846.0,101.12547051050802,1.519453192967013e-17,0.0011336893157626174,0.0008578098694100544,
2322c437a4,40000,341,1087790,10877.9,101.12547051050802,4.840455628804713e-18,0.0011336893157626174,0.0008304010139379104,
2322c437a4,40000,342,1090980,10909.8,101.12547051050802,1.0337560200648625e-17,0.0011336893157626174,0.0009202400641331125,
2322c437a4,40000,343,1094170,10941.7,101.12547051050802,3.1322888303647902e-18,0.0011336893157626174,0.0008368634486837796,
2322c437a4,40000,344,1097360,10973.6,101.12547051050802,7.065371857687926e-19,0.0011336893157626174,0.000903901712843029,
2322c437a4,40000,345,1100550,11005.5,101.12547051050802,8.423293980436338e-19,0.0011336893157626174,0.000867530986326824,
2322c437a4,40000,346,1103740,11037.4,101.12547051050802,9.53491256783062e-19,0.0011336893157626174,0.0008917131529467549,
2322c437a4,40000,347,1106930,11069.3,101.12547051050802,6.438621392165476e-19,0.0011336893157626174,0.0008686343361642215,
2322c437a4,40000,348,1110120,11101.2,101.12547051050802,1.3036282725761359e-17,0.0011336893157626174,0.0008084291214331848,
2322c437a4,40000,349,1113310,11133.1,101.12547051050802,6.231819658369608e-18,0.0011336893157626174,0.0008276620462987068,
2322c437a4,40000,350,1116500,11165.0,101.12547051050802,4.1248833940761494e-18,0.0011336893157626174,0.0009462526935294592,
2322c437a4,40000,351,1119690,11196.9,101.12547051050802,2.8862433123350886e-18,0.0011336893157626174,0.0008876180366527994,
2322c437a4,40000,352,1122880,11228.8,101.12547051050802,1.2955177349157295e-18,0.0011336893157626174,0.0009425911706922456,
2322c437a4,40000,353,1126070,11260.7,101.12547051050802,1.0416495639856372e-17,0.0011336893157626174,0.0008654706670007276,
2322c437a4,40000,354,1129260,11292.6,101.12547051050802,1.719405488693662e-18,0.0011336893157626174,0.0008693964356985672,
2322c437a4,40000,355,1132450,11324.5,101.12547051050802,5.826534714485531e-18,0.0011336893157626174,0.0008972301541486168,
2322c437a4,40000,356,1135640,11356.4,101.12547051050802,6.301135065725859e-18,0.0011336893157626174,0.0008266167617912665,
2322c437a4,40000,357,1138830,11388.3,101.12547051050802,3.8669327854892355e-18,0.0011336893157626174,0.0008973456667694093,
2322c437a4,40000,358,1142020,11420.2,101.12547051050802,3.2880277280379823e-18,0.0011336893157626174,0.0008840376257980544,
2322c437a4,40000,359,1145210,11452.1,101.12547051050802,2.5898476123265524e-18,0.0011336893157626174,0.0008717019875409906,
2322c437a4,40000,360,1148400,11484.0,101.12547051050802,4.142782032752411e-18,0.0011336893157626174,0.0008735661263895225,
2322c437a4,40000,361,1151590,11515.9,101.12547051050802,5.231528804148704e-18,0.0011336893157626174,0.0009623042364155794,
2322c437a4,40000,362,1154780,11547.8,101.12547051050802,3.0963283954708597e-18,0.0011336893157626174,0.0008628599734726436,
2322c437a4,40000,363,1157970,11579.7,101.12547051050802,9.01898807235868e-18,0.0011336893157626174,0.0008172289106700066,
2322c437a4,40000,364,1161160,11611.6,101.12547051050802,9.440685225389099e-19,0.0011336893157626174,0.0008930718459639401,
2322c437a4,40000,365,1164350,11643.5,101.12547051050802,2.575314465801614e-18,0.0011336893157626174,0.0008800762120742344,
2322c437a4,40000,366,1167540,11675.4,101.12547051050802,5.62252078749047e-18,0.0011336893157626174,0.0009069940991044512,
2322c437a4,40000,367,1170730,11707.3,101.12547051050802,2.5559403815047386e-17,0.0011336893157626174,0.0009585517483439761,
2322c437a4,40000,368,1173920,11739.2,101.12547051050802,5.138115324973346e-18,0.0011336893157626174,0.0009089082836887035,
2322c437a4,40000,369,1177110,11771.1,101.12547051050802,3.2005695879215785e-18,0.0011336893157626174,0.0008751063398543727,
2322c437a4,40000,370,1180300,11803.0,101.12547051050802,6.2262918070925665e-18,0.0011336893157626174,0.0008273474777511024,
2322c437a4,40000,371,1183490,11834.9,101.12547051050802,5.189928180916068e-18,0.0011336893157626174,0.0009110873330201414,
2322c437a4,40000,372,1186680,11866.8,101.12547051050802,5.7403448518586425e-18,0.0011336893157626174,0.0008064207744367187,
2322c437a4,40000,373,1189870,11898.7,101.12547051050802,4.304906911337087e-18,0.0011336893157626174,0.00083580034965254,
2322c437a4,40000,374,1193060,11930.6,101.12547051050802,3.413422819741725e-18,0.0011336893157626174,0.0008756670461944619,
2322c437a4,40000,375,1196250,11962.5,101.12547051050802,2.0601294020345502e-18,0.0011336893157626174,0.0008536148133163204,
2322c437a4,40000,376,1199440,11994.4,101.12547051050802,8.14082718027691e-19,0.0011336893157626174,0.0009211111569590744,
2322c437a4,40000,377,1202630,12026.3,101.12547051050802,8.816631969804251e-18,0.0011336893157626174,0.0008699803940199136,
2322c437a4,40000,378,1205820,12058.2,101.12547051050802,4.571343287518435e-18,0.0011336893157626174,0.0007765592763706155,
2322c437a4,40000,379,1209010,12090.1,101.12547051050802,2.3029793090922086e-17,0.0011336893157626174,0.0009201597388422371,
2322c437a4,40000,380,1212200,12122.0,101.12547051050802,2.9944995474697662e-18,0.0011336893157626174,0.0008841587602812269,
2322c437a4,40000,381,1215390,12153.9,101.12547051050802,3.3461781278733123e-18,0.0011336893157626174,0.0008622867103031385,
2322c437a4,40000,382,1218580,12185.8,101.12547051050802,7.272102092351395e-18,0.0011336893157626174,0.000837277250342435,
2322c437a4,40000,383,1221770,12217.7,101.12547051050802,9.983323471942088e-19,0.0011336893157626174,0.0009596372160935796,
2322c437a4,40000,384,1224960,12249.6,101.12547051050802,1.4595100818318169e-18,0.0011336893157626174,0.0008637606231555314,
2322c437a4,40000,385,1228150,12281.5,101.12547051050802,2.315642686734966e-18,0.0011336893157626174,0.000929683492897178,
2322c437a4,40000,386,1231340,12313.4,101.12547051050802,2.5898042229978545e-18,0.0011336893157626174,0.0009176956515657639,
2322c437a4,40000,387,1234530,12345.3,101.12547051050802,7.347933709731898e-18,0.0011336893157626174,0.0009048513470996844,
2322c437a4,40000,388,1237720,12377.2,101.12547051050802,5.740467991460733e-18,0.0011336893157626174,0.0009224497307919238,
2322c437a4,40000,389,1240910,12409.1,101.12547051050802,2.1282573545086834e-17,0.0011336893157626174,0.0008661622218647,
2322c437a4,40000,390,1244100,12441.0,101.12547051050802,1.5988463154805641e-18,0.0011336893157626174,0.0008704423181031157,
2322c437a4,40000,391,1247290,12472.9,101.12547051050802,2.004387463565424e-17,0.0011336893157626174,0.00090724732483223,
2322c437a4,40000,392,1250480,12504.8,101.12547051050802,4.1951354322749375e-18,0.0011336893157626174,0.0007819269375600694,
2322c437a4,40000,393,1253670,12536.7,101.12547051050802,4.6371496826270614e-18,0.0011336893157626174,0.0008459397709132202,
2322c437a4,40000,394,1256860,12568.6,101.12547051050802,1.2992181105528114e-18,0.0011336893157626174,0.0008201283052837819,
2322c437a4,40000,395,1260050,12600.5,101.12547051050802,1.4315296840928245e-18,0.0011336893157626174,0.0009127123562414109,
2322c437a4,40000,396,1263240,12632.4,101.12547051050802,1.2756054186759572e-18,0.0011336893157626174,0.0009303276624642464,
2322c437a4,40000,397,1266430,12664.3,101.12547051050802,1.192938697539752e-18,0.0011336893157626174,0.0009001010768138982,
2322c437a4,40000,398,1269620,12696.2,101.12547051050802,1.0907629806799494e-18,0.0011336893157626174,0.0009097738028415475,
2322c437a4,40000,399,1272810,12728.1,101.12547051050802,5.222699757572354e-18,0.0011336893157626174,0.0008852723939481498,
2322c437a4,40000,400,1276000,12760.0,101.12547051050802,3.639788846073671e-18,0.0011336893157626174,0.0008942369458416672,
2322c437a4,40000,401,1279190,12791.9,101.12547051050802,5.1347309956716785e-18,0.0011336893157626174,0.0009287709279324116,
2322c437a4,40000,402,1282380,12823.8,101.12547051050802,5.186233267575386e-18,0.0011336893157626174,0.0009156926375976091,
2322c437a4,40000,403,1285570,12855.7,101.12547051050802,2.8131030240026347e-18,0.0011336893157626174,0.0008073114580530781,
2322c437a4,40000,404,1288760,12887.6,101.12547051050802,2.202367095219971e-18,0.0011336893157626174,0.0008421674114538421,
2322c437a4,40000,405,1291950,12919.5,101.12547051050802,2.1715754577228726e-18,0.0011336893157626174,0.0008984899149651535,
2322c437a4,40000,406,1295140,12951.4,101.12547051050802,1.2901627650482509e-18,0.0011336893157626174,0.000926966731343023,
2322c437a4,40000,407,1298330,12983.3,101.12547051050802,6.2921528225729606e-18,0.0011336893157626174,0.0009153158411199074,
2322c437a4,40000,408,1301520,13015.2,101.12547051050802,2.2603390805588063e-17,0.0011336893157626174,0.0008095524758274252,
2322c437a4,40000,409,1304710,13047.1,101.12547051050802,4.968095112083737e-18,0.0011336893157626174,0.0008775332962040444,
2322c437a4,40000,410,1307900,13079.0,101.12547051050802,5.1532897758799534e-18,0.0011336893157626174,0.0009049113591691026,
2322c437a4,40000,411,1311090,13110.9,101.12547051050802,4.853868702118546e-18,0.0011336893157626174,0.0008379597045841589,
2322c437a4,40000,412,1314280,13142.8,101.12547051050802,5.048645194173548e-18,0.0011336893157626174,0.0009301852317583585,
2322c437a4,40000,413,1317470,13174.7,101.12547051050802,4.1913209337228896e-18,0.0011336893157626174,0.0009330500014643902,
2322c437a4,40000,414,1320660,13206.6,101.12547051050802,5.142818640686767e-18,0.0011336893157626174,0.0007792602518468407,
2322c437a4,40000,415,1323850,13238.5,101.12547051050802,3.627982295074192e-18,0.0011336893157626174,0.000882038986101764,
2322c437a4,40000,416,1327040,13270.4,101.12547051050802,2.0991569569515986e-18,0.0011336893157626174,0.0008805630761038527,
2322c437a4,40000,417,1330230,13302.3,101.12547051050802,9.080211548865682e-19,0.0011336893157626174,0.0009303434448161993,
2322c437a4,40000,418,1333420,13334.2,101.12547051050802,1.1917150936032681e-18,0.0011336893157626174,0.0009199347251263384,
2322c437a4,40000,419,1336610,13366.1,101.12547051050802,1.8460584207591222e-17,0.0011336893157626174,0.0008966423309712305,
2322c437a4,40000,420,1339800,13398.0,101.12547051050802,7.492741435767735e-18,0.0011336893157626174,0.0009288482422176118,
2322c437a4,40000,421,1342990,13429.9,101.12547051050802,4.772161396728759e-18,0.0011336893157626174,0.00085418614929353,
2322c437a4,40000,422,1346180,13461.8,101.12547051050802,3.430881883862449e-18,0.0011336893157626174,0.0008944977196167341,
2322c437a4,40000,423,1349370,13493.7,101.12547051050802,8.649650016305695e-19,0.0011336893157626174,0.0009690827959487479,
2322c437a4,40000,424,1352560,13525.6,101.12547051050802,5.783996654066681e-19,0.0011336893157626174,0.0008778540930121189,
2322c437a4,40000,425,1355750,13557.5,101.12547051050802,9.376114900598234e-19,0.0011336893157626174,0.0009387154745409809,
2322c437a4,40000,426,1358940,13589.4,101.12547051050802,5.7138462842657216e-18,0.0011336893157626174,0.0009433151949374693,
2322c437a4,40000,427,1362130,13621.3,101.12547051050802,1.0012934159277716e-17,0.0011336893157626174,0.0007978539092371984,
2322c437a4,40000,428,1365320,13653.2,101.12547051050802,8.175666080118329e-16,0.0011336893157626174,0.000868042904075257,
2322c437a4,40000,429,1368510,13685.1,101.12547051033359,1.2576063294871556e-17,0.0014353803094732812,0.0011193854034736194,
2322c437a4,40000,430,1371700,13717.0,101.12547051031862,1.2359613905749556e-18,0.0015193569316219039,0.001298996374729131,
2322c437a4,40000,431,1374890,13748.9,101.12547051031862,4.6830555070049495e-18,0.0015193569316219039,0.0011384877089695032,
2322c437a4,40000,432,1378080,13780.8,101.12547051031862,1.738742443436046e-18,0.0015193569316219039,0.001221047051152985,
2322c437a4,40000,433,1381270,13812.7,101.12547051031862,3.2200959327040615e-18,0.0015193569316219039,0.0011408819735939863,
2322c437a4,40000,434,1384460,13844.6,101.12547051031862,1.732753297255902e-18,0.0015193569316219039,0.001225894934734094,
2322c437a4,40000,435,1387650,13876.5,101.12547051031862,4.002121948820479e-18,0.0015193569316219039,0.0012773158193204795,
2322c437a4,40000,436,1390840,13908.4,101.12547051031862,2.413293211526039e-18,0.0015193569316219039,0.0011329470148626131,
2322c437a4,40000,437,1394030,13940.3,101.12547051031862,2.3892831818621587e-18,0.0015193569316219039,0.0012667476877599867,
2322c437a4,40000,438,1397220,13972.2,101.12547051031862,2.760077494908734e-18,0.0015193569316219039,0.0012089202969056106,
2322c437a4,40000,439,1400410,14004.1,101.12547051031862,1.7256601848475572e-18,0.0015193569316219039,0.0011539727848123267,
2322c437a4,40000,440,1403600,14036.0,101.12547051031862,5.4062568372906965e-18,0.0015193569316219039,0.0011825905763674259,
2322c437a4,40000,441,1406790,14067.9,101.12547051031862,2.0049119762285952e-18,0.0015193569316219039,0.0011432462166197212,
2322c437a4,40000,442,1409980,14099.8,101.12547051031862,2.387192834987807e-18,0.0015193569316219039,0.0011470656740432466,
2322c437a4,40000,443,1413170,14131.7,101.12547051031862,2.4610790101695836e-18,0.0015193569316219039,0.0011913027207956217,
2322c437a4,40000,444,1416360,14163.6,101.12547051031862,1.5773038907039676e-18,0.0015193569316219039,0.0011684241708043715,
2322c437a4,40000,445,1419550,14195.5,101.12547051031862,6.974357918840216e-16,0.0015193569316219039,0.0010766486228698667,
2322c437a4,40000,446,1422740,14227.4,101.12547051021306,3.520114564944458e-17,0.0009367402234910611,0.0007161632278757482,
2322c437a4,40000,447,1425930,14259.3,101.12547051016875,7.428860973242157e-17,0.0009272241113735868,0.0007923018437192236,
2322c437a4,40000,448,1429120,14291.2,101.12547051015183,9.182755204924613e-17,0.0008493256125068937,0.0006336294119970877,
2322c437a4,40000,449,1432310,14323.1,101.12547051004003,6.706252503847447e-18,0.0007398224769893036,0.0005537016672324289,
2322c437a4,40000,450,1435500,14355.0,101.12547051004003,6.6018465719024045e-18,0.0007398224769893036,0.0006292270288007571,
2322c437a4,40000,451,1438690,14386.9,101.12547051004003,9.238941636918788e-18,0.0007398224769893036,0.0005344647998295794,
2322c437a4,40000,452,1441880,14418.8,101.12547051004003,1.1590432644212187e-17,0.0007398224769893036,0.000554217286585439,
2322c437a4,40000,453,1445070,14450.7,101.12547051004003,5.019045255097276e-18,0.0007398224769893036,0.0005573322636679652,
2322c437a4,40000,454,1448260,14482.6,101.12547051004003,4.401736085078163e-18,0.0007398224769893036,0.0005267815600474243,
2322c437a4,40000,455,1451450,14514.5,101.12547051004003,5.370407091022301e-18,0.0007398224769893036,0.0005757212622010162,
2322c437a4,40000,456,1454640,14546.4,101.12547051004003,5.768490874144366e-18,0.0007398224769893036,0.000537847174536777,
2322c437a4,40000,457,1457830,14578.3,101.12547051004003,5.3772906989653966e-18,0.0007398224769893036,0.0005515095343287714,
2322c437a4,40000,458,1461020,14610.2,101.12547051004003,3.6689414759535755e-18,0.0007398224769893036,0.0005826603983729425,
2322c437a4,40000,459,1464210,14642.1,101.12547051004003,3.3501867033651325e-18,0.0007398224769893036,0.0006002146004368326,
2322c437a4,40000,460,1467400,14674.0,101.12547051004003,3.8773168873470184e-18,0.0007398224769893036,0.0005956924269459873,
2322c437a4,40000,461,1470590,14705.9,101.12547051004003,5.520891637063476e-18,0.0007398224769893036,0.0005592219425804963,
2322c437a4,40000,462,1473780,14737.8,101.12547051003338,5.506101168247559e-18,0.0007432410100786549,0.0005989999733196105,
2322c437a4,40000,463,1476970,14769.7,101.12547051003338,1.6882804465079415e-18,0.0007432410100786549,0.0005504154872026985,
2322c437a4,40000,464,1480160,14801.6,101.12547051003338,2.83191212836193e-18,0.0007432410100786549,0.0005409310282773256,
2322c437a4,40000,465,1483350,14833.5,101.12547051003338,4.6447950723832546e-18,0.0007432410100786549,0.0006251854885597306,
2322c437a4,40000,466,1486540,14865.4,101.12547051003338,5.232428306529581e-18,0.0007432410100786549,0.0005294935346882762,
2322c437a4,40000,467,1489730,14897.3,101.12547051003338,2.070001352897453e-17,0.0007432410100786549,0.0005597447271643245,
2322c437a4,40000,468,1492920,14929.2,101.12547051003338,9.530820482790129e-18,0.0007432410100786549,0.0005935182176854823,
2322c437a4,40000,469,1496110,14961.1,101.12547051003338,4.4026466612133006e-18,0.0007432410100786549,0.0005669817255338997,
2322c437a4,40000,470,1499300,14993.0,101.12547051003338,2.995149558032873e-18,0.0007432410100786549,0.000532567162514165,
2322c437a4,40000,471,1502490,15024.9,101.12547051003338,3.1310363267576908e-18,0.0007432410100786549,0.00048813726936421326,
2322c437a4,40000,472,1505680,15056.8,101.12547051003338,4.991709354480055e-18,0.0007432410100786549,0.0006163860757414572,
2322c437a4,40000,473,1508870,15088.7,101.12547051003338,4.4608564235455435e-18,0.0007432410100786549,0.0005747757790819698,
2322c437a4,40000,474,1512060,15120.6,101.12547051003338,3.824450468191755e-18,0.0007432410100786549,0.0005838195861111131,
2322c437a4,40000,475,1515250,15152.5,101.12547051003338,3.438730326124089e-18,0.0007432410100786549,0.0006124213616637288,
2322c437a4,40000,476,1518440,15184.4,101.12547051003338,3.566520443446857e-18,0.0007432410100786549,0.0005958921894669317,
2322c437a4,40000,477,1521630,15216.3,101.12547051003338,2.6195252491020067e-17,0.0007432410100786549,0.0005310870141106115,
2322c437a4,40000,478,1524820,15248.2,101.12547051003338,1.704075364828927e-17,0.0007432410100786549,0.0005647419756811517,
2322c437a4,40000,479,1528010,15280.1,101.12547051003338,2.6787284325575662e-18,0.0007432410100786549,0.0006397081954164414,
2322c437a4,40000,480,1531200,15312.0,101.12547051003338,1.1098200111982184e-17,0.0007432410100786549,0.0006028176336958451,
2322c437a4,40000,481,1534390,15343.9,101.12547051003338,2.4835712186636124e-18,0.0007432410100786549,0.0005428575496822692,
2322c437a4,40000,482,1537580,15375.8,101.12547051003338,4.748825409167563e-18,0.0007432410100786549,0.0006257356958370261,
2322c437a4,40000,483,1540770,15407.7,101.12547051003338,4.7334063351383e-18,0.0007432410100786549,0.0005947226116751055,
2322c437a4,40000,484,1543960,15439.6,101.12547051003338,1.7044957197982657e-18,0.0007432410100786549,0.0005654790147328488,
2322c437a4,40000,485,1547150,15471.5,101.12547051003338,3.163495122103333e-18,0.0007432410100786549,0.000565366892810974,
2322c437a4,40000,486,1550340,15503.4,101.12547051003338,3.173745619542761e-18,0.0007432410100786549,0.0005836752858236473,
2322c437a4,40000,487,1553530,15535.3,101.12547051003338,6.6221720307014155e-18,0.0007432410100786549,0.0005565406348997066,
2322c437a4,40000,488,1556720,15567.2,101.12547051003338,3.7892449480244504e-18,0.0007432410100786549,0.0005720639523642953,
2322c437a4,40000,489,1559910,15599.1,101.12547051003338,2.4212607533415954e-18,0.0007432410100786549,0.0005457754583403434,
2322c437a4,40000,490,1563100,15631.0,101.12547051003338,2.784229648978661e-18,0.0007432410100786549,0.0005659008196505334,
2322c437a4,40000,491,1566290,15662.9,101.12547051003338,2.3639944457895536e-18,0.0007432410100786549,0.0004899564280428597,
2322c437a4,40000,492,1569480,15694.8,101.12547051003338,3.0188987938168672e-18,0.0007432410100786549,0.0005060857245066158,
2322c437a4,40000,493,1572670,15726.7,101.12547051003338,4.530693629996501e-17,0.0007432410100786549,0.0005098260790064028,
2322c437a4,40000,494,1575860,15758.6,101.12547051002318,3.3776537280429946e-18,0.00071067060350391,0.0005579833656042417,
2322c437a4,40000,495,1579050,15790.5,101.12547051002318,3.1066395724780594e-18,0.00071067060350391,0.0006120437459136107,
2322c437a4,40000,496,1582240,15822.4,101.12547051002318,3.62177076371592e-18,0.00071067060350391,0.0004615316574337701,
2322c437a4,40000,497,1585430,15854.3,101.12547051002318,5.300270075945949e-18,0.00071067060350391,0.0005685378110852307,
2322c437a4,40000,498,1588620,15886.2,101.12547051002318,2.571469473400649e-18,0.00071067060350391,0.0005174424829658441,
2322c437a4,40000,499,1591810,15918.1,101.12547051002318,1.1086299676047172e-17,0.00071067060350391,0.0004733652681190434,
2322c437a4,40000,500,1595000,15950.0,101.12547051002318,6.263773572001364e-18,0.00071067060350391,0.0005577946797283702,
2322c437a4,40000,501,1598190,15981.9,101.12547051002318,2.5289683503129077e-18,0.00071067060350391,0.0005348012456130013,
2322c437a4,40000,502,1601380,16013.8,101.12547051002318,1.5545423106850552e-18,0.00071067060350391,0.0005756963316634058,
2322c437a4,40000,503,1604570,16045.7,101.12547051002318,4.1713158470674795e-19,0.00071067060350391,0.0005373160176099902,
2322c437a4,40000,504,1607760,16077.6,101.12547051002318,4.59446217892215e-19,0.00071067060350391,0.000602080041449167,
2322c437a4,40000,505,1610950,16109.5,101.12547051002318,6.070605380565328e-19,0.00071067060350391,0.0005031139467260623,
2322c437a4,40000,506,1614140,16141.4,101.12547051002318,4.294902595788914e-19,0.00071067060350391,0.0005543641271601031,
2322c437a4,40000,507,1617330,16173.3,101.12547051002318,5.254968714481128e-19,0.00071067060350391,0.0005011866356042241,
2322c437a4,40000,508,1620520,16205.2,101.12547051002318,3.702223292447562e-19,0.00071067060350391,0.0005079605852208958,
2322c437a4,40000,509,1623710,16237.1,101.12547051002318,4.137886332583182e-17,0.00071067060350391,0.0005074149074097313,
2322c437a4,40000,510,1626900,16269.0,101.12547050998484,3.782175643784793e-18,0.0007357854656839516,0.0005969429639727725,
2322c437a4,40000,511,1630090,16300.9,101.12547050998484,4.21527644687578e-18,0.0007357854656839516,0.0005197430049386647,
2322c437a4,40000,512,1633280,16332.8,101.12547050998484,1.1829239923873757e-17,0.0007357854656839516,0.0006053931288129115,
2322c437a4,40000,513,1636470,16364.7,101.12547050998484,9.123366202901685e-19,0.0007357854656839516,0.0005362270875992109,
2322c437a4,40000,514,1639660,16396.6,101.12547050998484,1.6872424292515625e-18,0.0007357854656839516,0.0005735214803910874,
2322c437a4,40000,515,1642850,16428.5,101.12547050998484,4.0837546191070977e-19,0.0007357854656839516,0.0005830825324548225,
2322c437a4,40000,516,1646040,16460.4,101.12547050998484,9.728716429493478e-18,0.0007357854656839516,0.0005716383685757671,
2322c437a4,40000,517,1649230,16492.3,101.12547050998484,5.69549955242203e-19,0.0007357854656839516,0.0005787758490484983,
2322c437a4,40000,518,1652420,16524.2,101.12547050998484,4.3510570588391906e-18,0.0007357854656839516,0.0005662998202798869,
2322c437a4,40000,519,1655610,16556.1,101.12547050998484,1.9183808729097105e-18,0.0007357854656839516,0.0005523816085267151,
2322c437a4,40000,520,1658800,16588.0,101.12547050998484,1.4199807908544025e-18,0.0007357854656839516,0.0005305492101271511,
2322c437a4,40000,521,1661990,16619.9,101.12547050998484,4.481263613613598e-19,0.0007357854656839516,0.0005740615368258141,
2322c437a4,40000,522,1665180,16651.8,101.12547050998484,1.1189967856494794e-17,0.0007357854656839516,0.0005588809186226852,
2322c437a4,40000,523,1668370,16683.7,101.12547050997944,2.933759974712186e-18,0.000743823988139573,0.0005554751265172438,
2322c437a4,40000,524,1671560,16715.6,101.12547050997944,3.685621797147277e-18,0.000743823988139573,0.0006026288089059915,
2322c437a4,40000,525,1674750,16747.5,101.12547050997944,3.4871095728690606e-18,0.000743823988139573,0.0005644745581044815,
2322c437a4,40000,526,1677940,16779.4,101.12547050997944,3.663572710996101e-18,0.000743823988139573,0.000596801861420173,
2322c437a4,40000,527,1681130,16811.3,101.12547050997944,1.8900242017095824e-18,0.000743823988139573,0.0005769154682148765,
2322c437a4,40000,528,1684320,16843.2,101.12547050997944,1.2052042280909347e-18,0.000743823988139573,0.0006156379637358115,
2322c437a4,40000,529,1687510,16875.1,101.12547050997944,3.1426016576102937e-19,0.000743823988139573,0.0005813529738681411,
2322c437a4,40000,530,1690700,16907.0,101.12547050997944,9.023716201179495e-19,0.000743823988139573,0.00059613308687219,
2322c437a4,40000,531,1693890,16938.9,101.12547050997944,4.370220825604491e-19,0.000743823988139573,0.0005601454074707804,
2322c437a4,40000,532,1697080,16970.8,101.12547050997944,5.893992132166155e-19,0.000743823988139573,0.000579052258297523,
2322c437a4,40000,533,1700270,17002.7,101.12547050997944,4.269463145035209e-18,0.000743823988139573,0.0005659506113009994,
2322c437a4,40000,534,1703460,17034.6,101.12547050997944,6.19996394460901e-19,0.000743823988139573,0.0005712757874427037,
2322c437a4,40000,535,1706650,17066.5,101.12547050997944,3.4732777471090204e-19,0.000743823988139573,0.0005796846097147508,
2322c437a4,40000,536,1709840,17098.4,101.12547050997944,3.589681395281764e-19,0.000743823988139573,0.0005281354254891687,
2322c437a4,40000,537,1713030,17130.3,101.12547050997944,1.2150135674364342e-18,0.000743823988139573,0.0005666170053076936,
2322c437a4,40000,538,1716220,17162.2,101.12547050997944,4.8730781638805075e-19,0.000743823988139573,0.0005533881448140218,
2322c437a4,40000,539,1719410,17194.1,101.12547050997944,4.648058893752143e-19,0.000743823988139573,0.0005986189398480392,
2322c437a4,40000,540,1722600,17226.0,101.12547050997944,6.3635274028010235e-19,0.000743823988139573,0.0005503693303902083,
2322c437a4,40000,541,1725790,17257.9,101.12547050997944,4.518740248288563e-19,0.000743823988139573,0.0005898880731634228,
2322c437a4,40000,542,1728980,17289.8,101.12547050997944,1.1758160002137455e-18,0.000743823988139573,0.0005921400853425679,
2322c437a4,40000,543,1732170,17321.7,101.12547050997944,6.334728049335977e-19,0.000743823988139573,0.000509407256795914,
2322c437a4,40000,544,1735360,17353.6,101.12547050997944,5.128013509195902e-19,0.000743823988139573,0.0005713100393762605,
2322c437a4,40000,545,1738550,17385.5,101.12547050997944,4.354381594103447e-19,0.000743823988139573,0.0006025947200558088,
2322c437a4,40000,546,1741740,17417.4,101.12547050997944,1.1190926489105306e-18,0.000743823988139573,0.0005843713777627389,
2322c437a4,40000,547,1744930,17449.3,101.12547050997944,3.4158990013327926e-18,0.000743823988139573,0.0006147817432926324,
2322c437a4,40000,548,1748120,17481.2,101.12547050997944,2.16727319648099e-18,0.000743823988139573,0.0005646890265839574,
2322c437a4,40000,549,1751310,17513.1,101.12547050997944,7.226629198040325e-18,0.000743823988139573,0.0005688410434582977,
2322c437a4,40000,550,1754500,17545.0,101.12547050997944,4.051612146138645e-18,0.000743823988139573,0.0006038340754949259,
2322c437a4,40000,551,1757690,17576.9,101.12547050997944,4.474502383395445e-19,0.000743823988139573,0.0006127484499678597,
2322c437a4,40000,552,1760880,17608.8,101.12547050997944,3.6171723623954455e-19,0.000743823988139573,0.0005594475122929455,
2322c437a4,40000,553,1764070,17640.7,101.12547050997944,1.0443057326230933e-18,0.000743823988139573,0.0005978968796322609,
2322c437a4,40000,554,1767260,17672.6,101.12547050997944,4.183886893857433e-19,0.000743823988139573,0.0005856506824151173,
2322c437a4,40000,555,1770450,17704.5,101.12547050997944,3.867144528005715e-19,0.000743823988139573,0.0006152849199970536,
2322c437a4,40000,556,1773640,17736.4,101.12547050997944,2.2021707331243506e-18,0.000743823988139573,0.0005358050977386503,
2322c437a4,40000,557,1776830,17768.3,101.12547050997944,1.7533655768776793e-18,0.000743823988139573,0.0005220671796467552,
2322c437a4,40000,558,1780020,17800.2,101.12547050997944,5.515406262342844e-19,0.000743823988139573,0.000599399406529248,
2322c437a4,40000,559,1783210,17832.1,101.12547050997944,5.689283481463774e-19,0.000743823988139573,0.0006371586650712269,
2322c437a4,40000,560,1786400,17864.0,101.12547050997944,2.9100495779340806e-17,0.000743823988139573,0.0006259462331380175,
2322c437a4,40000,561,1789590,17895.9,101.12547050997374,2.2876205071693814e-18,0.0007562484315358095,0.0005738740247460546,
2322c437a4,40000,562,1792780,17927.8,101.12547050997374,2.997290424356575e-18,0.0007562484315358095,0.0005427149300287134,
2322c437a4,40000,563,1795970,17959.7,101.12547050997374,3.3834031126914024e-18,0.0007562484315358095,0.0005771381862605808,
2322c437a4,40000,564,1799160,17991.6,101.12547050997374,3.472567946409287e-18,0.0007562484315358095,0.0005488179057332131,
2322c437a4,40000,565,1802350,18023.5,101.12547050997374,2.966605797013682e-18,0.0007562484315358095,0.0005646658330778737,
2322c437a4,40000,566,1805540,18055.4,101.12547050997374,8.310887024942646e-18,0.0007562484315358095,0.0006448872692632553,
2322c437a4,40000,567,1808730,18087.3,101.12547050997374,2.822685177814743e-18,0.0007562484315358095,0.0006020992067730137,
2322c437a4,40000,568,1811920,18119.2,101.12547050997374,6.896678899700077e-18,0.0007562484315358095,0.0005575101676918997,
2322c437a4,40000,569,1815110,18151.1,101.12547050997374,2.632167825524075e-17,0.0007562484315358095,0.0005584174900169897,
2322c437a4,40000,570,1818300,18183.0,101.12547050997374,7.06563318467738e-18,0.0007562484315358095,0.0006245303254784565,
2322c437a4,40000,571,1821490,18214.9,101.12547050997374,2.837529270463158e-18,0.0007562484315358095,0.0006243424490366947,
2322c437a4,40000,572,1824680,18246.8,101.12547050997374,2.9353746537127236e-18,0.0007562484315358095,0.0006236931077733322,
2322c437a4,40000,573,1827870,18278.7,101.12547050997374,1.0272217868535263e-17,0.0007562484315358095,0.0006034814604647589,
2322c437a4,40000,574,1831060,18310.6,101.12547050997374,2.8634280545168193e-18,0.0007562484315358095,0.0006110758586936056,
2322c437a4,40000,575,1834250,18342.5,101.12547050997374,3.4358428417985154e-18,0.0007562484315358095,0.0006017200457085687,
2322c437a4,40000,576,1837440,18374.4,101.12547050997374,2.9277755867872524e-18,0.0007562484315358095,0.0005852532218604408,
2322c437a4,40000,577,1840630,18406.3,101.12547050997374,3.7792880602948886e-19,0.0007562484315358095,0.0005813791202122548,
2322c437a4,40000,578,1843820,18438.2,101.12547050997374,3.5405657043218344e-19,0.0007562484315358095,0.0006722505496913095,
2322c437a4,40000,579,1847010,18470.1,101.12547050997374,1.7134958370708519e-18,0.0007562484315358095,0.0005828375425404787,
2322c437a4,40000,580,1850200,18502.0,101.12547050997374,1.4338029611265207e-18,0.0007562484315358095,0.0005631872345704126,
2322c437a4,40000,581,1853390,18533.9,101.12547050997374,1.7127544005976296e-18,0.0007562484315358095,0.0006075061074463264,
2322c437a4,40000,582,1856580,18565.8,101.12547050997374,3.72795144067114e-18,0.0007562484315358095,0.0005991001901223668,
2322c437a4,40000,583,1859770,18597.7,101.12547050997374,3.8806103940265013e-19,0.0007562484315358095,0.000580670334584856,
2322c437a4,40000,584,1862960,18629.6,101.12547050997374,4.979096539447038e-19,0.0007562484315358095,0.0005938883290332145,
2322c437a4,40000,585,1866150,18661.5,101.12547050997374,5.016977529197655e-19,0.0007562484315358095,0.0005854553185762245,
2322c437a4,40000,586,1869340,18693.4,101.12547050997374,5.217427154292165e-19,0.0007562484315358095,0.0006102144690838083,
2322c437a4,40000,587,1872530,18725.3,101.12547050997374,1.7110156173112665e-18,0.0007562484315358095,0.000575889314089723,
2322c437a4,40000,588,1875720,18757.2,101.12547050997374,1.6782147072157188e-18,0.0007562484315358095,0.0005798775796482088,
2322c437a4,40000,589,1878910,18789.1,101.12547050997374,4.3303906334971155e-19,0.0007562484315358095,0.0005806484333465958,
2322c437a4,40000,590,1882100,18821.0,101.12547050997374,3.3606194181331952e-19,0.0007562484315358095,0.0005504806027008993,
2322c437a4,40000,591,1885290,18852.9,101.12547050997374,1.709139010649466e-18,0.0007562484315358095,0.0005694646546205259,
2322c437a4,40000,592,1888480,18884.8,101.12547050997374,1.6523173559374236e-18,0.0007562484315358095,0.000617231160455323,
2322c437a4,40000,593,1891670,18916.7,101.12547050997374,8.285631955850124e-19,0.0007562484315358095,0.0005952503239911031,
2322c437a4,40000,594,1894860,18948.6,101.12547050997374,3.5856492530223824e-19,0.0007562484315358095,0.0004895196514611646,
2322c437a4,40000,595,1898050,18980.5,101.12547050997374,4.718624137143799e-19,0.0007562484315358095,0.0005673952201529273,
2322c437a4,40000,596,1901240,19012.4,101.12547050997374,6.157170813201543e-19,0.0007562484315358095,0.0005707359589314313,
2322c437a4,40000,597,1904430,19044.3,101.12547050997374,3.559266752453026e-19,0.0007562484315358095,0.0005534413198324995,
2322c437a4,40000,598,1907620,19076.2,101.12547050997374,5.108942774418254e-19,0.0007562484315358095,0.0005702191524091872,
2322c437a4,40000,599,1910810,19108.1,101.12547050997374,3.493274114584807e-19,0.0007562484315358095,0.000542466846592749,
2322c437a4,40000,600,1914000,19140.0,101.12547050997374,2.9203366783153303e-17,0.0007562484315358095,0.0005969500063354678,
2322c437a4,40000,601,1917190,19171.9,101.12547050996403,4.667819423581617e-18,0.0007392628552346537,0.000525136781814261,
2322c437a4,40000,602,1920380,19203.8,101.12547050996403,7.003775501807809e-18,0.0007392628552346537,0.0005978601636541906,
2322c437a4,40000,603,1923570,19235.7,101.12547050996403,3.792206086008937e-18,0.0007392628552346537,0.0005608196309116179,
2322c437a4,40000,604,1926760,19267.6,101.12547050996403,1.7035022092905116e-18,0.0007392628552346537,0.0005665815452905118,
2322c437a4,40000,605,1929950,19299.5,101.12547050996403,1.6946393481296577e-18,0.0007392628552346537,0.0005925225838812761,
2322c437a4,40000,606,1933140,19331.4,101.12547050996403,6.925492308485419e-18,0.0007392628552346537,0.0006232588732614935,
2322c437a4,40000,607,1936330,19363.3,101.12547050996403,2.8834476602547085e-18,0.0007392628552346537,0.0005761238946223261,
2322c437a4,40000,608,1939520,19395.2,101.12547050996403,3.382378655248852e-18,0.0007392628552346537,0.0005437692889794631,
2322c437a4,40000,609,1942710,19427.1,101.12547050996403,1.2976330610110164e-18,0.0007392628552346537,0.000593975220332488,
2322c437a4,40000,610,1945900,19459.0,101.12547050996403,3.543281657836467e-19,0.0007392628552346537,0.0005283175327219312,
2322c437a4,40000,611,1949090,19490.9,101.12547050996403,4.0451973781716164e-19,0.0007392628552346537,0.0006195631576562913,
2322c437a4,40000,612,1952280,19522.8,101.12547050996403,3.513043713880005e-19,0.0007392628552346537,0.0005044569694989134,
2322c437a4,40000,613,1955470,19554.7,101.12547050996403,6.05193518128186e-19,0.0007392628552346537,0.0005079702178578339,
2322c437a4,40000,614,1958660,19586.6,101.12547050996403,8.027356508077047e-19,0.0007392628552346537,0.000581562935543131,
2322c437a4,40000,615,1961850,19618.5,101.12547050996403,1.6776116596052794e-18,0.0007392628552346537,0.000542682431933792,
2322c437a4,40000,616,1965040,19650.4,101.12547050996403,1.1815017795763823e-18,0.0007392628552346537,0.0005373784152636489,
2322c437a4,40000,617,1968230,19682.3,101.12547050996403,5.783366433163678e-19,0.0007392628552346537,0.000610992212236207,
2322c437a4,40000,618,1971420,19714.2,101.12547050996403,1.6746822411843787e-18,0.0007392628552346537,0.0005883276353113825,
2322c437a4,40000,619,1974610,19746.1,101.12547050996403,1.958758221992851e-18,0.0007392628552346537,0.0006070505012598803,
2322c437a4,40000,620,1977800,19778.0,101.12547050996403,3.2308745239042025e-19,0.0007392628552346537,0.0005347410125227704,
2322c437a4,40000,621,1980990,19809.9,101.12547050996403,4.5375330889141e-19,0.0007392628552346537,0.0005746197838987156,
2322c437a4,40000,622,1984180,19841.8,101.12547050996403,3.658239204153095e-18,0.0007392628552346537,0.0005722637202188782,
2322c437a4,40000,623,1987370,19873.7,101.12547050996403,3.909339684788373e-18,0.0007392628552346537,0.0006371099653954443,
2322c437a4,40000,624,1990560,19905.6,101.12547050996403,2.857849316840357e-18,0.0007392628552346537,0.0005327535064593778,
2322c437a4,40000,625,1993750,19937.5,101.12547050996403,7.654438772708876e-19,0.0007392628552346537,0.0005577308495902076,
2322c437a4,40000,626,1996940,19969.4,101.12547050996403,4.0606800684477185e-19,0.0007392628552346537,0.000599022937736985,
2322c437a4,40000,627,2000130,20001.3,101.12547050996403,6.274476618369908e-18,0.0007392628552346537,0.0004957345882089731,
2322c437a4,40000,628,2003320,20033.2,101.12547050996403,4.1387531019718563e-19,0.0007392628552346537,0.0005248157927679477,
2322c437a4,40000,629,2006510,20065.1,101.12547050996403,3.690202039941766e-19,0.0007392628552346537,0.0005813832670171708,
2322c437a4,40000,630,2009700,20097.0,101.12547050996403,5.044340442546189e-19,0.0007392628552346537,0.0005729419645324843,
2322c437a4,40000,631,2012890,20128.9,101.12547050996403,4.863718466914752e-18,0.0007392628552346537,0.0005863794008445241,
2322c437a4,40000,632,2016080,20160.8,101.12547050996403,1.9746592086519556e-18,0.0007392628552346537,0.0005786256486136457,
2322c437a4,40000,633,2019270,20192.7,101.12547050996403,4.533449141514061e-19,0.0007392628552346537,0.0005234358736520248,
2322c437a4,40000,634,2022460,20224.6,101.12547050996403,7.069176637645275e-19,0.0007392628552346537,0.0005637131788661666,
2322c437a4,40000,635,2025650,20256.5,101.12547050996403,6.840502187476833e-19,0.0007392628552346537,0.0005504210630397322,
2322c437a4,40000,636,2028840,20288.4,101.12547050996403,3.8468450362664397e-19,0.0007392628552346537,0.0005857897804391342,
2322c437a4,40000,637,2032030,20320.3,101.12547050996403,7.885410220225732e-19,0.0007392628552346537,0.0005979617951873878,
2322c437a4,40000,638,2035220,20352.2,101.12547050996403,6.745827350380006e-19,0.0007392628552346537,0.0006003959578627412,
2322c437a4,40000,639,2038410,20384.1,101.12547050996403,6.68735584287527e-19,0.0007392628552346537,0.0005464578417212822,
2322c437a4,40000,640,2041600,20416.0,101.12547050996403,7.237238736639659e-19,0.0007392628552346537,0.0005000049086635656,
2322c437a4,40000,641,2044790,20447.9,101.12547050996403,7.762254182242147e-19,0.0007392628552346537,0.0005578234336680139,
2322c437a4,40000,642,2047980,20479.8,101.12547050996403,6.992276950796916e-19,0.0007392628552346537,0.0005412322135502885,
2322c437a4,40000,643,2051170,20511.7,101.12547050996403,4.8333549920554046e-18,0.0007392628552346537,0.0005837531399474541,
2322c437a4,40000,644,2054360,20543.6,101.12547050996403,4.802422777988621e-18,0.0007392628552346537,0.000553403264436314,
2322c437a4,40000,645,2057550,20575.5,101.12547050996403,1.3686202442216845e-18,0.0007392628552346537,0.0005322595385956339,
2322c437a4,40000,646,2060740,20607.4,101.12547050996403,4.3138800703520494e-17,0.0007392628552346537,0.0005690806714095002,
2322c437a4,40000,647,2063930,20639.3,101.12547050995268,5.440319435396122e-18,0.0007702091808274987,0.0005900837606259535,
2322c437a4,40000,648,2067120,20671.2,101.12547050995268,5.853548883935967e-18,0.0007702091808274987,0.0006553600707909492,
2322c437a4,40000,649,2070310,20703.1,101.12547050993653,4.841191555868639e-18,0.0007566756073180079,0.000511514793969405,
2322c437a4,40000,650,2073500,20735.0,101.12547050993653,2.4871870753537e-18,0.0007566756073180079,0.0006200895456327829,
2322c437a4,40000,651,2076690,20766.9,101.12547050993653,3.820605599750368e-18,0.0007566756073180079,0.0005493024142002735,
2322c437a4,40000,652,2079880,20798.8,101.12547050993653,3.4125786574818756e-18,0.0007566756073180079,0.0005786902803170815,
2322c437a4,40000,653,2083070,20830.7,101.12547050993653,4.7777728764584675e-18,0.0007566756073180079,0.0005939653625956874,
2322c437a4,40000,654,2086260,20862.6,101.12547050993653,4.412521350858705e-18,0.0007566756073180079,0.0005880026057848138,
2322c437a4,40000,655,2089450,20894.5,101.12547050993653,2.9900159452347847e-18,0.0007566756073180079,0.000611488049736457,
2322c437a4,40000,656,2092640,20926.4,101.12547050993653,4.4640691683518856e-18,0.0007566756073180079,0.0006214784506965513,
2322c437a4,40000,657,2095830,20958.3,101.12547050993653,6.022943587443298e-18,0.0007566756073180079,0.000612772443525365,
2322c437a4,40000,658,2099020,20990.2,101.12547050993653,8.777788103422334e-18,0.0007566756073180079,0.0006070436197669139,
2322c437a4,40000,659,2102210,21022.1,101.12547050993653,3.0099944561208973e-18,0.0007566756073180079,0.0005548408731318615,
2322c437a4,40000,660,2105400,21054.0,101.12547050993653,1.0532646071016342e-18,0.0007566756073180079,0.0006784790754413534,
2322c437a4,40000,661,2108590,21085.9,101.12547050993653,5.2118137368517634e-18,0.0007566756073180079,0.0005928140767273345,
2322c437a4,40000,662,2111780,21117.8,101.12547050993653,7.648799318055847e-18,0.0007566756073180079,0.00056904452126886,
2322c437a4,40000,663,2114970,21149.7,101.12547050993653,1.3354161883551579e-18,0.0007566756073180079,0.0005479465873542099,
2322c437a4,40000,664,2118160,21181.6,101.12547050993653,3.9447377858695493e-19,0.0007566756073180079,0.00063883733157242,
2322c437a4,40000,665,2121350,21213.5,101.12547050993653,5.435720494308239e-19,0.0007566756073180079,0.0005780691805780081,
2322c437a4,40000,666,2124540,21245.4,101.12547050993653,6.984913294917215e-18,0.0007566756073180079,0.0006160099361253065,
2322c437a4,40000,667,2127730,21277.3,101.12547050993653,3.376682405777226e-18,0.0007566756073180079,0.0006396587925014489,
2322c437a4,40000,668,2130920,21309.2,101.12547050993653,2.1765300962034128e-17,0.0007566756073180079,0.000609185347774885,
2322c437a4,40000,669,2134110,21341.1,101.12547050990472,6.855959000739259e-18,0.0007496127305883784,0.0005423748199047886,
2322c437a4,40000,670,2137300,21373.0,101.12547050990472,6.3775179793868664e-18,0.0007496127305883784,0.0006246126393921039,
2322c437a4,40000,671,2140490,21404.9,101.12547050990472,3.09101803238894e-18,0.0007496127305883784,0.000548840983514998,
2322c437a4,40000,672,2143680,21436.8,101.12547050990472,1.4978392236024197e-18,0.0007496127305883784,0.0005657862765300784,
2322c437a4,40000,673,2146870,21468.7,101.12547050990472,1.5644879437388305e-18,0.0007496127305883784,0.0006455030533674545,
2322c437a4,40000,674,2150060,21500.6,101.12547050990472,4.548358232063979e-19,0.0007496127305883784,0.0005583764516607521,
2322c437a4,40000,675,2153250,21532.5,101.12547050990472,6.224246808550234e-19,0.0007496127305883784,0.0005554681709878791,
2322c437a4,40000,676,2156440,21564.4,101.12547050990472,3.405690712459523e-18,0.0007496127305883784,0.0005577178138904732,
2322c437a4,40000,677,2159630,21596.3,101.12547050990472,3.400744539848272e-18,0.0007496127305883784,0.0006158951836202925,
2322c437a4,40000,678,2162820,21628.2,101.12547050990472,3.321093551064816e-18,0.0007496127305883784,0.0005948875203273563,
2322c437a4,40000,679,2166010,21660.1,101.12547050990472,2.6182826011139666e-18,0.0007496127305883784,0.0005899506843588977,
2322c437a4,40000,680,2169200,21692.0,101.12547050990472,5.659772180294296e-18,0.0007496127305883784,0.0006075570863712117,
2322c437a4,40000,681,2172390,21723.9,101.12547050990472,2.398108264800698e-18,0.0007496127305883784,0.0006119373036016092,
2322c437a4,40000,682,2175580,21755.8,101.12547050990472,1.0785400577805975e-18,0.0007496127305883784,0.0005995044612016466,
2322c437a4,40000,683,2178770,21787.7,101.12547050990472,2.5643024433149974e-18,0.0007496127305883784,0.0005998001096471511,
2322c437a4,40000,684,2181960,21819.6,101.12547050990472,1.7935621553605103e-18,0.0007496127305883784,0.0006389090575538113,
2322c437a4,40000,685,2185150,21851.5,101.12547050990472,2.88760111908348e-17,0.0007496127305883784,0.0005431740095335987,
2322c437a4,40000,686,2188340,21883.4,101.12547050990472,3.456969613748728e-18,0.0007496127305883784,0.0005916777732432301,
2322c437a4,40000,687,2191530,21915.3,101.12547050990472,4.328218738616128e-18,0.0007496127305883784,0.0005213065793404602,
2322c437a4,40000,688,2194720,21947.2,101.12547050990472,3.208448763030294e-18,0.0007496127305883784,0.0005520370935196696,
2322c437a4,40000,689,2197910,21979.1,101.12547050990472,2.7407682743179653e-18,0.0007496127305883784,0.000512894513754738,
2322c437a4,40000,690,2201100,22011.0,101.12547050990472,2.6400049340447808e-18,0.0007496127305883784,0.0005859306677424175,
2322c437a4,40000,691,2204290,22042.9,101.12547050990472,4.079768098858595e-18,0.0007496127305883784,0.0005800897512585973,
2322c437a4,40000,692,2207480,22074.8,101.12547050990472,4.647465084397478e-18,0.0007496127305883784,0.0006228145157495121,
2322c437a4,40000,693,2210670,22106.7,101.12547050990472,4.665786851406725e-18,0.0007496127305883784,0.0006151076521614238,
2322c437a4,40000,694,2213860,22138.6,101.12547050990472,3.2637204598731786e-18,0.0007496127305883784,0.0006353890462283296,
2322c437a4,40000,695,2217050,22170.5,101.12547050990472,4.040923068906585e-19,0.0007496127305883784,0.0005486245535745219,
2322c437a4,40000,696,2220240,22202.4,101.12547050990472,4.332397603689822e-19,0.0007496127305883784,0.0006168380079769539,
2322c437a4,40000,697,2223430,22234.3,101.12547050990472,6.548556860127578e-19,0.0007496127305883784,0.0005508362524241053,
2322c437a4,40000,698,2226620,22266.2,101.12547050990472,3.9032167071516434e-19,0.0007496127305883784,0.0005766178097922322,
2322c437a4,40000,699,2229810,22298.1,101.12547050990472,6.048678786491041e-18,0.0007496127305883784,0.0005861799488386932,
2322c437a4,40000,700,2233000,22330.0,101.12547050990472,7.1844104912152085e-19,0.0007496127305883784,0.0005913807223166884,
2322c437a4,40000,701,2236190,22361.9,101.12547050990472,3.8178674826400245e-19,0.0007496127305883784,0.000595592316830819,
2322c437a4,40000,702,2239380,22393.8,101.12547050990472,3.455336970287795e-18,0.0007496127305883784,0.0005352875518826255,
2322c437a4,40000,703,2242570,22425.7,101.12547050990472,6.10141619754768e-19,0.0007496127305883784,0.000652287181637419,
2322c437a4,40000,704,2245760,22457.6,101.12547050990472,6.899900469697133e-19,0.0007496127305883784,0.0005963187204024814,
2322c437a4,40000,705,2248950,22489.5,101.12547050990472,2.0195814660454525e-17,0.0007496127305883784,0.0006051617609411136,
2322c437a4,40000,706,2252140,22521.4,101.12547050990472,2.0906311695845124e-18,0.0007496127305883784,0.0005798687566929681,
2322c437a4,40000,707,2255330,22553.3,101.12547050990472,3.564941738145547e-18,0.0007496127305883784,0.00054016032835683,
2322c437a4,40000,708,2258520,22585.2,101.12547050990472,6.872831543049386e-18,0.0007496127305883784,0.0006127510301236345,
2322c437a4,40000,709,2261710,22617.1,101.12547050990472,2.986416549185136e-18,0.0007496127305883784,0.0005809488702325986,
2322c437a4,40000,710,2264900,22649.0,101.12547050990472,3.3007945979793765e-18,0.0007496127305883784,0.0005421109832190877,
2322c437a4,40000,711,2268090,22680.9,101.12547050990472,3.0637885222725432e-18,0.0007496127305883784,0.0005680889145574028,
2322c437a4,40000,712,2271280,22712.8,101.12547050990472,6.061747173054606e-19,0.0007496127305883784,0.0005639204076317771,
2322c437a4,40000,713,2274470,22744.7,101.12547050990472,4.848269484261396e-19,0.0007496127305883784,0.0005666120298023959,
2322c437a4,40000,714,2277660,22776.6,101.12547050990472,6.833839106716164e-18,0.0007496127305883784,0.0005747774782440026,
2322c437a4,40000,715,2280850,22808.5,101.12547050990472,4.798866775139576e-18,0.0007496127305883784,0.0006061239388858922,
2322c437a4,40000,716,2284040,22840.4,101.12547050990472,1.1051568980820799e-18,0.0007496127305883784,0.00057985084709561,
2322c437a4,40000,717,2287230,22872.3,101.12547050990472,3.4052398749466437e-19,0.0007496127305883784,0.0005766406474253176,
2322c437a4,40000,718,2290420,22904.2,101.12547050990472,5.829114684763462e-19,0.0007496127305883784,0.0005331679856865606,
2322c437a4,40000,719,2293610,22936.1,101.12547050990472,3.5038590884105657e-19,0.0007496127305883784,0.0006388072634646448,
2322c437a4,40000,720,2296800,22968.0,101.12547050990472,1.0956669938145252e-17,0.0007496127305883784,0.0005853130663408195,
2322c437a4,40000,721,2299990,22999.9,101.12547050990472,1.6010670195143812e-18,0.0007496127305883784,0.0005668331739430005,
2322c437a4,40000,722,2303180,23031.8,101.12547050990472,3.6932302495437922e-19,0.0007496127305883784,0.0005134153127190005,
2322c437a4,40000,723,2306370,23063.7,101.12547050990472,4.515639872245535e-19,0.0007496127305883784,0.0006104480356798887,
2322c437a4,40000,724,2309560,23095.6,101.12547050990472,4.717279287085195e-19,0.0007496127305883784,0.0006581436827910869,
2322c437a4,40000,725,2312750,23127.5,101.12547050990472,7.22562916249395e-18,0.0007496127305883784,0.0005535742490678574,
2322c437a4,40000,726,2315940,23159.4,101.12547050990472,1.6922333543347607e-18,0.0007496127305883784,0.0005544691631770247,
2322c437a4,40000,727,2319130,23191.3,101.12547050990472,3.3710880871308074e-19,0.0007496127305883784,0.00059790428775756,
2322c437a4,40000,728,2322320,23223.2,101.12547050990472,5.010236581766789e-19,0.0007496127305883784,0.0005825776874059752,
2322c437a4,40000,729,2325510,23255.1,101.12547050990472,7.977940314508194e-19,0.0007496127305883784,0.0005939636135642272,
2322c437a4,40000,730,2328700,23287.0,101.12547050990472,6.582257417015272e-18,0.0007496127305883784,0.000603808667488568,
2322c437a4,40000,731,2331890,23318.9,101.12547050990472,1.7735369005595395e-18,0.0007496127305883784,0.0006057811973307424,
2322c437a4,40000,732,2335080,23350.8,101.12547050990472,6.787036306755357e-19,0.0007496127305883784,0.0005684027717712268,
2322c437a4,40000,733,2338270,23382.7,101.12547050990472,5.914565321353969e-19,0.0007496127305883784,0.0005745374882642015,
2322c437a4,40000,734,2341460,23414.6,101.12547050990472,6.605925647198162e-19,0.0007496127305883784,0.0005915423764603576,
2322c437a4,40000,735,2344650,23446.5,101.12547050990472,5.666016401011275e-19,0.0007496127305883784,0.0005548395476376309,
2322c437a4,40000,736,2347840,23478.4,101.12547050990472,5.700812388112662e-19,0.0007496127305883784,0.0005283808878730484,
2322c437a4,40000,737,2351030,23510.3,101.12547050990472,1.9015737399718642e-17,0.0007496127305883784,0.0005862279875275513,
2322c437a4,40000,738,2354220,23542.2,101.12547050990472,7.775527378857582e-18,0.0007496127305883784,0.00057685083312114,
2322c437a4,40000,739,2357410,23574.1,101.12547050990472,2.3325304378466552e-18,0.0007496127305883784,0.0005820849136029305,
2322c437a4,40000,740,2360600,23606.0,101.12547050990472,3.534616094493263e-19,0.0007496127305883784,0.0006358696066445439,
2322c437a4,40000,741,2363790,23637.9,101.12547050990472,4.0796787742026065e-19,0.0007496127305883784,0.0006048628358640819,
2322c437a4,40000,742,2366980,23669.8,101.12547050990472,3.341800836737517e-19,0.0007496127305883784,0.0005645608545388033,
2322c437a4,40000,743,2370170,23701.7,101.12547050990472,3.723654548641342e-19,0.0007496127305883784,0.0005748193397556653,
2322c437a4,40000,744,2373360,23733.6,101.12547050990472,8.956909096816374e-19,0.0007496127305883784,0.0006390490405994117,
2322c437a4,40000,745,2376550,23765.5,101.12547050990472,1.048057321795528e-18,0.0007496127305883784,0.0006597883179934998,
2322c437a4,40000,746,2379740,23797.4,101.12547050990472,4.670419006547492e-19,0.0007496127305883784,0.0005493659474117869,
2322c437a4,40000,747,2382930,23829.3,101.12547050990472,8.854583549366971e-18,0.0007496127305883784,0.0005929321806660731,
2322c437a4,40000,748,2386120,23861.2,101.12547050990472,2.399990564439554e-18,0.0007496127305883784,0.0005715740753022967,
2322c437a4,40000,749,2389310,23893.1,101.12547050990472,1.739462018923952e-17,0.0007496127305883784,0.0005614175407302273,
2322c437a4,40000,750,2392500,23925.0,101.12547050990472,1.5236114640679727e-18,0.0007496127305883784,0.0005532746894496472,
2322c437a4,40000,751,2395690,23956.9,101.12547050990472,6.338782147170606e-19,0.0007496127305883784,0.0006166882203821085,
2322c437a4,40000,752,2398880,23988.8,101.12547050990472,7.971075640929583e-18,0.0007496127305883784,0.0005864724185386465,
2322c437a4,40000,753,2402070,24020.7,101.12547050990472,1.988780243377244e-18,0.0007496127305883784,0.0006185687724246127,
2322c437a4,40000,754,2405260,24052.6,101.12547050990472,4.938464154484184e-19,0.0007496127305883784,0.0006121140814882637,
2322c437a4,40000,755,2408450,24084.5,101.12547050990472,3.7105125567535155e-19,0.0007496127305883784,0.000519991010947471,
2322c437a4,40000,756,2411640,24116.4,101.12547050990472,4.298380855167256e-19,0.0007496127305883784,0.0005260226384614311,
2322c437a4,40000,757,2414830,24148.3,101.12547050990472,3.448856124961233e-19,0.0007496127305883784,0.0005866738471325848,
2322c437a4,40000,758,2418020,24180.2,101.12547050990472,4.0634287639701555e-18,0.0007496127305883784,0.0005671130320563042,
2322c437a4,40000,759,2421210,24212.1,101.12547050990472,6.091717854390912e-19,0.0007496127305883784,0.0005937577980532061,
2322c437a4,40000,760,2424400,24244.0,101.12547050990472,3.56936018925097e-19,0.0007496127305883784,0.0005561820822279005,
2322c437a4,40000,761,2427590,24275.9,101.12547050990472,5.231923815930081e-19,0.0007496127305883784,0.0006329410618254071,
2322c437a4,40000,762,2430780,24307.8,101.12547050990472,3.5867765867809065e-19,0.0007496127305883784,0.0005910615546855755,
2322c437a4,40000,763,2433970,24339.7,101.12547050990472,3.446595358089333e-18,0.0007496127305883784,0.0005751044669057242,
2322c437a4,40000,764,2437160,24371.6,101.12547050990472,1.7452167416196275e-18,0.0007496127305883784,0.0006033732375934419,
2322c437a4,40000,765,2440350,24403.5,101.12547050990472,1.142006399101033e-18,0.0007496127305883784,0.0005762205045996948,
2322c437a4,40000,766,2443540,24435.4,101.12547050990472,9.260870260254344e-19,0.0007496127305883784,0.0006027051733237661,
2322c437a4,40000,767,2446730,24467.3,101.12547050990472,7.354134488482653e-18,0.0007496127305883784,0.0005720331721552595,
2322c437a4,40000,768,2449920,24499.2,101.12547050990472,1.5318685621113567e-17,0.0007496127305883784,0.0006013052514581372,
2322c437a4,40000,769,2453110,24531.1,101.12547050990472,9.74467836483068e-19,0.0007496127305883784,0.0005830523016173528,
2322c437a4,40000,770,2456300,24563.0,101.12547050990472,6.66654357373925e-18,0.0007496127305883784,0.0006206083849627383,
2322c437a4,40000,771,2459490,24594.9,101.12547050990472,2.7672345520870953e-18,0.0007496127305883784,0.0006053428798968928,
2322c437a4,40000,772,2462680,24626.8,101.12547050990472,4.949605647472872e-18,0.0007496127305883784,0.0006142128042956011,
2322c437a4,40000,773,2465870,24658.7,101.12547050990472,6.1602742015568485e-18,0.0007496127305883784,0.0006093323015252233,
2322c437a4,40000,774,2469060,24690.6,101.12547050990472,4.36874355997028e-18,0.0007496127305883784,0.0005991730859733318,
2322c437a4,40000,775,2472250,24722.5,101.12547050990472,5.1604537064500365e-18,0.0007496127305883784,0.0005927851563917451,
2322c437a4,40000,776,2475440,24754.4,101.12547050990472,2.901810290379085e-17,0.0007496127305883784,0.0005786515343923015,
2322c437a4,40000,777,2478630,24786.3,101.12547050990472,7.475722732884604e-18,0.0007496127305883784,0.0005209509283488461,
2322c437a4,40000,778,2481820,24818.2,101.12547050990472,3.14753152271694e-18,0.0007496127305883784,0.0005554940301468402,
2322c437a4,40000,779,2485010,24850.1,101.12547050990472,3.454292352326341e-18,0.0007496127305883784,0.000568750358135961,
2322c437a4,40000,780,2488200,24882.0,101.12547050990472,4.239616548063868e-18,0.0007496127305883784,0.0005784873386161544,
2322c437a4,40000,781,2491390,24913.9,101.12547050990472,8.881709910070328e-18,0.0007496127305883784,0.0006181774370507193,
2322c437a4,40000,782,2494580,24945.8,101.12547050990472,3.832441402741344e-18,0.0007496127305883784,0.0005422106212756958,
2322c437a4,40000,783,2497770,24977.7,101.12547050990472,4.651075895940342e-19,0.0007496127305883784,0.0006335912386984685,
2322c437a4,40000,784,2500960,25009.6,101.12547050990472,5.95134548053373e-19,0.0007496127305883784,0.0005906623331699503,
2322c437a4,40000,785,2504150,25041.5,101.12547050990472,6.897071069209206e-18,0.0007496127305883784,0.000578906286767911,
2322c437a4,40000,786,2507340,25073.4,101.12547050990472,3.4543984817650078e-18,0.0007496127305883784,0.0005714224954437958,
2322c437a4,40000,787,2510530,25105.3,101.12547050990472,3.044365089935057e-18,0.0007496127305883784,0.0006181499004842985,
2322c437a4,40000,788,2513720,25137.2,101.12547050990472,1.6234534187601912e-18,0.0007496127305883784,0.0005462904758231107,
2322c437a4,40000,789,2516910,25169.1,101.12547050990472,3.5388360929757197e-19,0.0007496127305883784,0.0005703677664036709,
2322c437a4,40000,790,2520100,25201.0,101.12547050990472,6.8477782925710206e-18,0.0007496127305883784,0.0005957565661546904,
2322c437a4,40000,791,2523290,25232.9,101.12547050990472,3.349903759835052e-18,0.0007496127305883784,0.0006392969900123427,
2322c437a4,40000,792,2526480,25264.8,101.12547050990472,6.8340269105253176e-18,0.0007496127305883784,0.0005467974604326272,
2322c437a4,40000,793,2529670,25296.7,101.12547050990472,4.697960161713935e-18,0.0007496127305883784,0.0006085060043316125,
2322c437a4,40000,794,2532860,25328.6,101.12547050990472,1.7046950872425779e-18,0.0007496127305883784,0.000630461870407431,
2322c437a4,40000,795,2536050,25360.5,101.12547050990472,4.7842945493233775e-18,0.0007496127305883784,0.0005659940077292366,
2322c437a4,40000,796,2539240,25392.4,101.12547050990472,2.432604648582876e-18,0.0007496127305883784,0.0005791361322398564,
2322c437a4,40000,797,2542430,25424.3,101.12547050990472,5.0793846105999506e-18,0.0007496127305883784,0.0005957087635945922,
2322c437a4,40000,798,2545620,25456.2,101.12547050990472,2.3236646703049762e-18,0.0007496127305883784,0.0005969027044710476,
2322c437a4,40000,799,2548810,25488.1,101.12547050990472,1.098035589497292e-18,0.0007496127305883784,0.0005871792541565648,
2322c437a4,40000,800,2552000,25520.0,101.12547050990472,1.1922073485073114e-17,0.0007496127305883784,0.0005824586341051037,
2322c437a4,40000,801,2555190,25551.9,101.12547050990472,6.873500672006815e-19,0.0007496127305883784,0.0005046569781865739,
2322c437a4,40000,802,2558380,25583.8,101.12547050990472,3.910403213330118e-19,0.0007496127305883784,0.0005164813212321752,
2322c437a4,40000,803,2561570,25615.7,101.12547050990472,3.7068894948257407e-19,0.0007496127305883784,0.0005401151771532154,
2322c437a4,40000,804,2564760,25647.6,101.12547050990472,6.035825052680435e-19,0.0007496127305883784,0.000596357194474696,
2322c437a4,40000,805,2567950,25679.5,101.12547050990472,3.829357155826975e-19,0.0007496127305883784,0.0005388163839754925,
2322c437a4,40000,806,2571140,25711.4,101.12547050990472,1.7138004906378612e-17,0.0007496127305883784,0.0005636801141661084,
2322c437a4,40000,807,2574330,25743.3,101.12547050990472,3.43484880028807e-18,0.0007496127305883784,0.0005764558375537554,
2322c437a4,40000,808,2577520,25775.2,101.12547050990472,8.147928931373036e-18,0.0007496127305883784,0.0005795637857604073,
2322c437a4,40000,809,2580710,25807.1,101.12547050990472,1.8700598612818093e-18,0.0007496127305883784,0.000591669551178407,
2322c437a4,40000,810,2583900,25839.0,101.12547050990472,4.1012049199233e-19,0.0007496127305883784,0.0006010824929486135,
2322c437a4,40000,811,2587090,25870.9,101.12547050990472,7.178837193372481e-19,0.0007496127305883784,0.0005985825123519472,
2322c437a4,40000,812,2590280,25902.8,101.12547050990472,4.415108667445692e-19,0.0007496127305883784,0.0005985332336371993,
2322c437a4,40000,813,2593470,25934.7,101.12547050990472,4.2580675878275227e-19,0.0007496127305883784,0.0006322341352891308,
2322c437a4,40000,814,2596660,25966.6,101.12547050990472,5.1232831706421025e-19,0.0007496127305883784,0.0005513626356429875,
2322c437a4,40000,815,2599850,25998.5,101.12547050990472,6.177166367372412e-18,0.0007496127305883784,0.000534487462160984,
2322c437a4,40000,816,2603040,26030.4,101.12547050990472,3.704619231962947e-19,0.0007496127305883784,0.0005949405890978952,
2322c437a4,40000,817,2606230,26062.3,101.12547050990472,4.341599905865708e-19,0.0007496127305883784,0.0006346144211629007,
2322c437a4,40000,818,2609420,26094.2,101.12547050990472,4.47342837193952e-19,0.0007496127305883784,0.0006091236917714621,
2322c437a4,40000,819,2612610,26126.1,101.12547050990472,1.3885391457547363e-17,0.0007496127305883784,0.0006099825698658551,
2322c437a4,40000,820,2615800,26158.0,101.12547050990472,3.8330987189218034e-18,0.0007496127305883784,0.000549695782273172,
2322c437a4,40000,821,2618990,26189.9,101.12547050990472,1.3716192787002368e-17,0.0007496127305883784,0.0006234782169800396,
2322c437a4,40000,822,2622180,26221.8,101.12547050990472,2.9756838908909522e-18,0.0007496127305883784,0.0005962882831707702,
2322c437a4,40000,823,2625370,26253.7,101.12547050990472,3.685308123067628e-18,0.0007496127305883784,0.000570676010369089,
2322c437a4,40000,824,2628560,26285.6,101.12547050990472,3.40823435079907e-18,0.0007496127305883784,0.0006237652862838785,
2322c437a4,40000,825,2631750,26317.5,101.12547050990472,6.826757076867751e-18,0.0007496127305883784,0.0006198858724514368,
2322c437a4,40000,826,2634940,26349.4,101.12547050990472,4.5212660613328195e-18,0.0007496127305883784,0.0005330806052640735,
2322c437a4,40000,827,2638130,26381.3,101.12547050990472,1.3384103492140186e-17,0.0007496127305883784,0.0006129504440355558,
2322c437a4,40000,828,2641320,26413.2,101.12547050990472,3.520983404147449e-18,0.0007496127305883784,0.0006156586734840523,
2322c437a4,40000,829,2644510,26445.1,101.12547050990472,3.4016275739703517e-18,0.0007496127305883784,0.0006153590464351953,
2322c437a4,40000,830,2647700,26477.0,101.12547050990472,3.324745041250601e-18,0.0007496127305883784,0.0005631740969438535,
2322c437a4,40000,831,2650890,26508.9,101.12547050990472,3.4713535814691095e-18,0.0007496127305883784,0.0005660371551980245,
2322c437a4,40000,832,2654080,26540.8,101.12547050990472,2.875520207862684e-18,0.0007496127305883784,0.0006663489409939101,
2322c437a4,40000,833,2657270,26572.7,101.12547050990472,1.6973134045961536e-18,0.0007496127305883784,0.0006121378278370262,
2322c437a4,40000,834,2660460,26604.6,101.12547050990472,1.6965003220905745e-18,0.0007496127305883784,0.0005611445747711114,
2322c437a4,40000,835,2663650,26636.5,101.12547050990472,3.078840592961903e-18,0.0007496127305883784,0.0006207323179821721,
2322c437a4,40000,836,2666840,26668.4,101.12547050990472,1.6951017816283727e-18,0.0007496127305883784,0.0005768060462494056,
2322c437a4,40000,837,2670030,26700.3,101.12547050990472,2.4072763430235984e-18,0.0007496127305883784,0.0005555906766664811,
2322c437a4,40000,838,2673220,26732.2,101.12547050990472,9.207085014848836e-19,0.0007496127305883784,0.0005422925170815752,
2322c437a4,40000,839,2676410,26764.1,101.12547050990472,6.052524677771964e-19,0.0007496127305883784,0.0006568012846262969,
2322c437a4,40000,840,2679600,26796.0,101.12547050990472,5.119688231569023e-19,0.0007496127305883784,0.0006046670215995726,
2322c437a4,40000,841,2682790,26827.9,101.12547050990472,1.6941347477868897e-18,0.0007496127305883784,0.0005728915766378093,
2322c437a4,40000,842,2685980,26859.8,101.12547050990472,1.6936319527171212e-18,0.0007496127305883784,0.000563539222619601,
2322c437a4,40000,843,2689170,26891.7,101.12547050990472,7.880928249704424e-19,0.0007496127305883784,0.0005698829291807487,
2322c437a4,40000,844,2692360,26923.6,101.12547050990472,9.934254885378263e-19,0.0007496127305883784,0.0005501659423198192,
2322c437a4,40000,845,2695550,26955.5,101.12547050990472,5.806697015834895e-19,0.0007496127305883784,0.0005945076171103549,
2322c437a4,40000,846,2698740,26987.4,101.12547050990472,8.954473715424874e-19,0.0007496127305883784,0.0006293130436697569,
2322c437a4,40000,847,2701930,27019.3,101.12547050990472,3.64354875961984e-19,0.0007496127305883784,0.0005979079527454157,
2322c437a4,40000,848,2705120,27051.2,101.12547050990472,7.979006465639873e-18,0.0007496127305883784,0.0005940726931899336,
2322c437a4,40000,849,2708310,27083.1,101.12547050990472,5.462682086418077e-19,0.0007496127305883784,0.000589473745056142,
2322c437a4,40000,850,2711500,27115.0,101.12547050990472,4.528198140606698e-19,0.0007496127305883784,0.0006012001238116474,
2322c437a4,40000,851,2714690,27146.9,101.12547050990472,6.304785253999543e-19,0.0007496127305883784,0.0006188938685323203,
2322c437a4,40000,852,2717880,27178.8,101.12547050990472,2.7424777653796313e-17,0.0007496127305883784,0.0005886972072236566,
2322c437a4,40000,853,2721070,27210.7,101.12547050990472,3.2509418942404457e-18,0.0007496127305883784,0.0005814749911180391,
2322c437a4,40000,854,2724260,27242.6,101.12547050990472,2.0103157098439167e-17,0.0007496127305883784,0.0005378433543857272,
2322c437a4,40000,855,2727450,27274.5,101.12547050990472,1.9482058945508858e-18,0.0007496127305883784,0.0005433786732133014,
2322c437a4,40000,856,2730640,27306.4,101.12547050990472,1.3560648952850525e-18,0.0007496127305883784,0.0005661667265667306,
2322c437a4,40000,857,2733830,27338.3,101.12547050990472,1.2790602942993702e-18,0.0007496127305883784,0.000617451337048399,
2322c437a4,40000,858,2737020,27370.2,101.12547050990472,9.766429560794156e-19,0.0007496127305883784,0.0005971909119948213,
2322c437a4,40000,859,2740210,27402.1,101.12547050990472,8.984497275293654e-19,0.0007496127305883784,0.00055018677711036,
2322c437a4,40000,860,2743400,27434.0,101.12547050990472,8.483522488679443e-19,0.0007496127305883784,0.0006487199207004409,
2322c437a4,40000,861,2746590,27465.9,101.12547050990472,9.037057423173512e-19,0.0007496127305883784,0.000507125728276063,
2322c437a4,40000,862,2749780,27497.8,101.12547050990472,9.548728031864119e-19,0.0007496127305883784,0.0005392464769967581,
2322c437a4,40000,863,2752970,27529.7,101.12547050990472,1.1805187846533142e-18,0.0007496127305883784,0.0005895799280146539,
2322c437a4,40000,864,2756160,27561.6,101.12547050990472,1.6324007856720275e-18,0.0007496127305883784,0.0005922885797505372,
2322c437a4,40000,865,2759350,27593.5,101.12547050990472,1.062891716050648e-18,0.0007496127305883784,0.0005921995423657587,
2322c437a4,40000,866,2762540,27625.4,101.12547050990472,1.352846355835714e-18,0.0007496127305883784,0.000597702654572377,
2322c437a4,40000,867,2765730,27657.3,101.12547050990472,1.7346166804744526e-18,0.0007496127305883784,0.0005258867777957463,
2322c437a4,40000,868,2768920,27689.2,101.12547050990472,7.846188510356365e-19,0.0007496127305883784,0.000557804868030068,
2322c437a4,40000,869,2772110,27721.1,101.12547050990472,8.059993945244302e-18,0.0007496127305883784,0.0005597852371308012,
2322c437a4,40000,870,2775300,27753.0,101.12547050990472,1.8446803105591148e-18,0.0007496127305883784,0.0005813066677321684,
2322c437a4,40000,871,2778490,27784.9,101.12547050990472,1.551902600540573e-18,0.0007496127305883784,0.000590889207017557,
2322c437a4,40000,872,2781680,27816.8,101.12547050990472,5.37286688816991e-19,0.0007496127305883784,0.0005574820908873433,
2322c437a4,40000,873,2784870,27848.7,101.12547050990472,4.068326736802852e-19,0.0007496127305883784,0.000632388591520627,
2322c437a4,40000,874,2788060,27880.6,101.12547050990472,4.1475537879260704e-19,0.0007496127305883784,0.0006056113884191012,
2322c437a4,40000,875,2791250,27912.5,101.12547050990472,3.415466411384891e-18,0.0007496127305883784,0.0005982775057833682,
2322c437a4,40000,876,2794440,27944.4,101.12547050990472,3.731018112019694e-18,0.0007496127305883784,0.0005450630513797697,
2322c437a4,40000,877,2797630,27976.3,101.12547050990472,4.521563079711635e-19,0.0007496127305883784,0.0005776644110309823,
2322c437a4,40000,878,2800820,28008.2,101.12547050990472,3.5478560337243787e-19,0.0007496127305883784,0.0006308593208748109,
2322c437a4,40000,879,2804010,28040.1,101.12547050990472,2.0944144244240843e-18,0.0007496127305883784,0.0005861150613554528,
2322c437a4,40000,880,2807200,28072.0,101.12547050990472,3.4071451941213718e-18,0.0007496127305883784,0.0005632470333703948,
2322c437a4,40000,881,2810390,28103.9,101.12547050990472,1.2080591427044056e-18,0.0007496127305883784,0.0005752712082691415,
2322c437a4,40000,882,2813580,28135.8,101.12547050990472,1.7012492270402046e-18,0.0007496127305883784,0.0005987186672901645,
2322c437a4,40000,883,2816770,28167.7,101.12547050990472,1.4639660040320508e-18,0.0007496127305883784,0.0005935601996071873,
2322c437a4,40000,884,2819960,28199.6,101.12547050990472,7.647258539236145e-19,0.0007496127305883784,0.0005959873141407489,
2322c437a4,40000,885,2823150,28231.5,101.12547050990472,8.948889044967168e-18,0.0007496127305883784,0.0006476244989904724,
2322c437a4,40000,886,2826340,28263.4,101.12547050990472,3.791929693321277e-18,0.0007496127305883784,0.0006043566524409737,
2322c437a4,40000,887,2829530,28295.3,101.12547050990472,4.2950984280305724e-19,0.0007496127305883784,0.0005862340917711978,
2322c437a4,40000,888,2832720,28327.2,101.12547050990472,4.040669582008604e-19,0.0007496127305883784,0.0005553562432834168,
2322c437a4,40000,889,2835910,28359.1,101.12547050990472,4.080379944609144e-18,0.0007496127305883784,0.0005955839612297841,
2322c437a4,40000,890,2839100,28391.0,101.12547050990472,3.6595506406163423e-19,0.0007496127305883784,0.0005921253390748491,
2322c437a4,40000,891,2842290,28422.9,101.12547050990472,1.6977451352636373e-18,0.0007496127305883784,0.0005788991334944911,
2322c437a4,40000,892,2845480,28454.8,101.12547050990472,2.070262439262536e-18,0.0007496127305883784,0.0005910701661152394,
2322c437a4,40000,893,2848670,28486.7,101.12547050990472,3.509975426321532e-19,0.0007496127305883784,0.0005783617215316258,
2322c437a4,40000,894,2851860,28518.6,101.12547050990472,1.2277098262920247e-18,0.0007496127305883784,0.0005380425915874129,
2322c437a4,40000,895,2855050,28550.5,101.12547050990472,4.622121566843006e-19,0.0007496127305883784,0.0006126508612290598,
2322c437a4,40000,896,2858240,28582.4,101.12547050990472,1.6961774932604315e-18,0.0007496127305883784,0.0006183717978983918,
2322c437a4,40000,897,2861430,28614.3,101.12547050990472,2.6257996450278602e-18,0.0007496127305883784,0.0005862668231793874,
2322c437a4,40000,898,2864620,28646.2,101.12547050990472,6.5571394472290245e-19,0.0007496127305883784,0.0005546037061462651,
2322c437a4,40000,899,2867810,28678.1,101.12547050990472,6.930883725702377e-19,0.0007496127305883784,0.0005680298726384481,
2322c437a4,40000,900,2871000,28710.0,101.12547050990472,4.540364138689758e-19,0.0007496127305883784,0.0005947968551983049,
2322c437a4,40000,901,2874190,28741.9,101.12547050990472,1.6949561153217474e-18,0.0007496127305883784,0.000615647958617256,
2322c437a4,40000,902,2877380,28773.8,101.12547050990472,1.502944790714583e-18,0.0007496127305883784,0.0005791729057216491,
2322c437a4,40000,903,2880570,28805.7,101.12547050990472,3.9754861768253096e-19,0.0007496127305883784,0.0005931631682774908,
2322c437a4,40000,904,2883760,28837.6,101.12547050990472,4.975502526239818e-19,0.0007496127305883784,0.0006253925836515522,
2322c437a4,40000,905,2886950,28869.5,101.12547050990472,1.486950252310191e-18,0.0007496127305883784,0.0005781782661075495,
2322c437a4,40000,906,2890140,28901.4,101.12547050990472,7.822380660543933e-19,0.0007496127305883784,0.000547898224261566,
2322c437a4,40000,907,2893330,28933.3,101.12547050990472,7.409763037886279e-19,0.0007496127305883784,0.0005872849274859489,
2322c437a4,40000,908,2896520,28965.2,101.12547050990472,9.048491235408281e-19,0.0007496127305883784,0.0005615823820383858,
2322c437a4,40000,909,2899710,28997.1,101.12547050990472,7.440067737362288e-19,0.0007496127305883784,0.0006198046187010723,
2322c437a4,40000,910,2902900,29029.0,101.12547050990472,3.708862881283425e-18,0.0007496127305883784,0.0005887807033352352,
2322c437a4,40000,911,2906090,29060.9,101.12547050990472,4.583003347242176e-19,0.0007496127305883784,0.0005819252878616611,
2322c437a4,40000,912,2909280,29092.8,101.12547050990472,9.321545546170714e-18,0.0007496127305883784,0.0006008349823922965,
2322c437a4,40000,913,2912470,29124.7,101.12547050990472,4.0258666289924095e-18,0.0007496127305883784,0.0005808258045783459,
2322c437a4,40000,914,2915660,29156.6,101.12547050990472,2.737273789641757e-18,0.0007496127305883784,0.000577860758689524,
2322c437a4,40000,915,2918850,29188.5,101.12547050990472,1.2235405817244505e-18,0.0007496127305883784,0.0006185828404209895,
2322c437a4,40000,916,2922040,29220.4,101.12547050990472,4.806953737241274e-18,0.0007496127305883784,0.0005564172318519706,
2322c437a4,40000,917,2925230,29252.3,101.12547050990472,1.7062423804224917e-18,0.0007496127305883784,0.0005624566472824524,
2322c437a4,40000,918,2928420,29284.2,101.12547050990472,4.957242744510666e-19,0.0007496127305883784,0.0006396357005049179,
2322c437a4,40000,919,2931610,29316.1,101.12547050990472,6.436233311741984e-19,0.0007496127305883784,0.0005641957490973592,
2322c437a4,40000,920,2934800,29348.0,101.12547050990472,4.007684260302706e-19,0.0007496127305883784,0.0005902196157605915,
2322c437a4,40000,921,2937990,29379.9,101.12547050990472,4.1575717808671203e-19,0.0007496127305883784,0.0005674474938175414,
2322c437a4,40000,922,2941180,29411.8,101.12547050990472,3.9178776889758854e-19,0.0007496127305883784,0.0005391541059247485,
2322c437a4,40000,923,2944370,29443.7,101.12547050990472,1.3981673184549053e-17,0.0007496127305883784,0.0006065834354187608,
2322c437a4,40000,924,2947560,29475.6,101.12547050990472,4.9942196265865524e-18,0.0007496127305883784,0.0006409421303860183,
2322c437a4,40000,925,2950750,29507.5,101.12547050990472,1.6171046550830347e-18,0.0007496127305883784,0.0005210523241819811,
2322c437a4,40000,926,2953940,29539.4,101.12547050990472,3.7138780078302397e-19,0.0007496127305883784,0.0005761412822299293,
2322c437a4,40000,927,2957130,29571.3,101.12547050990472,6.312525220770974e-19,0.0007496127305883784,0.0005816803938757084,
2322c437a4,40000,928,2960320,29603.2,101.12547050990472,9.330988829876508e-19,0.0007496127305883784,0.0005941776853927227,
2322c437a4,40000,929,2963510,29635.1,101.12547050990472,7.713303161365618e-19,0.0007496127305883784,0.000608789407290793,
2322c437a4,40000,930,2966700,29667.0,101.12547050990472,3.644548606782774e-19,0.0007496127305883784,0.0004972370167595695,
2322c437a4,40000,931,2969890,29698.9,101.12547050990472,1.2631782997417844e-17,0.0007496127305883784,0.0005939221041614547,
2322c437a4,40000,932,2973080,29730.8,101.12547050990472,4.0309238877624157e-19,0.0007496127305883784,0.0005745670152173964,
2322c437a4,40000,933,2976270,29762.7,101.12547050990472,1.7311909175715849e-18,0.0007496127305883784,0.0005564447987968183,
2322c437a4,40000,934,2979460,29794.6,101.12547050990472,1.2563003578375085e-18,0.0007496127305883784,0.0005577860779519428,
2322c437a4,40000,935,2982650,29826.5,101.12547050990472,5.677602145249529e-19,0.0007496127305883784,0.0005666894457772422,
2322c437a4,40000,936,2985840,29858.4,101.12547050990472,7.122220026290738e-19,0.0007496127305883784,0.0006179995947842575,
2322c437a4,40000,937,2989030,29890.3,101.12547050990472,1.5534928562770104e-17,0.0007496127305883784,0.0005479915364991458,
2322c437a4,40000,938,2992220,29922.2,101.12547050990472,3.4049712223249446e-18,0.0007496127305883784,0.0005565480618030163,
2322c437a4,40000,939,2995410,29954.1,101.12547050990472,3.8679080182174545e-18,0.0007496127305883784,0.000526038221565693,
2322c437a4,40000,940,2998600,29986.0,101.12547050990472,4.150514147468456e-19,0.0007496127305883784,0.000520678075960481,
2322c437a4,40000,941,3001790,30017.9,101.12547050990472,6.700951957511153e-19,0.0007496127305883784,0.0005486231780476262,
2322c437a4,40000,942,3004980,30049.8,101.12547050990472,4.509348908508276e-19,0.0007496127305883784,0.0005621741499236591,
2322c437a4,40000,943,3008170,30081.7,101.12547050990472,4.739124407616905e-19,0.0007496127305883784,0.0005183274682306334,
2322c437a4,40000,944,3011360,30113.6,101.12547050990472,5.355944201125169e-19,0.0007496127305883784,0.0006000136539029397,
2322c437a4,40000,945,3014550,30145.5,101.12547050990472,3.5119989066110675e-19,0.0007496127305883784,0.0006191605411211722,
2322c437a4,40000,946,3017740,30177.4,101.12547050990472,3.3634432467011755e-19,0.0007496127305883784,0.0006079947712057378,
2322c437a4,40000,947,3020930,30209.3,101.12547050990472,5.045982862002989e-19,0.0007496127305883784,0.0005117545130961902,
2322c437a4,40000,948,3024120,30241.2,101.12547050990472,5.778288555641907e-19,0.0007496127305883784,0.0005968858788184688,
2322c437a4,40000,949,3027310,30273.1,101.12547050990472,5.417273504748639e-19,0.0007496127305883784,0.0006136065195132175,
2322c437a4,40000,950,3030500,30305.0,101.12547050990472,5.828045347830055e-19,0.0007496127305883784,0.0005904242366183999,
2322c437a4,40000,951,3033690,30336.9,101.12547050990472,4.584938867622978e-19,0.0007496127305883784,0.0005208829378200181,
2322c437a4,40000,952,3036880,30368.8,101.12547050990472,6.304238760918373e-19,0.0007496127305883784,0.0005713895013559269,
2322c437a4,40000,953,3040070,30400.7,101.12547050990472,5.950288930131175e-19,0.0007496127305883784,0.0005829165974224458,
2322c437a4,40000,954,3043260,30432.6,101.12547050990472,6.689691208211808e-19,0.0007496127305883784,0.0005620754507116748,
2322c437a4,40000,955,3046450,30464.5,101.12547050990472,6.148553736280924e-19,0.0007496127305883784,0.0005591227876724714,
2322c437a4,40000,956,3049640,30496.4,101.12547050990472,7.773822395013943e-19,0.0007496127305883784,0.000586706980268254,
2322c437a4,40000,957,3052830,30528.3,101.12547050990472,4.110529852217742e-19,0.0007496127305883784,0.0005805196860184054,
2322c437a4,40000,958,3056020,30560.2,101.12547050990472,7.961889792890482e-18,0.0007496127305883784,0.0006185320489106441,
2322c437a4,40000,959,3059210,30592.1,101.12547050990472,9.011046791076974e-19,0.0007496127305883784,0.0006301759269043713,
2322c437a4,40000,960,3062400,30624.0,101.12547050990472,4.39631151320937e-19,0.0007496127305883784,0.0005765829436814534,
2322c437a4,40000,961,3065590,30655.9,101.12547050990472,4.536866878919353e-19,0.0007496127305883784,0.0005606236347646908,
2322c437a4,40000,962,3068780,30687.8,101.12547050990472,4.3084319510417126e-19,0.0007496127305883784,0.0006388764826105719,
2322c437a4,40000,963,3071970,30719.7,101.12547050990472,5.998390082775736e-19,0.0007496127305883784,0.0005850387806772613,
2322c437a4,40000,964,3075160,30751.6,101.12547050990472,4.2492894057283266e-19,0.0007496127305883784,0.0005945241001613685,
2322c437a4,40000,965,3078350,30783.5,101.12547050990472,6.875245455505773e-18,0.0007496127305883784,0.0006174883977895062,
2322c437a4,40000,966,3081540,30815.4,101.12547050990472,3.149343874109664e-18,0.0007496127305883784,0.0005914829482695131,
2322c437a4,40000,967,3084730,30847.3,101.12547050990472,1.3152713138850743e-17,0.0007496127305883784,0.0006201744640937151,
2322c437a4,40000,968,3087920,30879.2,101.12547050990472,5.20761332288595e-18,0.0007496127305883784,0.0006339208945119328,
2322c437a4,40000,969,3091110,30911.1,101.12547050990472,4.5681047914013624e-18,0.0007496127305883784,0.0006050018203543829,
2322c437a4,40000,970,3094300,30943.0,101.12547050990472,9.864977772058804e-18,0.0007496127305883784,0.0006401285926678964,
2322c437a4,40000,971,3097490,30974.9,101.12547050990472,4.863602015475714e-18,0.0007496127305883784,0.0006134853813723209,
2322c437a4,40000,972,3100680,31006.8,101.12547050990472,2.198696517401864e-18,0.0007496127305883784,0.0006037936569162048,
2322c437a4,40000,973,3103870,31038.7,101.12547050990472,6.8145494558023274e-18,0.0007496127305883784,0.00053698442436251,
2322c437a4,40000,974,3107060,31070.6,101.12547050990472,6.091454669964245e-18,0.0007496127305883784,0.000468922063932312,
2322c437a4,40000,975,3110250,31102.5,101.12547050990472,6.804578859654948e-18,0.0007496127305883784,0.0006366586507323393,
2322c437a4,40000,976,3113440,31134.4,101.12547050990472,1.1230414206083189e-17,0.0007496127305883784,0.0006244716689990785,
2322c437a4,40000,977,3116630,31166.3,101.12547050990472,5.161016967911915e-18,0.0007496127305883784,0.0006166348731780407,
2322c437a4,40000,978,3119820,31198.2,101.12547050990472,3.823480348178561e-18,0.0007496127305883784,0.0006155943711636516,
2322c437a4,40000,979,3123010,31230.1,101.12547050990472,5.97750998847155e-18,0.0007496127305883784,0.0005883521164424662,
2322c437a4,40000,980,3126200,31262.0,101.12547050990472,3.3416288656477404e-18,0.0007496127305883784,0.0005484017401443598,
2322c437a4,40000,981,3129390,31293.9,101.12547050990472,3.2926477306416168e-18,0.0007496127305883784,0.0006070311559687219,
2322c437a4,40000,982,3132580,31325.8,101.12547050990472,1.6288841491118443e-18,0.0007496127305883784,0.0005735796727826158,
2322c437a4,40000,983,3135770,31357.7,101.12547050990472,6.286105023111396e-19,0.0007496127305883784,0.0005855642303918394,
2322c437a4,40000,984,3138960,31389.6,101.12547050990472,1.786729241470707e-18,0.0007496127305883784,0.0005996577245754232,
2322c437a4,40000,985,3142150,31421.5,101.12547050990472,4.6102231085237895e-19,0.0007496127305883784,0.0005328275490075051,
2322c437a4,40000,986,3145340,31453.4,101.12547050990472,5.842201359186787e-19,0.0007496127305883784,0.0005343494983523223,
2322c437a4,40000,987,3148530,31485.3,101.12547050990472,6.874080178526024e-18,0.0007496127305883784,0.0006011135530849436,
2322c437a4,40000,988,3151720,31517.2,101.12547050990472,3.4677587459723315e-18,0.0007496127305883784,0.0005710736959991748,
2322c437a4,40000,989,3154910,31549.1,101.12547050990472,1.561316511844683e-18,0.0007496127305883784,0.0005601597627273246,
2322c437a4,40000,990,3158100,31581.0,101.12547050990472,3.4249973351696643e-18,0.0007496127305883784,0.0005834886534760216,
2322c437a4,40000,991,3161290,31612.9,101.12547050990472,1.3830215378179176e-18,0.0007496127305883784,0.0005299085611510199,
2322c437a4,40000,992,3164480,31644.8,101.12547050990472,4.203958612978695e-18,0.0007496127305883784,0.0005332445434731621,
2322c437a4,40000,993,3167670,31676.7,101.12547050990472,5.293383593399238e-19,0.0007496127305883784,0.000498671562282218,
2322c437a4,40000,994,3170860,31708.6,101.12547050990472,6.721701124425333e-19,0.0007496127305883784,0.000595610508589895,
2322c437a4,40000,995,3174050,31740.5,101.12547050990472,4.074163770283565e-19,0.0007496127305883784,0.0005799304434872894,
2322c437a4,40000,996,3177240,31772.4,101.12547050990472,1.2141111321689302e-18,0.0007496127305883784,0.0005652978674683195,
2322c437a4,40000,997,3180430,31804.3,101.12547050990472,4.822948880673703e-19,0.0007496127305883784,0.0006292736186227411,
2322c437a4,40000,998,3183620,31836.2,101.12547050990472,7.497676856576269e-19,0.0007496127305883784,0.00061387294407739,
2322c437a4,40000,999,3186810,31868.1,101.12547050990472,4.644669706308053e-19,0.0007496127305883784,0.000527148392001865,
2322c437a4,40000,1000,3190000,31900.0,101.12547050990472,4.896985916737003e-19,0.0007496127305883784,0.0005057415995489551,
2322c437a4,40000,1001,3193190,31931.9,101.12547050990472,4.2959719244698553e-19,0.0007496127305883784,0.0005894672918938172,
2322c437a4,40000,1002,3196380,31963.8,101.12547050990472,9.767809601352989e-19,0.0007496127305883784,0.0006464007454440824,
2322c437a4,40000,1003,3199570,31995.7,101.12547050990472,4.404920064698519e-19,0.0007496127305883784,0.0005645189236860076,
2322c437a4,40000,1004,3202760,32027.6,101.12547050990472,8.150301073828272e-19,0.0007496127305883784,0.0005147574260480568,
2322c437a4,40000,1005,3205950,32059.5,101.12547050990472,5.694639828389335e-19,0.0007496127305883784,0.000530076953134079,
2322c437a4,40000,1006,3209140,32091.4,101.12547050990472,6.019620317856518e-19,0.0007496127305883784,0.0005536888189332887,
2322c437a4,40000,1007,3212330,32123.3,101.12547050990472,1.721740291090491e-18,0.0007496127305883784,0.000591342563304503,
2322c437a4,40000,1008,3215520,32155.2,101.12547050990472,8.738097278053316e-19,0.0007496127305883784,0.000627303066780037,
2322c437a4,40000,1009,3218710,32187.1,101.12547050990472,6.095437934715835e-19,0.0007496127305883784,0.0005732648068291323,
2322c437a4,40000,1010,3221900,32219.0,101.12547050990472,5.995341946010942e-19,0.0007496127305883784,0.0005910066765868076,
2322c437a4,40000,1011,3225090,32250.9,101.12547050990472,6.598800945552002e-19,0.0007496127305883784,0.0005084220798907961,
2322c437a4,40000,1012,3228280,32282.8,101.12547050990472,5.683277575072996e-19,0.0007496127305883784,0.000623693035207449,
2322c437a4,40000,1013,3231470,32314.7,101.12547050990472,9.52412914414236e-19,0.0007496127305883784,0.0005963120254647462,
2322c437a4,40000,1014,3234660,32346.6,101.12547050990472,8.571983890448323e-19,0.0007496127305883784,0.0006196091555731821,
2322c437a4,40000,1015,3237850,32378.5,101.12547050990472,1.5832777845367918e-18,0.0007496127305883784,0.0005484065984784763,
2322c437a4,40000,1016,3241040,32410.4,101.12547050990472,3.7634907509996424e-19,0.0007496127305883784,0.000611449269524888,
2322c437a4,40000,1017,3244230,32442.3,101.12547050990472,7.036472801571346e-19,0.0007496127305883784,0.0005752360696724584,
2322c437a4,40000,1018,3247420,32474.2,101.12547050990472,6.106388101232924e-19,0.0007496127305883784,0.0006366913419821362,
2322c437a4,40000,1019,3250610,32506.1,101.12547050990472,5.609668573629627e-19,0.0007496127305883784,0.0005517190733036769,
2322c437a4,40000,1020,3253800,32538.0,101.12547050990472,5.259788154225225e-18,0.0007496127305883784,0.00048363226478292763,
2322c437a4,40000,1021,3256990,32569.9,101.12547050990472,6.306703350268543e-18,0.0007496127305883784,0.0006245535956061439,
2322c437a4,40000,1022,3260180,32601.8,101.12547050990472,1.5069349694593122e-18,0.0007496127305883784,0.0005882091759429484,
2322c437a4,40000,1023,3263370,32633.7,101.12547050990472,1.5701369759663821e-18,0.0007496127305883784,0.0005781313712268303,
2322c437a4,40000,1024,3266560,32665.6,101.12547050990472,4.750535710459596e-19,0.0007496127305883784,0.0006323141669249342,
2322c437a4,40000,1025,3269750,32697.5,101.12547050990472,9.217922289114216e-19,0.0007496127305883784,0.0006281911611054317,
2322c437a4,40000,1026,3272940,32729.4,101.12547050990472,5.559466529564431e-19,0.0007496127305883784,0.0006011167263823479,
2322c437a4,40000,1027,3276130,32761.3,101.12547050990472,1.7220241028441539e-18,0.0007496127305883784,0.00059535428540505,
2322c437a4,40000,1028,3279320,32793.2,101.12547050990472,9.14377103114798e-19,0.0007496127305883784,0.0005691459860527479,
2322c437a4,40000,1029,3282510,32825.1,101.12547050990472,7.832525431485427e-19,0.0007496127305883784,0.0005724088564201783,
2322c437a4,40000,1030,3285700,32857.0,101.12547050990472,9.754868645052623e-18,0.0007496127305883784,0.0005336229888567039,
2322c437a4,40000,1031,3288890,32888.9,101.12547050990472,3.6882498554162224e-18,0.0007496127305883784,0.0006035306081582005,
2322c437a4,40000,1032,3292080,32920.8,101.12547050990472,4.606553138761794e-19,0.0007496127305883784,0.0006343062983482145,
2322c437a4,40000,1033,3295270,32952.7,101.12547050990472,4.051071145445108e-19,0.0007496127305883784,0.0006063720540381563,
2322c437a4,40000,1034,3298460,32984.6,101.12547050990472,4.658473432261233e-19,0.0007496127305883784,0.0005623672417350366,
2322c437a4,40000,1035,3301650,33016.5,101.12547050990472,4.57850712316642e-19,0.0007496127305883784,0.0005863659118971263,
2322c437a4,40000,1036,3304840,33048.4,101.12547050990472,6.8143691289173334e-18,0.0007496127305883784,0.000562144126743239,
2322c437a4,40000,1037,3308030,33080.3,101.12547050990472,4.671582202580023e-18,0.0007496127305883784,0.0005830980922001082,
2322c437a4,40000,1038,3311220,33112.2,101.12547050990472,5.706764250043206e-19,0.0007496127305883784,0.0005787126720784081,
2322c437a4,40000,1039,3314410,33144.1,101.12547050990472,1.1353532357183871e-18,0.0007496127305883784,0.0005832746971201282,
2322c437a4,40000,1040,3317600,33176.0,101.12547050990472,2.5361290389144445e-18,0.0007496127305883784,0.0005756747517989128,
2322c437a4,40000,1041,3320790,33207.9,101.12547050990472,3.4000842406148888e-18,0.0007496127305883784,0.0005229782241671073,
2322c437a4,40000,1042,3323980,33239.8,101.12547050990472,1.699028869433473e-18,0.0007496127305883784,0.0005823004293423287,
2322c437a4,40000,1043,3327170,33271.7,101.12547050990472,9.657472040242222e-19,0.0007496127305883784,0.0006101062699131084,
2322c437a4,40000,1044,3330360,33303.6,101.12547050990472,2.66715699113905e-18,0.0007496127305883784,0.0005525805989328622,
2322c437a4,40000,1045,3333550,33335.5,101.12547050990472,1.5625029713773949e-18,0.0007496127305883784,0.0006150544327688716,
2322c437a4,40000,1046,3336740,33367.4,101.12547050990472,4.888367741148413e-19,0.0007496127305883784,0.0005667503077475491,
2322c437a4,40000,1047,3339930,33399.3,101.12547050990472,3.835582396910321e-19,0.0007496127305883784,0.0005394340514930081,
2322c437a4,40000,1048,3343120,33431.2,101.12547050990472,5.838392196847335e-19,0.0007496127305883784,0.0005665332206350375,
2322c437a4,40000,1049,3346310,33463.1,101.12547050990472,4.457647799252092e-19,0.0007496127305883784,0.0005774511954058713,
2322c437a4,40000,1050,3349500,33495.0,101.12547050990472,5.32169179198835e-19,0.0007496127305883784,0.0004939666935590343,
2322c437a4,40000,1051,3352690,33526.9,101.12547050990472,3.6774653530554676e-19,0.0007496127305883784,0.0005760925851375924,
2322c437a4,40000,1052,3355880,33558.8,101.12547050990472,3.903310336489642e-19,0.0007496127305883784,0.0005997934529709177,
2322c437a4,40000,1053,3359070,33590.7,101.12547050990472,1.0598023069873428e-18,0.0007496127305883784,0.0005422033993692321,
2322c437a4,40000,1054,3362260,33622.6,101.12547050990472,4.947791927083313e-19,0.0007496127305883784,0.0005794271541860426,
2322c437a4,40000,1055,3365450,33654.5,101.12547050990472,5.132441677725969e-19,0.0007496127305883784,0.0006109611586424149,
2322c437a4,40000,1056,3368640,33686.4,101.12547050990472,6.071125932482318e-19,0.0007496127305883784,0.000554232671081648,
2322c437a4,40000,1057,3371830,33718.3,101.12547050990472,9.114394686536156e-18,0.0007496127305883784,0.0005438254294163087,
2322c437a4,40000,1058,3375020,33750.2,101.12547050990472,6.483513101484047e-19,0.0007496127305883784,0.0005192259240840372,
2322c437a4,40000,1059,3378210,33782.1,101.12547050990472,4.0293509408079204e-19,0.0007496127305883784,0.0005625558297563063,
2322c437a4,40000,1060,3381400,33814.0,101.12547050990472,4.830341095079392e-19,0.0007496127305883784,0.000562371730017945,
2322c437a4,40000,1061,3384590,33845.9,101.12547050990472,6.882777666685553e-18,0.0007496127305883784,0.0006026377208313836,
2322c437a4,40000,1062,3387780,33877.8,101.12547050990472,4.727901637629461e-18,0.0007496127305883784,0.0005335557007087802,
2322c437a4,40000,1063,3390970,33909.7,101.12547050990472,8.926420653795779e-18,0.0007496127305883784,0.000590186849827435,
2322c437a4,40000,1064,3394160,33941.6,101.12547050990472,4.409364453408362e-18,0.0007496127305883784,0.0005394461631193119,
2322c437a4,40000,1065,3397350,33973.5,101.12547050990472,1.7544661075907026e-18,0.0007496127305883784,0.0005866879544261786,
2322c437a4,40000,1066,3400540,34005.4,101.12547050990472,1.1502557004645327e-18,0.0007496127305883784,0.0005085791058192762,
2322c437a4,40000,1067,3403730,34037.3,101.12547050990472,6.289325541935508e-19,0.0007496127305883784,0.0006027077275886224,
2322c437a4,40000,1068,3406920,34069.2,101.12547050990472,4.887780718193925e-19,0.0007496127305883784,0.0006086534477114799,
2322c437a4,40000,1069,3410110,34101.1,101.12547050990472,5.264668294293801e-19,0.0007496127305883784,0.0006287939010345146,
2322c437a4,40000,1070,3413300,34133.0,101.12547050990472,5.702384505257338e-19,0.0007496127305883784,0.000535751826509887,
2322c437a4,40000,1071,3416490,34164.9,101.12547050990472,6.808847776389726e-19,0.0007496127305883784,0.0005572962996032907,
2322c437a4,40000,1072,3419680,34196.8,101.12547050990472,7.59125581924681e-18,0.0007496127305883784,0.0005756369957508388,
2322c437a4,40000,1073,3422870,34228.7,101.12547050990472,1.5663906134236437e-18,0.0007496127305883784,0.0006254871083558371,
2322c437a4,40000,1074,3426060,34260.6,101.12547050990472,3.790571062398825e-19,0.0007496127305883784,0.0006200960955755263,
2322c437a4,40000,1075,3429250,34292.5,101.12547050990472,6.362582184331227e-19,0.0007496127305883784,0.0005132861166414221,
2322c437a4,40000,1076,3432440,34324.4,101.12547050990472,6.897305653428013e-18,0.0007496127305883784,0.0005618318429966914,
2322c437a4,40000,1077,3435630,34356.3,101.12547050990472,5.270352822979888e-18,0.0007496127305883784,0.0005509153184405684,
2322c437a4,40000,1078,3438820,34388.2,101.12547050990472,1.9129598671122883e-18,0.0007496127305883784,0.0005978122066789196,
2322c437a4,40000,1079,3442010,34420.1,101.12547050990472,4.537209426619343e-19,0.0007496127305883784,0.0005677440336743926,
2322c437a4,40000,1080,3445200,34452.0,101.12547050990472,7.29615966297005e-19,0.0007496127305883784,0.0005869332828503486,
2322c437a4,40000,1081,3448390,34483.9,101.12547050990472,6.855076891986093e-18,0.0007496127305883784,0.0005237350049172373,
2322c437a4,40000,1082,3451580,34515.8,101.12547050990472,8.559124570053887e-19,0.0007496127305883784,0.000576795844492981,
2322c437a4,40000,1083,3454770,34547.7,101.12547050990472,8.502342987210453e-19,0.0007496127305883784,0.0005911593342729214,
2322c437a4,40000,1084,3457960,34579.6,101.12547050990472,9.192313772912313e-19,0.0007496127305883784,0.0005780111260419799,
2322c437a4,40000,1085,3461150,34611.5,101.12547050990472,4.952479292535179e-19,0.0007496127305883784,0.0005681000150391346,
2322c437a4,40000,1086,3464340,34643.4,101.12547050990472,4.38728014047112e-19,0.0007496127305883784,0.0005648588378988996,
2322c437a4,40000,1087,3467530,34675.3,101.12547050990472,3.4302667373774446e-18,0.0007496127305883784,0.0005786819594580889,
2322c437a4,40000,1088,3470720,34707.2,101.12547050990472,4.429708487062586e-19,0.0007496127305883784,0.0005073707424216145,
2322c437a4,40000,1089,3473910,34739.1,101.12547050990472,1.8777806167389676e-17,0.0007496127305883784,0.0005887688818815075,
2322c437a4,40000,1090,3477100,34771.0,101.12547050990472,1.6857133578291392e-18,0.0007496127305883784,0.0005799823462985646,
2322c437a4,40000,1091,3480290,34802.9,101.12547050990472,9.988023559514936e-19,0.0007496127305883784,0.00060243822592234,
2322c437a4,40000,1092,3483480,34834.8,101.12547050990472,5.257621322140239e-19,0.0007496127305883784,0.000614840428151534,
2322c437a4,40000,1093,3486670,34866.7,101.12547050990472,3.8879652725952396e-19,0.0007496127305883784,0.0005978713802104359,
2322c437a4,40000,1094,3489860,34898.6,101.12547050990472,3.3425402122034684e-19,0.0007496127305883784,0.0005824964886918066,
2322c437a4,40000,1095,3493050,34930.5,101.12547050990472,4.308459300452424e-19,0.0007496127305883784,0.0006189685144667822,
2322c437a4,40000,1096,3496240,34962.4,101.12547050990472,6.8828404947975004e-18,0.0007496127305883784,0.0005980219416543604,
2322c437a4,40000,1097,3499430,34994.3,101.12547050990472,3.1163670802084384e-18,0.0007496127305883784,0.000569357705263016,
2322c437a4,40000,1098,3502620,35026.2,101.12547050990472,1.2395690828969061e-18,0.0007496127305883784,0.0005893022224840366,
2322c437a4,40000,1099,3505810,35058.1,101.12547050990472,9.798419782666116e-19,0.0007496127305883784,0.0005792595902744534,
2322c437a4,40000,1100,3509000,35090.0,101.12547050990472,1.2989863579801265e-17,0.0007496127305883784,0.0005934453561529577,
2322c437a4,40000,1101,3512190,35121.9,101.12547050990472,4.460161169447878e-19,0.0007496127305883784,0.0005809403274566003,
2322c437a4,40000,1102,3515380,35153.8,101.12547050990472,4.510520257525521e-19,0.0007496127305883784,0.0005531742993473717,
2322c437a4,40000,1103,3518570,35185.7,101.12547050990472,1.1505045679274372e-17,0.0007496127305883784,0.0005757521586866787,
2322c437a4,40000,1104,3521760,35217.6,101.12547050990472,1.7983128834311604e-18,0.0007496127305883784,0.000623830422367523,
2322c437a4,40000,1105,3524950,35249.5,101.12547050990472,5.685191920381074e-19,0.0007496127305883784,0.0005082962389650725,
2322c437a4,40000,1106,3528140,35281.4,101.12547050990472,5.117338371246324e-19,0.0007496127305883784,0.0005891382912625337,
2322c437a4,40000,1107,3531330,35313.3,101.12547050990472,6.391559928952066e-19,0.0007496127305883784,0.0005969514388787149,
2322c437a4,40000,1108,3534520,35345.2,101.12547050990472,3.171246245320603e-18,0.0007496127305883784,0.0005920919654862635,
2322c437a4,40000,1109,3537710,35377.1,101.12547050990472,7.098272076325949e-19,0.0007496127305883784,0.0005883429609199068,
2322c437a4,40000,1110,3540900,35409.0,101.12547050990472,1.8748403343217033e-18,0.0007496127305883784,0.000602298809887451,
2322c437a4,40000,1111,3544090,35440.9,101.12547050990472,9.288967928827817e-19,0.0007496127305883784,0.0006101355999054574,
2322c437a4,40000,1112,3547280,35472.8,101.12547050990472,1.1631438460702789e-18,0.0007496127305883784,0.0005800130736913909,
2322c437a4,40000,1113,3550470,35504.7,101.12547050990472,1.7227032415496893e-18,0.0007496127305883784,0.0005281482474772123,
2322c437a4,40000,1114,3553660,35536.6,101.12547050990472,9.522551937199952e-19,0.0007496127305883784,0.0005987512027755116,
2322c437a4,40000,1115,3556850,35568.5,101.12547050990472,1.7881138731545898e-17,0.0007496127305883784,0.0005818264370383681,
2322c437a4,40000,1116,3560040,35600.4,101.12547050990472,2.1423609444908002e-17,0.0007496127305883784,0.000582204409556843,
2322c437a4,40000,1117,3563230,35632.3,101.12547050989814,6.978985046779976e-18,0.0007641220975749096,0.0005962394354286425,
2322c437a4,40000,1118,3566420,35664.2,101.12547050989814,3.164620493035101e-18,0.0007641220975749096,0.00059936282429256,
2322c437a4,40000,1119,3569610,35696.1,101.12547050989814,1.7398877829259958e-18,0.0007641220975749096,0.0006227616993146814,
2322c437a4,40000,1120,3572800,35728.0,101.12547050989814,1.4564137710725839e-18,0.0007641220975749096,0.000651241385646245,
2322c437a4,40000,1121,3575990,35759.9,101.12547050989814,9.250952199043255e-19,0.0007641220975749096,0.0005679189812574011,
2322c437a4,40000,1122,3579180,35791.8,101.12547050989814,1.5529334588967898e-17,0.0007641220975749096,0.000590063135664926,
2322c437a4,40000,1123,3582370,35823.7,101.12547050989814,3.986969156262209e-18,0.0007641220975749096,0.0006246471827353685,
2322c437a4,40000,1124,3585560,35855.6,101.12547050989814,3.818473152198726e-18,0.0007641220975749096,0.0005582254796655806,
2322c437a4,40000,1125,3588750,35887.5,101.12547050989814,2.052452249365318e-17,0.0007641220975749096,0.000597179030722276,
2322c437a4,40000,1126,3591940,35919.4,101.12547050989814,2.1838232538320295e-18,0.0007641220975749096,0.0006150951350079343,
2322c437a4,40000,1127,3595130,35951.3,101.12547050989814,6.899394752059906e-18,0.0007641220975749096,0.0005970352091566583,
2322c437a4,40000,1128,3598320,35983.2,101.12547050989814,2.5918707447738744e-18,0.0007641220975749096,0.0005669806063296977,
2322c437a4,40000,1129,3601510,36015.1,101.12547050989814,1.7338836204711857e-18,0.0007641220975749096,0.000525529181150332,
2322c437a4,40000,1130,3604700,36047.0,101.12547050989814,5.839963435214487e-19,0.0007641220975749096,0.0005672096631238557,
2322c437a4,40000,1131,3607890,36078.9,101.12547050989814,8.269413084023562e-19,0.0007641220975749096,0.0005920785404276045,
2322c437a4,40000,1132,3611080,36110.8,101.12547050989814,2.909766373212776e-17,0.0007641220975749096,0.0005885383040744436,
2322c437a4,40000,1133,3614270,36142.7,101.12547050989316,3.5579100698490424e-18,0.0007722269347216703,0.0005666330256331959,
2322c437a4,40000,1134,3617460,36174.6,101.12547050989316,4.443746732460778e-18,0.0007722269347216703,0.0006125823243724574,
2322c437a4,40000,1135,3620650,36206.5,101.12547050989316,3.552620648663667e-18,0.0007722269347216703,0.0006367748611286252,
2322c437a4,40000,1136,3623840,36238.4,101.12547050989316,3.9007222616241396e-18,0.0007722269347216703,0.0005358469863068071,
2322c437a4,40000,1137,3627030,36270.3,101.12547050989316,3.349734638100049e-18,0.0007722269347216703,0.0005834280697512405,
2322c437a4,40000,1138,3630220,36302.2,101.12547050989316,2.5816416071158092e-18,0.0007722269347216703,0.000607622027524362,
2322c437a4,40000,1139,3633410,36334.1,101.12547050989316,1.510396203333225e-17,0.0007722269347216703,0.0005763137207841715,
2322c437a4,40000,1140,3636600,36366.0,101.12547050989316,3.662739522899257e-18,0.0007722269347216703,0.0006817201114026033,
2322c437a4,40000,1141,3639790,36397.9,101.12547050989316,2.5066789629281706e-18,0.0007722269347216703,0.0006295433350994682,
2322c437a4,40000,1142,3642980,36429.8,101.12547050989316,4.770757176761054e-18,0.0007722269347216703,0.0006585270807932793,
2322c437a4,40000,1143,3646170,36461.7,101.12547050989316,8.795752544836397e-19,0.0007722269347216703,0.000593840459328178,
2322c437a4,40000,1144,3649360,36493.6,101.12547050989316,8.09389843393222e-19,0.0007722269347216703,0.0005966500566948588,
2322c437a4,40000,1145,3652550,36525.5,101.12547050989316,1.4773973156587969e-18,0.0007722269347216703,0.0005841560956642231,
2322c437a4,40000,1146,3655740,36557.4,101.12547050989316,7.150626316687573e-19,0.0007722269347216703,0.0005900254129879867,
2322c437a4,40000,1147,3658930,36589.3,101.12547050989316,5.180644797816584e-19,0.0007722269347216703,0.0006263269335567294,
2322c437a4,40000,1148,3662120,36621.2,101.12547050989316,6.782753425504673e-19,0.0007722269347216703,0.0005842326290482423,
2322c437a4,40000,1149,3665310,36653.1,101.12547050989316,1.76256398797933e-18,0.0007722269347216703,0.0006039569971505188,
2322c437a4,40000,1150,3668500,36685.0,101.12547050989316,1.7614453062227854e-18,0.0007722269347216703,0.0005559775839725384,
2322c437a4,40000,1151,3671690,36716.9,101.12547050989316,1.757810630984713e-18,0.0007722269347216703,0.0006029835760532608,
2322c437a4,40000,1152,3674880,36748.8,101.12547050989316,8.018561082152497e-19,0.0007722269347216703,0.0005918624983539278,
2322c437a4,40000,1153,3678070,36780.7,101.12547050989316,9.540238500926995e-19,0.0007722269347216703,0.00058339887851706,
2322c437a4,40000,1154,3681260,36812.6,101.12547050989316,8.803507640155272e-19,0.0007722269347216703,0.0006500200048813521,
2322c437a4,40000,1155,3684450,36844.5,101.12547050989316,1.754665441078944e-18,0.0007722269347216703,0.0005706873258742777,
2322c437a4,40000,1156,3687640,36876.4,101.12547050989316,6.909969575396489e-19,0.0007722269347216703,0.0006105818756689755,
2322c437a4,40000,1157,3690830,36908.3,101.12547050989316,5.867398731943314e-19,0.0007722269347216703,0.0006612151570282249,
2322c437a4,40000,1158,3694020,36940.2,101.12547050989316,1.2652567773986174e-18,0.0007722269347216703,0.0005438440601043579,
2322c437a4,40000,1159,3697210,36972.1,101.12547050989316,9.632831693360837e-19,0.0007722269347216703,0.000597529672169712,
2322c437a4,40000,1160,3700400,37004.0,101.12547050989316,7.5390149395368385e-19,0.0007722269347216703,0.0006272123915222823,
2322c437a4,40000,1161,3703590,37035.9,101.12547050989316,8.077348482930439e-19,0.0007722269347216703,0.0006521437209843113,
2322c437a4,40000,1162,3706780,37067.8,101.12547050989316,5.754102108280582e-19,0.0007722269347216703,0.0005479463550970096,
2322c437a4,40000,1163,3709970,37099.7,101.12547050989316,4.5076294666580135e-18,0.0007722269347216703,0.0005665027161734668,
2322c437a4,40000,1164,3713160,37131.6,101.12547050989316,5.406635296522218e-19,0.0007722269347216703,0.0006499082607376485,
2322c437a4,40000,1165,3716350,37163.5,101.12547050989316,1.4569488446173167e-17,0.0007722269347216703,0.0006010445986524385,
2322c437a4,40000,1166,3719540,37195.4,101.12547050989316,7.123825534599111e-18,0.0007722269347216703,0.0005451932968330819,
2322c437a4,40000,1167,3722730,37227.3,101.12547050989316,2.897543820609548e-18,0.0007722269347216703,0.0006101914702229447,
2322c437a4,40000,1168,3725920,37259.2,101.12547050989316,6.210792365459444e-18,0.0007722269347216703,0.0006423216763754325,
2322c437a4,40000,1169,3729110,37291.1,101.12547050989316,2.7710133680085145e-18,0.0007722269347216703,0.000644001860678859,
2322c437a4,40000,1170,3732300,37323.0,101.12547050989316,4.0070544388270954e-18,0.0007722269347216703,0.0005789248899293912,
2322c437a4,40000,1171,3735490,37354.9,101.12547050989316,6.940944648357217e-18,0.0007722269347216703,0.0006032606691818087,
2322c437a4,40000,1172,3738680,37386.8,101.12547050989316,9.867606944508407e-19,0.0007722269347216703,0.0005507856564393831,
2322c437a4,40000,1173,3741870,37418.7,101.12547050989316,4.567131874437231e-19,0.0007722269347216703,0.0005372433772567267,
2322c437a4,40000,1174,3745060,37450.6,101.12547050989316,8.958167018091356e-19,0.0007722269347216703,0.0005981336704150546,
2322c437a4,40000,1175,3748250,37482.5,101.12547050989316,1.2017255288149222e-18,0.0007722269347216703,0.0005874388936744897,
2322c437a4,40000,1176,3751440,37514.4,101.12547050989316,1.8560881731084954e-18,0.0007722269347216703,0.0005961359227105942,
2322c437a4,40000,1177,3754630,37546.3,101.12547050989316,8.075522790536433e-18,0.0007722269347216703,0.0005679790127988328,
2322c437a4,40000,1178,3757820,37578.2,101.12547050989316,1.3513786487358064e-18,0.0007722269347216703,0.0005926147683939009,
2322c437a4,40000,1179,3761010,37610.1,101.12547050989316,3.290586184738803e-19,0.0007722269347216703,0.0005902771223186225,
2322c437a4,40000,1180,3764200,37642.0,101.12547050989316,1.0393257918944307e-17,0.0007722269347216703,0.0005595364926386752,
2322c437a4,40000,1181,3767390,37673.9,101.12547050989316,4.316330987623249e-19,0.0007722269347216703,0.0006280953902599185,
2322c437a4,40000,1182,3770580,37705.8,101.12547050989316,4.799991644781012e-19,0.0007722269347216703,0.0005620092629914921,
2322c437a4,40000,1183,3773770,37737.7,101.12547050989316,4.322145550767847e-19,0.0007722269347216703,0.0005906027455055583,
2322c437a4,40000,1184,3776960,37769.6,101.12547050989316,4.930405309597997e-19,0.0007722269347216703,0.0006225143855739161,
2322c437a4,40000,1185,3780150,37801.5,101.12547050989316,3.560461940959906e-18,0.0007722269347216703,0.0005580057145565434,
2322c437a4,40000,1186,3783340,37833.4,101.12547050989316,3.4167099267045222e-18,0.0007722269347216703,0.0006270513392466861,
2322c437a4,40000,1187,3786530,37865.3,101.12547050989316,1.7196954771354963e-18,0.0007722269347216703,0.0005642470197651205,
2322c437a4,40000,1188,3789720,37897.2,101.12547050989316,3.5752679750112624e-19,0.0007722269347216703,0.0006430832622344834,
2322c437a4,40000,1189,3792910,37929.1,101.12547050989316,4.2369248195541063e-19,0.0007722269347216703,0.0005976707040458649,
2322c437a4,40000,1190,3796100,37961.0,101.12547050989316,3.131073645663048e-19,0.0007722269347216703,0.0006134536283989292,
2322c437a4,40000,1191,3799290,37992.9,101.12547050989316,1.342226916173903e-17,0.0007722269347216703,0.0005888412127991838,
2322c437a4,40000,1192,3802480,38024.8,101.12547050989316,6.483129820912797e-18,0.0007722269347216703,0.0005946940794910044,
2322c437a4,40000,1193,3805670,38056.7,101.12547050989316,4.2813579624324445e-18,0.0007722269347216703,0.0006318720524282927,
2322c437a4,40000,1194,3808860,38088.6,101.12547050989316,1.5684967394531672e-17,0.0007722269347216703,0.0005513317030674044,
2322c437a4,40000,1195,3812050,38120.5,101.12547050989316,1.0422853269724786e-17,0.0007722269347216703,0.0005924053341921289,
2322c437a4,40000,1196,3815240,38152.4,101.12547050989316,2.9871317294961947e-18,0.0007722269347216703,0.0006350060407663826,
2322c437a4,40000,1197,3818430,38184.3,101.12547050989316,1.5303000383002555e-18,0.0007722269347216703,0.0005646623828066123,
2322c437a4,40000,1198,3821620,38216.2,101.12547050989316,1.6025970810451924e-18,0.0007722269347216703,0.0005724686752476575,
2322c437a4,40000,1199,3824810,38248.1,101.12547050989316,3.3819862915396223e-19,0.0007722269347216703,0.0005626302643883526,
2322c437a4,40000,1200,3828000,38280.0,101.12547050989316,8.25867800086196e-19,0.0007722269347216703,0.0005720322782128876,
2322c437a4,40000,1201,3831190,38311.9,101.12547050989316,4.2950289937761037e-19,0.0007722269347216703,0.0005842406095961607,
2322c437a4,40000,1202,3834380,38343.8,101.12547050989316,3.21120551562168e-19,0.0007722269347216703,0.0005913229964867113,
2322c437a4,40000,1203,3837570,38375.7,101.12547050989316,6.480729426720768e-19,0.0007722269347216703,0.0006153965277116489,
2322c437a4,40000,1204,3840760,38407.6,101.12547050989316,2.3447495147970596e-18,0.0007722269347216703,0.0005829204507611723,
2322c437a4,40000,1205,3843950,38439.5,101.12547050989316,9.522350674165472e-19,0.0007722269347216703,0.0006059996725405518,
2322c437a4,40000,1206,3847140,38471.4,101.12547050989316,5.043588427346539e-19,0.0007722269347216703,0.00062766339423984,
2322c437a4,40000,1207,3850330,38503.3,101.12547050989316,1.809984734674905e-18,0.0007722269347216703,0.000617363981001153,
2322c437a4,40000,1208,3853520,38535.2,101.12547050989316,9.148303712206617e-18,0.0007722269347216703,0.0006246415988499343,
2322c437a4,40000,1209,3856710,38567.1,101.12547050989316,3.3931150443878878e-18,0.0007722269347216703,0.0006330555561812902,
2322c437a4,40000,1210,3859900,38599.0,101.12547050989316,1.6789158903143452e-17,0.0007722269347216703,0.000579416186432212,
2322c437a4,40000,1211,3863090,38630.9,101.12547050989316,8.265168739150298e-19,0.0007722269347216703,0.0006786822962169534,
2322c437a4,40000,1212,3866280,38662.8,101.12547050989316,7.525590762343653e-19,0.0007722269347216703,0.0005884755860645213,
2322c437a4,40000,1213,3869470,38694.7,101.12547050989316,7.512832939951247e-19,0.0007722269347216703,0.0005797886642641859,
2322c437a4,40000,1214,3872660,38726.6,101.12547050989316,1.2046250016822353e-17,0.0007722269347216703,0.0006353059198043255,
2322c437a4,40000,1215,3875850,38758.5,101.12547050989316,3.5449324199152475e-18,0.0007722269347216703,0.0005825011429896248,
2322c437a4,40000,1216,3879040,38790.4,101.12547050989316,3.5633507520897584e-18,0.0007722269347216703,0.0005912021172699191,
2322c437a4,40000,1217,3882230,38822.3,101.12547050989316,5.068045658933244e-19,0.0007722269347216703,0.0006570588011236623,
2322c437a4,40000,1218,3885420,38854.2,101.12547050989316,8.893276515571185e-19,0.0007722269347216703,0.0006190680320019429,
2322c437a4,40000,1219,3888610,38886.1,101.12547050989316,1.7564683391608647e-18,0.0007722269347216703,0.0006472023661712186,
2322c437a4,40000,1220,3891800,38918.0,101.12547050989316,1.75480598786734e-18,0.0007722269347216703,0.0005962982368605983,
2322c437a4,40000,1221,3894990,38949.9,101.12547050989316,1.752812962465528e-18,0.0007722269347216703,0.0006363223931775772,
2322c437a4,40000,1222,3898180,38981.8,101.12547050989316,4.712034238068809e-19,0.0007722269347216703,0.0006003506314192178,
2322c437a4,40000,1223,3901370,39013.7,101.12547050989316,1.7516204280378726e-18,0.0007722269347216703,0.0005782886086808051,
2322c437a4,40000,1224,3904560,39045.6,101.12547050989316,5.792850444411599e-19,0.0007722269347216703,0.0006148318988524759,
2322c437a4,40000,1225,3907750,39077.5,101.12547050989316,6.060988614504034e-19,0.0007722269347216703,0.0006562399766643377,
2322c437a4,40000,1226,3910940,39109.4,101.12547050989316,1.1993504986860871e-18,0.0007722269347216703,0.0006137059078117304,
2322c437a4,40000,1227,3914130,39141.3,101.12547050989316,1.2078842891659769e-18,0.0007722269347216703,0.0006281037293557654,
2322c437a4,40000,1228,3917320,39173.2,101.12547050989316,6.3576251465654935e-19,0.0007722269347216703,0.0005942949457513803,
2322c437a4,40000,1229,3920510,39205.1,101.12547050989316,9.59871080086935e-19,0.0007722269347216703,0.0006094270876379436,
2322c437a4,40000,1230,3923700,39237.0,101.12547050989316,4.473261012841866e-19,0.0007722269347216703,0.0006228839374009889,
2322c437a4,40000,1231,3926890,39268.9,101.12547050989316,6.317734749683162e-19,0.0007722269347216703,0.0005878900851880624,
2322c437a4,40000,1232,3930080,39300.8,101.12547050989316,6.0206866321482115e-19,0.0007722269347216703,0.00060037269013181,
2322c437a4,40000,1233,3933270,39332.7,101.12547050989316,8.515248671210183e-19,0.0007722269347216703,0.0006294639294951876,
2322c437a4,40000,1234,3936460,39364.6,101.12547050989316,8.736368154369e-19,0.0007722269347216703,0.0006758679648679163,
2322c437a4,40000,1235,3939650,39396.5,101.12547050989316,3.2068312704737096e-19,0.0007722269347216703,0.0005830509163650882,
2322c437a4,40000,1236,3942840,39428.4,101.12547050989316,5.128980692491416e-19,0.0007722269347216703,0.0005613677466825377,
2322c437a4,40000,1237,3946030,39460.3,101.12547050989316,3.1907847598423588e-18,0.0007722269347216703,0.0005979581320656081,
2322c437a4,40000,1238,3949220,39492.2,101.12547050989316,2.085448608930079e-18,0.0007722269347216703,0.000637472371842765,
2322c437a4,40000,1239,3952410,39524.1,101.12547050989316,7.175126014644541e-19,0.0007722269347216703,0.0005795907873465019,
2322c437a4,40000,1240,3955600,39556.0,101.12547050989316,6.73789435490505e-19,0.0007722269347216703,0.0006178010013762502,
2322c437a4,40000,1241,3958790,39587.9,101.12547050989316,3.7516656643912193e-19,0.0007722269347216703,0.0005860819008677077,
2322c437a4,40000,1242,3961980,39619.8,101.12547050989316,9.140171369140216e-18,0.0007722269347216703,0.0006425784844586792,
2322c437a4,40000,1243,3965170,39651.7,101.12547050989316,7.071868613929572e-18,0.0007722269347216703,0.0005830699634754318,
2322c437a4,40000,1244,3968360,39683.6,101.12547050989316,3.596006461068594e-18,0.0007722269347216703,0.0005568465820610102,
2322c437a4,40000,1245,3971550,39715.5,101.12547050989316,4.589714111410779e-19,0.0007722269347216703,0.0006427366752086492,
2322c437a4,40000,1246,3974740,39747.4,101.12547050989316,1.3786971311797734e-17,0.0007722269347216703,0.0005840241654290613,
2322c437a4,40000,1247,3977930,39779.3,101.12547050989316,1.7601623220694726e-18,0.0007722269347216703,0.0006354563092964732,
2322c437a4,40000,1248,3981120,39811.2,101.12547050989316,2.2446771123403693e-18,0.0007722269347216703,0.0005666455253900309,
2322c437a4,40000,1249,3984310,39843.1,101.12547050989316,1.0092168462485964e-18,0.0007722269347216703,0.0005994586562911565,
2322c437a4,40000,1250,3987500,39875.0,101.12547050989316,1.2738575268037222e-17,0.0007722269347216703,0.0006321861873585166,
2322c437a4,40000,1251,3990690,39906.9,101.12547050989316,8.262245915195453e-19,0.0007722269347216703,0.0006245637242970828,
2322c437a4,40000,1252,3993880,39938.8,101.12547050989316,5.141421035497653e-19,0.0007722269347216703,0.0005895184765819145,
2322c437a4,40000,1253,3997070,39970.7,101.12547050989316,,0.0007722269347216703,0.0005540670476150946,
aee56d207b,40000,0,0,0.0,516651013610901.0,4.8113536332613975,119640441474639.08,101725528364797.61,"ProjectedCommonDirectionsConfig(subspace_frac_grads=0.1, subspace_frac_updates=0.1, subspace_frac_random=0.1, direction_str=newton, use_hess=True, random_proj=True, random_proj_dim_frac=0.6, ensemble=haar, inner_use_full_grad=True, reg_lambda=0, orth_P_k=True, beta=0.001, tau=0.5, c_const=inf, N_try=200, alpha_max=1, p_const=1)"
aee56d207b,40000,1,3190,31.9,129162753402801.34,4.611697996786115,59820220737319.58,50119468865847.35,
aee56d207b,40000,2,6380,63.8,101.1254705149317,1.1461899840624867e-16,0.0030884789889488004,0.0026176590807889745,
aee56d207b,40000,3,9570,95.7,101.12547051491939,1.2332305847377785e-06,0.002531552091777365,0.0020422939685904107,
aee56d207b,40000,4,12760,127.6,101.12547051409659,6.173733076363631e-07,0.0005295798386881694,0.0004146117780794737,
aee56d207b,40000,5,15950,159.5,101.12547051407515,1.718245048198491e-07,0.0004424981073956131,0.00039155902599521475,
aee56d207b,40000,6,19140,191.4,101.12547051361241,4.941602632587747e-17,0.0006753050195892999,0.0004935319941257386,
aee56d207b,40000,7,22330,223.3,101.12547051357811,1.2031688057844315e-11,0.000546847092076189,0.00040373556989162414,
aee56d207b,40000,8,25520,255.2,101.12547051324125,6.984555661555231e-16,0.0016828944094930411,0.0011785178609012988,
aee56d207b,40000,9,28710,287.1,101.12547051323948,1.8562814526407733e-17,0.0010189873001056164,0.0007741749513130191,
aee56d207b,40000,10,31900,319.0,101.12547051321874,4.0002569147170194e-17,0.000999991838118982,0.0008621051212230021,
aee56d207b,40000,11,35090,350.9,101.12547051321191,8.746171443863559e-18,0.0009612964047050193,0.0007571629325419434,
aee56d207b,40000,12,38280,382.8,101.12547051321191,9.804825198177288e-17,0.0009612964047050193,0.0006615223184303945,
aee56d207b,40000,13,41470,414.7,101.12547051319564,6.242914409494633e-16,0.0010317470809552926,0.0008043265110311683,
aee56d207b,40000,14,44660,446.6,101.12547051319089,7.873820589906258e-17,0.001083940271205091,0.0008548218496487555,
aee56d207b,40000,15,47850,478.5,101.12547051318973,1.3954284157686227e-09,0.0008019638273267486,0.0005854727988731242,
aee56d207b,40000,16,51040,510.4,101.12547051304823,2.6000876891276914e-15,0.0003753999856097302,0.00028660878836081705,
aee56d207b,40000,17,54230,542.3,101.12547051263309,2.2851811767450176e-08,0.00031344577710150514,0.0002192167802212382,
aee56d207b,40000,18,57420,574.2,101.12547051253753,1.573418110165656e-17,0.00027275211038784494,0.00019592746023135903,
aee56d207b,40000,19,60610,606.1,101.12547051253753,5.948904484465337e-17,0.00027275211038784494,0.00020291510515604185,
aee56d207b,40000,20,63800,638.0,101.1254705125166,1.9551433655536473e-17,0.0002770503004998142,0.00019496595798276152,
aee56d207b,40000,21,66990,669.9,101.1254705125166,2.0795012468310152e-17,0.0002770503004998142,0.00021807892015086782,
aee56d207b,40000,22,70180,701.8,101.1254705125166,1.3737904931193942e-16,0.0002770503004998142,0.0002231752239999397,
aee56d207b,40000,23,73370,733.7,101.12547051251123,1.5787935825154033e-06,0.00031690398831039196,0.00022468608551126616,
aee56d207b,40000,24,76560,765.6,101.12547051217183,5.680146310428906e-17,0.00025145091606909006,0.0001776389923952811,
aee56d207b,40000,25,79750,797.5,101.12547051216039,1.7350670878195798e-17,0.00023419852601435273,0.0001932044203063145,
aee56d207b,40000,26,82940,829.4,101.12547051216039,5.8078575365582885e-18,0.00023419852601435273,0.00017857298764408495,
aee56d207b,40000,27,86130,861.3,101.12547051216039,7.600404889635139e-17,0.00023419852601435273,0.00019626250075464576,
aee56d207b,40000,28,89320,893.2,101.12547051211773,4.460888846454728e-17,0.0001909435357634955,0.0001372530648545871,
aee56d207b,40000,29,92510,925.1,101.12547051208455,7.949753739266838e-17,0.00014601546228183666,0.00010935861010754362,
aee56d207b,40000,30,95700,957.0,101.12547051206595,2.1476698481290543e-17,9.196383228796985e-05,6.829241167796342e-05,
aee56d207b,40000,31,98890,988.9,101.12547051203663,1.6822161522995293e-16,7.199316657678248e-05,5.306031681301383e-05,
aee56d207b,40000,32,102080,1020.8,101.12547051198096,1.062685532850391e-17,3.451093958851685e-05,2.5704434139691475e-05,
aee56d207b,40000,33,105270,1052.7,101.12547051198096,1.6182461830495397e-17,3.451093958851685e-05,2.6757635839938323e-05,
aee56d207b,40000,34,108460,1084.6,101.12547051198096,1.6968083985035832e-17,3.451093958851685e-05,2.4915061811379692e-05,
aee56d207b,40000,35,111650,1116.5,101.12547051198096,1.4190878559206546e-17,3.451093958851685e-05,2.4520867286000824e-05,
aee56d207b,40000,36,114840,1148.4,101.12547051198096,7.237439573508769e-18,3.451093958851685e-05,2.7691179578743544e-05,
aee56d207b,40000,37,118030,1180.3,101.12547051198096,5.993627701760825e-18,3.451093958851685e-05,2.7143088525467133e-05,
aee56d207b,40000,38,121220,1212.2,101.12547051198096,1.3182820406357765e-16,3.451093958851685e-05,2.6607935250656987e-05,
aee56d207b,40000,39,124410,1244.1,101.12547051194693,9.701596254670391e-18,1.9923228927756487e-05,1.6096557968298677e-05,
aee56d207b,40000,40,127600,1276.0,101.12547051194693,1.470348999578573e-18,1.9923228927756487e-05,1.487632979788712e-05,
aee56d207b,40000,41,130790,1307.9,101.12547051194693,1.8599208916444573e-17,1.9923228927756487e-05,1.6630299530726206e-05,
aee56d207b,40000,42,133980,1339.8,101.12547051194693,3.211130409526577e-17,1.9923228927756487e-05,1.607555071268553e-05,
aee56d207b,40000,43,137170,1371.7,101.12547051194137,7.475638327195139e-19,1.0217339915699579e-05,7.999059558399439e-06,
aee56d207b,40000,44,140360,1403.6,101.12547051194137,4.733035256089292e-18,1.0217339915699579e-05,6.985333073513038e-06,
aee56d207b,40000,45,143550,1435.5,101.12547051194137,2.9272137586552412e-18,1.0217339915699579e-05,7.912980755581694e-06,
aee56d207b,40000,46,146740,1467.4,101.12547051194137,7.404703993566109e-19,1.0217339915699579e-05,6.864922754365371e-06,
aee56d207b,40000,47,149930,1499.3,101.12547051194137,3.8305400367615097e-19,1.0217339915699579e-05,7.822852373571304e-06,
aee56d207b,40000,48,153120,1531.2,101.12547051194137,1.2290150719052666e-15,1.0217339915699579e-05,7.925643964363316e-06,
aee56d207b,40000,49,156310,1563.1,101.12547051184912,9.533582580737061e-17,0.0003399160707616413,0.00025644424869713985,
aee56d207b,40000,50,159500,1595.0,101.1254705118374,1.0907215016566777e-17,0.0002999228489050781,0.00024062066527618428,
aee56d207b,40000,51,162690,1626.9,101.1254705118374,1.1989855281304972e-17,0.0002999228489050781,0.0002339877674260427,
aee56d207b,40000,52,165880,1658.8,101.1254705118374,1.563913169072959e-17,0.0002999228489050781,0.00024053329740307284,
aee56d207b,40000,53,169070,1690.7,101.1254705118374,1.2709723702272268e-17,0.0002999228489050781,0.00022867265980675407,
aee56d207b,40000,54,172260,1722.6,101.1254705118374,7.595720971603821e-16,0.0002999228489050781,0.00022350149449438584,
aee56d207b,40000,55,175450,1754.5,101.12547051180778,4.481700056452317e-17,0.00014386983411011515,0.00011334021129019112,
aee56d207b,40000,56,178640,1786.4,101.12547051174683,1.3732957554314978e-17,0.00018831447972964525,0.00014593376818929465,
aee56d207b,40000,57,181830,1818.3,101.12547051174683,5.1024025016545486e-17,0.00018831447972964525,0.000150392032268059,
aee56d207b,40000,58,185020,1850.2,101.12547051174683,1.277533837065924e-16,0.00018831447972964525,0.00013819685841153686,
aee56d207b,40000,59,188210,1882.1,101.12547051169216,4.965942459344129e-17,9.19999691580332e-05,6.989425099283848e-05,
aee56d207b,40000,60,191400,1914.0,101.12547051168701,1.383796067784374e-16,2.3927298665104346e-05,1.9779334058956334e-05,
aee56d207b,40000,61,194590,1945.9,101.12547051157652,2.811926223137676e-17,3.421900943788689e-05,2.558764086419099e-05,
aee56d207b,40000,62,197780,1977.8,101.12547051156571,7.108990138144243e-17,4.4725546401742926e-05,3.508988944906126e-05,
aee56d207b,40000,63,200970,2009.7,101.12547051153308,8.860138458111841e-17,5.2465007754025225e-05,4.2373036505245925e-05,
aee56d207b,40000,64,204160,2041.6,101.12547051152671,1.1278177873668407e-17,3.8759127563384266e-05,2.978698738072295e-05,
aee56d207b,40000,65,207350,2073.5,101.12547051152671,9.071240832235423e-18,3.8759127563384266e-05,3.166831867666469e-05,
aee56d207b,40000,66,210540,2105.4,101.12547051152671,9.845999257965899e-17,3.8759127563384266e-05,3.192156044037044e-05,
aee56d207b,40000,67,213730,2137.3,101.12547051151037,2.6754262063243197e-17,0.00011475217965499246,9.416721295521025e-05,
aee56d207b,40000,68,216920,2169.2,101.12547051150952,7.228265473600362e-18,0.00014367775501253252,9.914837565591643e-05,
aee56d207b,40000,69,220110,2201.1,101.12547051150952,2.512620759851066e-18,0.00014367775501253252,0.00011287855574517335,
aee56d207b,40000,70,223300,2233.0,101.12547051150952,1.2178227198554753e-18,0.00014367775501253252,0.00010552538059008355,
aee56d207b,40000,71,226490,2264.9,101.12547051150952,2.3192349122739825e-17,0.00014367775501253252,0.00010817054090992438,
aee56d207b,40000,72,229680,2296.8,101.12547051150952,3.683693687722589e-18,0.00014367775501253252,0.0001168877208197653,
aee56d207b,40000,73,232870,2328.7,101.12547051150952,1.6081314634892164e-18,0.00014367775501253252,0.00010154388747018184,
aee56d207b,40000,74,236060,2360.6,101.12547051150952,1.153588584404953e-16,0.00014367775501253252,0.00010587228047459395,
aee56d207b,40000,75,239250,2392.5,101.12547051150504,5.22200488144324e-17,1.1959156331063014e-05,9.362025830182604e-06,
aee56d207b,40000,76,242440,2424.4,101.12547051146299,2.6488658949209465e-17,3.43190422919291e-05,2.5782139513049474e-05,
aee56d207b,40000,77,245630,2456.3,101.12547051146299,1.6176739730229308e-18,3.43190422919291e-05,2.6000304970595803e-05,
aee56d207b,40000,78,248820,2488.2,101.12547051146299,5.411591879870986e-17,3.43190422919291e-05,2.868576501730865e-05,
aee56d207b,40000,79,252010,2520.1,101.12547051145597,3.3592129595089024e-17,4.488385912155338e-06,3.448878474336339e-06,
aee56d207b,40000,80,255200,2552.0,101.12547051145597,2.079902582546604e-17,4.488385912155338e-06,3.7912332589298986e-06,
aee56d207b,40000,81,258390,2583.9,101.12547051145597,3.30258952326521e-19,4.488385912155338e-06,3.495681642360041e-06,
aee56d207b,40000,82,261580,2615.8,101.12547051145597,2.121006403790962e-18,4.488385912155338e-06,3.618891335715313e-06,
aee56d207b,40000,83,264770,2647.7,101.12547051145597,3.291579808888981e-19,4.488385912155338e-06,3.0798393680084163e-06,
aee56d207b,40000,84,267960,2679.6,101.12547051145597,4.94897993883553e-18,4.488385912155338e-06,3.2593553922891987e-06,
aee56d207b,40000,85,271150,2711.5,101.12547051145597,1.304718103491869e-18,4.488385912155338e-06,3.4465895416334682e-06,
aee56d207b,40000,86,274340,2743.4,101.12547051145597,2.0012753551105792e-18,4.488385912155338e-06,3.3140297886708925e-06,
aee56d207b,40000,87,277530,2775.3,101.12547051145597,3.272837960168192e-19,4.488385912155338e-06,3.3610655914309086e-06,
aee56d207b,40000,88,280720,2807.2,101.12547051145597,1.738430098977394e-18,4.488385912155338e-06,3.2541689730636483e-06,
aee56d207b,40000,89,283910,2839.1,101.12547051145597,3.2649436708891805e-19,4.488385912155338e-06,3.674334210159943e-06,
aee56d207b,40000,90,287100,2871.0,101.12547051145597,3.2909260641438837e-18,4.488385912155338e-06,3.6913615166523315e-06,
aee56d207b,40000,91,290290,2902.9,101.12547051145597,2.851036936300627e-19,4.488385912155338e-06,3.2684854685112982e-06,
aee56d207b,40000,92,293480,2934.8,101.12547051145597,1.8986575510778746e-19,4.488385912155338e-06,3.404897778054473e-06,
aee56d207b,40000,93,296670,2966.7,101.12547051145597,5.672852803024222e-19,4.488385912155338e-06,3.849464159628212e-06,
aee56d207b,40000,94,299860,2998.6,101.12547051145597,2.2073246024686317e-17,4.488385912155338e-06,3.407750414489328e-06,
aee56d207b,40000,95,303050,3030.5,101.12547051145407,3.094650750241478e-18,1.3060525593000451e-05,9.393673759263474e-06,
aee56d207b,40000,96,306240,3062.4,101.12547051145407,2.8704216107795902e-18,1.3060525593000451e-05,1.1052931719987628e-05,
aee56d207b,40000,97,309430,3094.3,101.12547051145407,3.654646506338314e-18,1.3060525593000451e-05,1.062015497751775e-05,
aee56d207b,40000,98,312620,3126.2,101.12547051145407,3.752190450777513e-18,1.3060525593000451e-05,1.0323778664704747e-05,
aee56d207b,40000,99,315810,3158.1,101.12547051145407,3.755170655246017e-18,1.3060525593000451e-05,1.1263876624534785e-05,
aee56d207b,40000,100,319000,3190.0,101.12547051145407,2.606869941203105e-18,1.3060525593000451e-05,1.0022497834125244e-05,
aee56d207b,40000,101,322190,3221.9,101.12547051145407,4.12088071557279e-18,1.3060525593000451e-05,1.0165225269257031e-05,
aee56d207b,40000,102,325380,3253.8,101.12547051145407,9.571976263197385e-19,1.3060525593000451e-05,1.1268329629662146e-05,
aee56d207b,40000,103,328570,3285.7,101.12547051145407,4.1249278084679284e-18,1.3060525593000451e-05,1.1041255383120225e-05,
aee56d207b,40000,104,331760,3317.6,101.12547051145407,1.4106523894806482e-17,1.3060525593000451e-05,9.610927443193195e-06,
aee56d207b,40000,105,334950,3349.5,101.12547051145407,4.233539066316768e-18,1.3060525593000451e-05,9.953290652859481e-06,
aee56d207b,40000,106,338140,3381.4,101.12547051145407,3.833194359541735e-18,1.3060525593000451e-05,9.770456559592646e-06,
aee56d207b,40000,107,341330,3413.3,101.12547051145407,2.7214022577450087e-18,1.3060525593000451e-05,1.052458042268318e-05,
aee56d207b,40000,108,344520,3445.2,101.12547051145407,3.379512259004915e-18,1.3060525593000451e-05,1.0240607628399494e-05,
aee56d207b,40000,109,347710,3477.1,101.12547051145407,2.8182585268177268e-18,1.3060525593000451e-05,9.628624055163241e-06,
aee56d207b,40000,110,350900,3509.0,101.12547051145407,1.1771000677229442e-17,1.3060525593000451e-05,1.0858149026306505e-05,
aee56d207b,40000,111,354090,3540.9,101.12547051145407,8.250907563168245e-18,1.3060525593000451e-05,8.832666805626168e-06,
aee56d207b,40000,112,357280,3572.8,101.12547051145407,9.485585027126178e-19,1.3060525593000451e-05,9.607976418414756e-06,
aee56d207b,40000,113,360470,3604.7,101.12547051145407,9.937654270594434e-18,1.3060525593000451e-05,1.0806650202788418e-05,
aee56d207b,40000,114,363660,3636.6,101.12547051145407,5.415219562077381e-18,1.3060525593000451e-05,1.0518406771124857e-05,
aee56d207b,40000,115,366850,3668.5,101.12547051145407,3.277632993382996e-18,1.3060525593000451e-05,1.1244658441179278e-05,
aee56d207b,40000,116,370040,3700.4,101.12547051145407,9.468742990576864e-19,1.3060525593000451e-05,8.59361790123728e-06,
aee56d207b,40000,117,373230,3732.3,101.12547051145407,1.3762164640936288e-18,1.3060525593000451e-05,9.987660279295802e-06,
aee56d207b,40000,118,376420,3764.2,101.12547051145407,3.546459074731864e-18,1.3060525593000451e-05,1.1052180762263046e-05,
aee56d207b,40000,119,379610,3796.1,101.12547051145407,4.635734758340902e-18,1.3060525593000451e-05,1.0306526559821051e-05,
aee56d207b,40000,120,382800,3828.0,101.12547051145407,3.79672417780715e-18,1.3060525593000451e-05,1.037957616701188e-05,
aee56d207b,40000,121,385990,3859.9,101.12547051145407,4.098730522067232e-18,1.3060525593000451e-05,1.0769191558828351e-05,
aee56d207b,40000,122,389180,3891.8,101.12547051145407,3.1513241630692258e-18,1.3060525593000451e-05,1.067218789226457e-05,
aee56d207b,40000,123,392370,3923.7,101.12547051145407,3.179019438732696e-18,1.3060525593000451e-05,9.871281359817368e-06,
aee56d207b,40000,124,395560,3955.6,101.12547051145407,9.456371360159464e-19,1.3060525593000451e-05,9.652559085763285e-06,
aee56d207b,40000,125,398750,3987.5,101.12547051145407,2.4746788038378617e-18,1.3060525593000451e-05,9.861988392202653e-06,
aee56d207b,40000,126,401940,4019.4,101.12547051145407,3.758864604276245e-18,1.3060525593000451e-05,1.0421533804455681e-05,
aee56d207b,40000,127,405130,4051.3,101.12547051145407,1.1710510585228199e-17,1.3060525593000451e-05,8.876730240954517e-06,
aee56d207b,40000,128,408320,4083.2,101.12547051145407,1.2380240296441917e-18,1.3060525593000451e-05,1.0416615390950703e-05,
aee56d207b,40000,129,411510,4115.1,101.12547051145407,3.63492657239243e-18,1.3060525593000451e-05,1.0130584826174446e-05,
aee56d207b,40000,130,414700,4147.0,101.12547051145407,1.369583380567027e-18,1.3060525593000451e-05,9.760787816184764e-06,
aee56d207b,40000,131,417890,4178.9,101.12547051145407,5.388416545239277e-19,1.3060525593000451e-05,1.0261754912246095e-05,
aee56d207b,40000,132,421080,4210.8,101.12547051145407,1.0469649042521109e-18,1.3060525593000451e-05,9.355772465597925e-06,
aee56d207b,40000,133,424270,4242.7,101.12547051145407,8.398538392706292e-19,1.3060525593000451e-05,1.0235873370283955e-05,
aee56d207b,40000,134,427460,4274.6,101.12547051145407,6.143722805986359e-19,1.3060525593000451e-05,1.0355609052781106e-05,
aee56d207b,40000,135,430650,4306.5,101.12547051145407,1.7163307972064427e-19,1.3060525593000451e-05,9.995327944644478e-06,
aee56d207b,40000,136,433840,4338.4,101.12547051145407,2.2492330634436992e-18,1.3060525593000451e-05,9.330871052098067e-06,
aee56d207b,40000,137,437030,4370.3,101.12547051145407,4.756453137725373e-19,1.3060525593000451e-05,1.0250337941499471e-05,
aee56d207b,40000,138,440220,4402.2,101.12547051145407,5.223760115314307e-18,1.3060525593000451e-05,1.002463867884847e-05,
aee56d207b,40000,139,443410,4434.1,101.12547051145407,2.2888527635273962e-18,1.3060525593000451e-05,1.0757917534414082e-05,
aee56d207b,40000,140,446600,4466.0,101.12547051145407,2.3266725000090122e-18,1.3060525593000451e-05,1.0924714110309777e-05,
aee56d207b,40000,141,449790,4497.9,101.12547051145407,2.663724852513426e-18,1.3060525593000451e-05,1.0193787651418388e-05,
aee56d207b,40000,142,452980,4529.8,101.12547051145407,1.8579856072633735e-18,1.3060525593000451e-05,9.535219599807979e-06,
aee56d207b,40000,143,456170,4561.7,101.12547051145407,1.9104017148306497e-18,1.3060525593000451e-05,1.0383501918120829e-05,
aee56d207b,40000,144,459360,4593.6,101.12547051145407,1.4551196039339274e-18,1.3060525593000451e-05,1.0352461049402752e-05,
aee56d207b,40000,145,462550,4625.5,101.12547051145407,1.5544049579753925e-18,1.3060525593000451e-05,1.0342179575664279e-05,
aee56d207b,40000,146,465740,4657.4,101.12547051145407,1.9295114562003858e-19,1.3060525593000451e-05,1.053359022419754e-05,
aee56d207b,40000,147,468930,4689.3,101.12547051145407,2.263124059043211e-18,1.3060525593000451e-05,1.0109883118909599e-05,
aee56d207b,40000,148,472120,4721.2,101.12547051145407,1.0956825486337446e-16,1.3060525593000451e-05,9.731572598409543e-06,
aee56d207b,40000,149,475310,4753.1,101.12547051144023,7.356527077228795e-18,0.00012697040244670667,0.00010565218523753764,
aee56d207b,40000,150,478500,4785.0,101.12547051144023,5.403079609756248e-18,0.00012697040244670667,0.00010730086395047444,
aee56d207b,40000,151,481690,4816.9,101.12547051144023,2.6386925726456024e-18,0.00012697040244670667,0.00010161553033749894,
aee56d207b,40000,152,484880,4848.8,101.12547051144023,1.8128570380047454e-18,0.00012697040244670667,9.185422811292389e-05,
aee56d207b,40000,153,488070,4880.7,101.12547051144023,1.1389555476032191e-17,0.00012697040244670667,8.673113896500023e-05,
aee56d207b,40000,154,491260,4912.6,101.12547051144023,3.6959737046161106e-18,0.00012697040244670667,0.00010005746764300475,
aee56d207b,40000,155,494450,4944.5,101.12547051144023,2.0433688135786515e-18,0.00012697040244670667,0.00010185959543398916,
aee56d207b,40000,156,497640,4976.4,101.12547051144023,1.519542669870437e-18,0.00012697040244670667,9.287784518961312e-05,
aee56d207b,40000,157,500830,5008.3,101.12547051144023,2.738693594405725e-18,0.00012697040244670667,9.417743281863865e-05,
aee56d207b,40000,158,504020,5040.2,101.12547051144023,1.1001978564066116e-16,0.00012697040244670667,0.00010044953544403522,
aee56d207b,40000,159,507210,5072.1,101.125470511413,1.4121429441675066e-17,0.00011120069275903958,8.090736882597279e-05,
aee56d207b,40000,160,510400,5104.0,101.125470511413,4.036457149366412e-17,0.00011120069275903958,8.60864694928639e-05,
aee56d207b,40000,161,513590,5135.9,101.12547051140862,1.5725954450004904e-17,0.00012382574403750534,9.885521396216915e-05,
aee56d207b,40000,162,516780,5167.8,101.12547051140862,1.7526674182264822e-17,0.00012382574403750534,9.430301897216834e-05,
aee56d207b,40000,163,519970,5199.7,101.12547051139533,7.681219230579422e-18,0.0001373086283681532,0.00010957075695015418,
aee56d207b,40000,164,523160,5231.6,101.12547051139533,1.7902382419685456e-17,0.0001373086283681532,0.00010335194056525834,
aee56d207b,40000,165,526350,5263.5,101.12547051139533,1.4309591112427867e-17,0.0001373086283681532,9.946486400070488e-05,
aee56d207b,40000,166,529540,5295.4,101.12547051139533,1.6174674421793527e-17,0.0001373086283681532,0.00010500409274270136,
aee56d207b,40000,167,532730,5327.3,101.12547051139533,1.633524484612455e-17,0.0001373086283681532,0.00010005461538150525,
aee56d207b,40000,168,535920,5359.2,101.12547051139533,1.0074228095127019e-17,0.0001373086283681532,0.00010583987699949957,
aee56d207b,40000,169,539110,5391.1,101.12547051139533,1.7272170208778154e-17,0.0001373086283681532,9.913460160420118e-05,
aee56d207b,40000,170,542300,5423.0,101.12547051139533,2.1926866918154876e-18,0.0001373086283681532,0.00010894298245357439,
aee56d207b,40000,171,545490,5454.9,101.12547051139533,2.7688899761674807e-17,0.0001373086283681532,0.00010107861062733558,
aee56d207b,40000,172,548680,5486.8,101.12547051138196,1.3135611250548033e-17,0.00014856577545267378,0.00011637231412936818,
aee56d207b,40000,173,551870,5518.7,101.12547051138196,1.0323547773817749e-17,0.00014856577545267378,0.00011280154816156705,
aee56d207b,40000,174,555060,5550.6,101.12547051138196,4.187929737196345e-18,0.00014856577545267378,0.0001242597751421325,
aee56d207b,40000,175,558250,5582.5,101.12547051138196,4.685817182908723e-18,0.00014856577545267378,0.00011446535930249841,
aee56d207b,40000,176,561440,5614.4,101.12547051138196,3.0033500253252803e-18,0.00014856577545267378,0.00010698164283178937,
aee56d207b,40000,177,564630,5646.3,101.12547051138196,4.6220157856434884e-18,0.00014856577545267378,0.00011894505613682144,
aee56d207b,40000,178,567820,5678.2,101.12547051138196,3.00966313987622e-18,0.00014856577545267378,0.000123089305691625,
aee56d207b,40000,179,571010,5710.1,101.12547051138196,2.6926774082209532e-17,0.00014856577545267378,0.00011136336259178148,
aee56d207b,40000,180,574200,5742.0,101.12547051138196,4.0939037212866274e-18,0.00014856577545267378,0.0001146859383738804,
aee56d207b,40000,181,577390,5773.9,101.12547051138196,2.4460600408789632e-17,0.00014856577545267378,0.00011483727358286175,
aee56d207b,40000,182,580580,5805.8,101.12547051138196,4.1348556303379095e-18,0.00014856577545267378,0.00012134591260584728,
aee56d207b,40000,183,583770,5837.7,101.12547051138196,5.438249405272351e-18,0.00014856577545267378,0.00012434434692638603,
aee56d207b,40000,184,586960,5869.6,101.12547051138196,2.911919816818321e-18,0.00014856577545267378,0.00010908294380123246,
aee56d207b,40000,185,590150,5901.5,101.12547051138196,2.9803322510301047e-18,0.00014856577545267378,0.00010771209592868874,
aee56d207b,40000,186,593340,5933.4,101.12547051138196,1.7467027879305865e-17,0.00014856577545267378,0.0001102773663499871,
aee56d207b,40000,187,596530,5965.3,101.12547051138196,3.3363822797921533e-17,0.00014856577545267378,0.00012252100469441115,
aee56d207b,40000,188,599720,5997.2,101.12547051138196,1.4668454470009783e-17,0.00014856577545267378,0.00011155980752324213,
aee56d207b,40000,189,602910,6029.1,101.12547051138196,3.716053110578824e-18,0.00014856577545267378,0.0001159385031824241,
aee56d207b,40000,190,606100,6061.0,101.12547051138196,2.828441413576475e-18,0.00014856577545267378,0.00012157439418316739,
aee56d207b,40000,191,609290,6092.9,101.12547051138196,5.0098304438282616e-18,0.00014856577545267378,0.0001087163909816436,
aee56d207b,40000,192,612480,6124.8,101.12547051138196,2.3447576157532066e-17,0.00014856577545267378,0.00011860037549837938,
aee56d207b,40000,193,615670,6156.7,101.12547051138196,2.666342342547071e-18,0.00014856577545267378,0.00011887929995712274,
aee56d207b,40000,194,618860,6188.6,101.12547051138196,1.0923404785034589e-17,0.00014856577545267378,0.0001228831856635754,
aee56d207b,40000,195,622050,6220.5,101.12547051138196,4.443534423797291e-18,0.00014856577545267378,0.00010212972557176285,
aee56d207b,40000,196,625240,6252.4,101.12547051138196,2.98739601303282e-18,0.00014856577545267378,0.00011683902508910692,
aee56d207b,40000,197,628430,6284.3,101.12547051138196,3.999341058102842e-18,0.00014856577545267378,0.00011233894734284268,
aee56d207b,40000,198,631620,6316.2,101.12547051138196,6.832488606446077e-19,0.00014856577545267378,0.00011552248328714066,
aee56d207b,40000,199,634810,6348.1,101.12547051138196,8.502993912439901e-20,0.00014856577545267378,0.00010400490366407395,
aee56d207b,40000,200,638000,6380.0,101.12547051138196,1.5436489019704272e-18,0.00014856577545267378,9.875479288424869e-05,
aee56d207b,40000,201,641190,6411.9,101.12547051138196,1.4022449445508317e-17,0.00014856577545267378,0.0001183407106408331,
aee56d207b,40000,202,644380,6443.8,101.12547051138196,2.858506496948363e-18,0.00014856577545267378,0.00012288211560470077,
aee56d207b,40000,203,647570,6475.7,101.12547051138196,2.709697591156727e-18,0.00014856577545267378,0.00011396282405541644,
aee56d207b,40000,204,650760,6507.6,101.12547051138196,1.3063400068789869e-17,0.00014856577545267378,0.00010766450524724793,
aee56d207b,40000,205,653950,6539.5,101.12547051138196,1.2931199107151673e-18,0.00014856577545267378,0.00011651429541411289,
aee56d207b,40000,206,657140,6571.4,101.12547051138196,8.80321816423394e-18,0.00014856577545267378,0.0001155374406654842,
aee56d207b,40000,207,660330,6603.3,101.12547051138196,3.0209260134715316e-18,0.00014856577545267378,0.00010734338809516932,
aee56d207b,40000,208,663520,6635.2,101.12547051138196,6.621122535169357e-18,0.00014856577545267378,0.00010870148337148727,
aee56d207b,40000,209,666710,6667.1,101.12547051138196,4.310775287473297e-18,0.00014856577545267378,0.0001222625619516348,
aee56d207b,40000,210,669900,6699.0,101.12547051138196,1.240575206153166e-17,0.00014856577545267378,0.00010343808827646208,
aee56d207b,40000,211,673090,6730.9,101.12547051138196,5.02892922298784e-18,0.00014856577545267378,0.00011455533506600697,
aee56d207b,40000,212,676280,6762.8,101.12547051138196,2.3459237479769303e-18,0.00014856577545267378,0.00011744731155379111,
aee56d207b,40000,213,679470,6794.7,101.12547051138196,1.5601414850259022e-17,0.00014856577545267378,0.00011600748937760367,
aee56d207b,40000,214,682660,6826.6,101.12547051138196,1.816763115953241e-17,0.00014856577545267378,0.00012037668770050035,
aee56d207b,40000,215,685850,6858.5,101.12547051138196,4.924433448022373e-18,0.00014856577545267378,0.00011852292472828769,
aee56d207b,40000,216,689040,6890.4,101.12547051138196,4.3194262865343974e-18,0.00014856577545267378,0.00012100385619932938,
aee56d207b,40000,217,692230,6922.3,101.12547051138196,5.4273543794136704e-18,0.00014856577545267378,0.00011067330364103118,
aee56d207b,40000,218,695420,6954.2,101.12547051138196,4.82188068874798e-18,0.00014856577545267378,0.00010937692405693677,
aee56d207b,40000,219,698610,6986.1,101.12547051138196,1.1471611318437045e-18,0.00014856577545267378,0.00010753548312059243,
aee56d207b,40000,220,701800,7018.0,101.12547051138196,1.3706035387398311e-18,0.00014856577545267378,0.00011917740252321028,
aee56d207b,40000,221,704990,7049.9,101.12547051138196,3.165620301800697e-18,0.00014856577545267378,0.00011454360330231348,
aee56d207b,40000,222,708180,7081.8,101.12547051138196,4.107564228547394e-18,0.00014856577545267378,0.00011357460990049401,
aee56d207b,40000,223,711370,7113.7,101.12547051138196,2.1347060560018913e-18,0.00014856577545267378,0.00011291708262069215,
aee56d207b,40000,224,714560,7145.6,101.12547051138196,2.3492654040856764e-18,0.00014856577545267378,0.00011676954517646664,
aee56d207b,40000,225,717750,7177.5,101.12547051138196,4.8970391852961286e-18,0.00014856577545267378,0.0001173633142359392,
aee56d207b,40000,226,720940,7209.4,101.12547051138196,5.367025379662181e-17,0.00014856577545267378,0.00011053353718066048,
aee56d207b,40000,227,724130,7241.3,101.1254705113611,1.064577987422125e-17,0.00019412708962849933,0.00014112155671518745,
aee56d207b,40000,228,727320,7273.2,101.1254705113611,1.3455815695945474e-17,0.00019412708962849933,0.00016550292559365534,
aee56d207b,40000,229,730510,7305.1,101.1254705113611,5.614653243783162e-18,0.00019412708962849933,0.00016227866573834907,
aee56d207b,40000,230,733700,7337.0,101.1254705113611,1.1443385251289265e-17,0.00019412708962849933,0.00013966219782358244,
aee56d207b,40000,231,736890,7368.9,101.1254705113611,2.5443248364483256e-18,0.00019412708962849933,0.00014330060184327922,
aee56d207b,40000,232,740080,7400.8,101.1254705113611,2.031907832348491e-18,0.00019412708962849933,0.00016039805237406447,
aee56d207b,40000,233,743270,7432.7,101.1254705113611,3.590150465732762e-18,0.00019412708962849933,0.00016149694271214908,
aee56d207b,40000,234,746460,7464.6,101.1254705113611,3.2400694698289304e-18,0.00019412708962849933,0.00014375443616805524,
aee56d207b,40000,235,749650,7496.5,101.1254705113611,3.503697288429446e-18,0.00019412708962849933,0.00016007108549750246,
aee56d207b,40000,236,752840,7528.4,101.1254705113611,3.475534857612006e-18,0.00019412708962849933,0.00014599504893602193,
aee56d207b,40000,237,756030,7560.3,101.1254705113611,5.319660423983634e-18,0.00019412708962849933,0.00013568341390715098,
aee56d207b,40000,238,759220,7592.2,101.1254705113611,3.893596517513341e-18,0.00019412708962849933,0.0001587967084968946,
aee56d207b,40000,239,762410,7624.1,101.1254705113611,3.126421581295632e-18,0.00019412708962849933,0.00014989578254878333,
aee56d207b,40000,240,765600,7656.0,101.1254705113611,4.8699763452705196e-18,0.00019412708962849933,0.00015655581185200027,
aee56d207b,40000,241,768790,7687.9,101.1254705113611,6.656497098791803e-17,0.00019412708962849933,0.0001324770112725627,
aee56d207b,40000,242,771980,7719.8,101.12547051134588,4.125622743327609e-17,0.0002674020927415909,0.00020468370554752927,
aee56d207b,40000,243,775170,7751.7,101.12547051132105,1.2230925961611478e-17,0.0002680525909324075,0.0002091230865571897,
aee56d207b,40000,244,778360,7783.6,101.12547051132105,9.89906833671914e-18,0.0002680525909324075,0.00019161532249634974,
aee56d207b,40000,245,781550,7815.5,101.12547051132105,3.070326010015436e-19,0.0002680525909324075,0.00021173561697581956,
aee56d207b,40000,246,784740,7847.4,101.12547051132105,2.191729005335651e-17,0.0002680525909324075,0.00019178057380743048,
aee56d207b,40000,247,787930,7879.3,101.12547051132105,9.791255995679894e-18,0.0002680525909324075,0.00021055438558262613,
aee56d207b,40000,248,791120,7911.2,101.12547051132105,1.5564975282881193e-17,0.0002680525909324075,0.00022572246802147488,
aee56d207b,40000,249,794310,7943.1,101.12547051132105,1.5565887540531554e-17,0.0002680525909324075,0.00019408587790168888,
aee56d207b,40000,250,797500,7975.0,101.12547051132105,4.819654532645564e-18,0.0002680525909324075,0.00022472609423735676,
aee56d207b,40000,251,800690,8006.9,101.12547051132105,1.219241413193668e-18,0.0002680525909324075,0.00021025907788005998,
aee56d207b,40000,252,803880,8038.8,101.12547051132105,1.151972580865813e-18,0.0002680525909324075,0.00021789522835803567,
aee56d207b,40000,253,807070,8070.7,101.12547051132105,2.5578780876987716e-18,0.0002680525909324075,0.00021119539692402646,
aee56d207b,40000,254,810260,8102.6,101.12547051132105,1.7076073532070118e-18,0.0002680525909324075,0.0002110535632823453,
aee56d207b,40000,255,813450,8134.5,101.12547051132105,2.4143898975816096e-18,0.0002680525909324075,0.00018271114621073347,
aee56d207b,40000,256,816640,8166.4,101.12547051132105,1.2715222438623699e-18,0.0002680525909324075,0.00020176265830959843,
aee56d207b,40000,257,819830,8198.3,101.12547051132105,1.7300335444718992e-18,0.0002680525909324075,0.00019892092504734138,
aee56d207b,40000,258,823020,8230.2,101.12547051132105,2.5780434268806074e-17,0.0002680525909324075,0.00021264951121684466,
aee56d207b,40000,259,826210,8262.1,101.12547051132105,1.5111032078615268e-18,0.0002680525909324075,0.000190921061608935,
aee56d207b,40000,260,829400,8294.0,101.12547051132105,2.431485983127443e-18,0.0002680525909324075,0.00021819744190743558,
aee56d207b,40000,261,832590,8325.9,101.12547051132105,5.8075434449738716e-18,0.0002680525909324075,0.0002175998538572338,
aee56d207b,40000,262,835780,8357.8,101.12547051132105,2.4590987423368702e-17,0.0002680525909324075,0.00017290946838242934,
aee56d207b,40000,263,838970,8389.7,101.1254705113183,1.902378373114675e-17,0.000242718380382907,0.00019210811901007715,
aee56d207b,40000,264,842160,8421.6,101.12547051131246,2.1822444635557087e-17,0.0002506899290788695,0.00017892141109997155,
aee56d207b,40000,265,845350,8453.5,101.12547051131246,7.108563787056864e-18,0.0002506899290788695,0.00021464286264669368,
aee56d207b,40000,266,848540,8485.4,101.12547051131246,1.3547331501936425e-18,0.0002506899290788695,0.00020787565334938615,
aee56d207b,40000,267,851730,8517.3,101.12547051131246,1.7239937276293037e-18,0.0002506899290788695,0.00018996563613330708,
aee56d207b,40000,268,854920,8549.2,101.12547051131246,2.304711749078689e-18,0.0002506899290788695,0.0002041338167754749,
aee56d207b,40000,269,858110,8581.1,101.12547051131246,2.2693202463767457e-18,0.0002506899290788695,0.0002071625695461875,
aee56d207b,40000,270,861300,8613.0,101.12547051131246,1.3016573789183796e-17,0.0002506899290788695,0.0001798332955606065,
aee56d207b,40000,271,864490,8644.9,101.12547051131246,7.943691564024576e-18,0.0002506899290788695,0.00018488951192065147,
aee56d207b,40000,272,867680,8676.8,101.12547051131246,4.931284482612036e-19,0.0002506899290788695,0.00020712634679646502,
aee56d207b,40000,273,870870,8708.7,101.12547051131246,2.1572993222514118e-18,0.0002506899290788695,0.00017240492122213758,
aee56d207b,40000,274,874060,8740.6,101.12547051131246,9.50180050036779e-19,0.0002506899290788695,0.00018760409757255476,
aee56d207b,40000,275,877250,8772.5,101.12547051131246,1.814383139308333e-17,0.0002506899290788695,0.00021654959334824517,
aee56d207b,40000,276,880440,8804.4,101.12547051131246,1.5678510377510291e-18,0.0002506899290788695,0.00020211662420329996,
aee56d207b,40000,277,883630,8836.3,101.12547051131246,5.595735046328166e-18,0.0002506899290788695,0.00020772875564444493,
aee56d207b,40000,278,886820,8868.2,101.12547051131246,1.1289879306341387e-16,0.0002506899290788695,0.00020524147948410815,
aee56d207b,40000,279,890010,8900.1,101.12547051131129,8.37757227203898e-18,0.0003999000375528062,0.00031037782530143714,
aee56d207b,40000,280,893200,8932.0,101.12547051131129,2.6294626784917446e-17,0.0003999000375528062,0.00031594973838454794,
aee56d207b,40000,281,896390,8963.9,101.12547051130939,9.768793229779037e-18,0.0004084721824425036,0.00031463497791341794,
aee56d207b,40000,282,899580,8995.8,101.12547051130939,3.840573127296658e-18,0.0004084721824425036,0.0002979238516193296,
aee56d207b,40000,283,902770,9027.7,101.12547051130939,1.4972284385621214e-18,0.0004084721824425036,0.0003458238036235228,
aee56d207b,40000,284,905960,9059.6,101.12547051130939,2.88175192797174e-18,0.0004084721824425036,0.0003093240756569501,
aee56d207b,40000,285,909150,9091.5,101.12547051130939,4.1500937544718725e-18,0.0004084721824425036,0.00031175156912634835,
aee56d207b,40000,286,912340,9123.4,101.12547051130939,3.8983043530899595e-18,0.0004084721824425036,0.0003055144428298286,
aee56d207b,40000,287,915530,9155.3,101.12547051130939,2.2262411118863737e-18,0.0004084721824425036,0.00031399988131586146,
aee56d207b,40000,288,918720,9187.2,101.12547051130939,5.877293764486431e-18,0.0004084721824425036,0.00034132547089172824,
aee56d207b,40000,289,921910,9219.1,101.12547051130939,4.6910955422321966e-18,0.0004084721824425036,0.0003044103808274178,
aee56d207b,40000,290,925100,9251.0,101.12547051130939,2.465402590295354e-18,0.0004084721824425036,0.00030142663763177603,
aee56d207b,40000,291,928290,9282.9,101.12547051130939,5.34345943737254e-18,0.0004084721824425036,0.000316148422707064,
aee56d207b,40000,292,931480,9314.8,101.12547051130939,3.565278581531832e-18,0.0004084721824425036,0.0003241290978107436,
aee56d207b,40000,293,934670,9346.7,101.12547051130939,3.929825413750473e-18,0.0004084721824425036,0.000315091805283254,
aee56d207b,40000,294,937860,9378.6,101.12547051130939,5.250069173339075e-18,0.0004084721824425036,0.00029917666150904075,
aee56d207b,40000,295,941050,9410.5,101.12547051130939,3.6242411219657325e-18,0.0004084721824425036,0.00035797642686877777,
aee56d207b,40000,296,944240,9442.4,101.12547051130939,2.170127626210737e-18,0.0004084721824425036,0.0003283718425420713,
aee56d207b,40000,297,947430,9474.3,101.12547051130939,3.2007626218881462e-18,0.0004084721824425036,0.00034749890067270917,
aee56d207b,40000,298,950620,9506.2,101.12547051130939,2.5265337305218326e-18,0.0004084721824425036,0.0003122176464239464,
aee56d207b,40000,299,953810,9538.1,101.12547051130939,1.4690129257904842e-17,0.0004084721824425036,0.0002690644362076428,
aee56d207b,40000,300,957000,9570.0,101.12547051130939,3.255333775174679e-18,0.0004084721824425036,0.00026989085262464266,
aee56d207b,40000,301,960190,9601.9,101.12547051130939,1.8675501419859085e-18,0.0004084721824425036,0.00030813746751817445,
aee56d207b,40000,302,963380,9633.8,101.12547051130939,3.182836255365717e-18,0.0004084721824425036,0.00032716641206805664,
aee56d207b,40000,303,966570,9665.7,101.12547051130939,2.760259320608272e-18,0.0004084721824425036,0.00035152289423270443,
aee56d207b,40000,304,969760,9697.6,101.12547051130939,1.8646854504458868e-18,0.0004084721824425036,0.00027782323593418003,
aee56d207b,40000,305,972950,9729.5,101.12547051130939,3.8581319462243005e-18,0.0004084721824425036,0.0003092000076538616,
aee56d207b,40000,306,976140,9761.4,101.12547051130939,1.3597028444308034e-18,0.0004084721824425036,0.0003312425908968633,
aee56d207b,40000,307,979330,9793.3,101.12547051130939,1.9412020110828543e-18,0.0004084721824425036,0.00034087593630134985,
aee56d207b,40000,308,982520,9825.2,101.12547051130939,1.6933594032617608e-18,0.0004084721824425036,0.0003156803368452238,
aee56d207b,40000,309,985710,9857.1,101.12547051130939,4.507390792050329e-18,0.0004084721824425036,0.00034054431097917316,
aee56d207b,40000,310,988900,9889.0,101.12547051130939,2.3573112681110246e-18,0.0004084721824425036,0.0003291482020862933,
aee56d207b,40000,311,992090,9920.9,101.12547051130939,8.590900249065089e-18,0.0004084721824425036,0.0003060577327499989,
aee56d207b,40000,312,995280,9952.8,101.12547051130939,6.94897330371067e-18,0.0004084721824425036,0.0003193657404240077,
aee56d207b,40000,313,998470,9984.7,101.12547051130939,1.6155584597486935e-18,0.0004084721824425036,0.00030082703749347364,
aee56d207b,40000,314,1001660,10016.6,101.12547051130939,8.783594684617871e-18,0.0004084721824425036,0.0002987477066293823,
aee56d207b,40000,315,1004850,10048.5,101.12547051130939,4.1007600691965406e-18,0.0004084721824425036,0.0002775978892948639,
aee56d207b,40000,316,1008040,10080.4,101.12547051130939,9.333782349193517e-18,0.0004084721824425036,0.00031728923561556363,
aee56d207b,40000,317,1011230,10112.3,101.12547051130939,8.990961358281063e-18,0.0004084721824425036,0.0002924627596705342,
aee56d207b,40000,318,1014420,10144.2,101.12547051130939,3.4504276609762045e-18,0.0004084721824425036,0.0003096414299347797,
aee56d207b,40000,319,1017610,10176.1,101.12547051130939,2.919349149424509e-18,0.0004084721824425036,0.0003164549331264659,
aee56d207b,40000,320,1020800,10208.0,101.12547051130939,1.5114580984168846e-17,0.0004084721824425036,0.00028732533390976047,
aee56d207b,40000,321,1023990,10239.9,101.12547051130939,9.327816669706574e-18,0.0004084721824425036,0.000339834066464838,
aee56d207b,40000,322,1027180,10271.8,101.12547051130939,5.172809942419024e-18,0.0004084721824425036,0.00029194774010678784,
aee56d207b,40000,323,1030370,10303.7,101.12547051130939,5.053058940115388e-18,0.0004084721824425036,0.0003150833712250805,
aee56d207b,40000,324,1033560,10335.6,101.12547051130939,9.95862002633493e-18,0.0004084721824425036,0.00030318766876958253,
aee56d207b,40000,325,1036750,10367.5,101.12547051130939,3.4861964181406374e-18,0.0004084721824425036,0.00031959034475398596,
aee56d207b,40000,326,1039940,10399.4,101.12547051130939,1.3055162589837839e-17,0.0004084721824425036,0.00035557809820495047,
aee56d207b,40000,327,1043130,10431.3,101.12547051130939,4.825441007070052e-19,0.0004084721824425036,0.000294399109241836,
aee56d207b,40000,328,1046320,10463.2,101.12547051130939,1.730339651305276e-18,0.0004084721824425036,0.00032343354477519157,
aee56d207b,40000,329,1049510,10495.1,101.12547051130939,3.3383408893566245e-18,0.0004084721824425036,0.00031182118851396236,
aee56d207b,40000,330,1052700,10527.0,101.12547051130939,3.716625954790109e-18,0.0004084721824425036,0.000329311594895714,
aee56d207b,40000,331,1055890,10558.9,101.12547051130939,1.7096825301934022e-18,0.0004084721824425036,0.0003390534653099044,
aee56d207b,40000,332,1059080,10590.8,101.12547051130939,2.732923504871909e-18,0.0004084721824425036,0.00030410317412780024,
aee56d207b,40000,333,1062270,10622.7,101.12547051130939,7.640720046819584e-18,0.0004084721824425036,0.0003337452753308394,
aee56d207b,40000,334,1065460,10654.6,101.12547051130939,3.942136411368898e-18,0.0004084721824425036,0.00031148534564072624,
aee56d207b,40000,335,1068650,10686.5,101.12547051130939,7.414914556679623e-18,0.0004084721824425036,0.0003372618078387503,
aee56d207b,40000,336,1071840,10718.4,101.12547051130939,2.304973483923657e-18,0.0004084721824425036,0.00034342502270064574,
aee56d207b,40000,337,1075030,10750.3,101.12547051130939,1.424766136212167e-18,0.0004084721824425036,0.00026554114222285713,
aee56d207b,40000,338,1078220,10782.2,101.12547051130939,3.852122750493097e-18,0.0004084721824425036,0.00032314398104378665,
aee56d207b,40000,339,1081410,10814.1,101.12547051130939,1.600491788561199e-18,0.0004084721824425036,0.0003122905640619885,
aee56d207b,40000,340,1084600,10846.0,101.12547051130939,2.045258332944786e-18,0.0004084721824425036,0.00032247065530428566,
aee56d207b,40000,341,1087790,10877.9,101.12547051130939,2.7937118201115838e-18,0.0004084721824425036,0.00032994425582090226,
aee56d207b,40000,342,1090980,10909.8,101.12547051130939,2.0179056478720813e-18,0.0004084721824425036,0.0003564358604507456,
aee56d207b,40000,343,1094170,10941.7,101.12547051130939,1.849999214303058e-18,0.0004084721824425036,0.0003395753064792684,
aee56d207b,40000,344,1097360,10973.6,101.12547051130939,2.0641788512528657e-18,0.0004084721824425036,0.0003223090749940309,
aee56d207b,40000,345,1100550,11005.5,101.12547051130939,4.61968530674579e-19,0.0004084721824425036,0.00033149161977917357,
aee56d207b,40000,346,1103740,11037.4,101.12547051130939,7.861727916921065e-19,0.0004084721824425036,0.0003130404884573846,
aee56d207b,40000,347,1106930,11069.3,101.12547051130939,4.05688673102099e-19,0.0004084721824425036,0.00031147219499066107,
aee56d207b,40000,348,1110120,11101.2,101.12547051130939,3.3967313418212577e-18,0.0004084721824425036,0.0003235358221191761,
aee56d207b,40000,349,1113310,11133.1,101.12547051130939,2.8398287025412254e-18,0.0004084721824425036,0.0003300523172040045,
aee56d207b,40000,350,1116500,11165.0,101.12547051130939,6.609684731645526e-18,0.0004084721824425036,0.0003250371619953423,
aee56d207b,40000,351,1119690,11196.9,101.12547051130939,1.8469733493312985e-18,0.0004084721824425036,0.0003289354662059795,
aee56d207b,40000,352,1122880,11228.8,101.12547051130939,1.154019931073054e-19,0.0004084721824425036,0.0003243630707753503,
aee56d207b,40000,353,1126070,11260.7,101.12547051130939,3.4915661794527785e-18,0.0004084721824425036,0.00032626905136292684,
aee56d207b,40000,354,1129260,11292.6,101.12547051130939,2.0331909401335904e-18,0.0004084721824425036,0.00028229760034744866,
aee56d207b,40000,355,1132450,11324.5,101.12547051130939,5.42195584474505e-18,0.0004084721824425036,0.00033200136163374027,
aee56d207b,40000,356,1135640,11356.4,101.12547051130939,2.1895418556080656e-18,0.0004084721824425036,0.000293955268656231,
aee56d207b,40000,357,1138830,11388.3,101.12547051130939,3.7873642977832515e-18,0.0004084721824425036,0.0003154979997875085,
aee56d207b,40000,358,1142020,11420.2,101.12547051130939,1.845544502999622e-18,0.0004084721824425036,0.0002999268169413705,
aee56d207b,40000,359,1145210,11452.1,101.12547051130939,1.4861488003918338e-18,0.0004084721824425036,0.0002891276560324265,
aee56d207b,40000,360,1148400,11484.0,101.12547051130939,9.562784022751713e-19,0.0004084721824425036,0.0003297641911898478,
aee56d207b,40000,361,1151590,11515.9,101.12547051130939,2.3625594787181557e-18,0.0004084721824425036,0.0003370127422932099,
aee56d207b,40000,362,1154780,11547.8,101.12547051130939,2.2333142127227025e-18,0.0004084721824425036,0.0002860870485466611,
aee56d207b,40000,363,1157970,11579.7,101.12547051130939,2.363303352962661e-18,0.0004084721824425036,0.00031388389733802896,
aee56d207b,40000,364,1161160,11611.6,101.12547051130939,2.410030853259526e-18,0.0004084721824425036,0.00029082560172789926,
aee56d207b,40000,365,1164350,11643.5,101.12547051130939,1.7789462235013263e-18,0.0004084721824425036,0.00030932053173230654,
aee56d207b,40000,366,1167540,11675.4,101.12547051130939,2.6535373752260066e-18,0.0004084721824425036,0.00033536538368664193,
aee56d207b,40000,367,1170730,11707.3,101.12547051130939,3.447876868066191e-18,0.0004084721824425036,0.00037078160896981304,
aee56d207b,40000,368,1173920,11739.2,101.12547051130939,1.4744650934671327e-18,0.0004084721824425036,0.00031069845776166206,
aee56d207b,40000,369,1177110,11771.1,101.12547051130939,1.1701079378277137e-18,0.0004084721824425036,0.0003088983981020698,
aee56d207b,40000,370,1180300,11803.0,101.12547051130939,4.5585175176931856e-18,0.0004084721824425036,0.00030617742833450955,
aee56d207b,40000,371,1183490,11834.9,101.12547051130939,2.873877295654531e-18,0.0004084721824425036,0.0002998167777894305,
aee56d207b,40000,372,1186680,11866.8,101.12547051130939,2.7299417818174975e-18,0.0004084721824425036,0.00033076441910422186,
aee56d207b,40000,373,1189870,11898.7,101.12547051130939,5.5051327762578845e-18,0.0004084721824425036,0.0003532789654434377,
aee56d207b,40000,374,1193060,11930.6,101.12547051130939,3.741299318217356e-18,0.0004084721824425036,0.00030859923323769674,
aee56d207b,40000,375,1196250,11962.5,101.12547051130939,1.3609042545477061e-18,0.0004084721824425036,0.0003149506444140675,
aee56d207b,40000,376,1199440,11994.4,101.12547051130939,1.75832641219219e-18,0.0004084721824425036,0.00030267931923600084,
aee56d207b,40000,377,1202630,12026.3,101.12547051130939,3.7325066740020866e-18,0.0004084721824425036,0.0003000831783371931,
aee56d207b,40000,378,1205820,12058.2,101.12547051130939,3.4725745491629735e-17,0.0004084721824425036,0.00034768924340226886,
aee56d207b,40000,379,1209010,12090.1,101.12547051130939,1.0523062391113005e-17,0.0004084721824425036,0.00033489507315449606,
aee56d207b,40000,380,1212200,12122.0,101.12547051130939,1.1351854305454292e-17,0.0004084721824425036,0.0003127907509270772,
aee56d207b,40000,381,1215390,12153.9,101.12547051130939,3.465306427179187e-18,0.0004084721824425036,0.0003230028458632572,
aee56d207b,40000,382,1218580,12185.8,101.12547051130939,2.616591757053563e-18,0.0004084721824425036,0.0003262066593685747,
aee56d207b,40000,383,1221770,12217.7,101.12547051130939,4.4599559021967146e-18,0.0004084721824425036,0.00034790091028195273,
aee56d207b,40000,384,1224960,12249.6,101.12547051130939,1.4805397912063581e-18,0.0004084721824425036,0.0003119456501611884,
aee56d207b,40000,385,1228150,12281.5,101.12547051130939,2.4048465030067358e-18,0.0004084721824425036,0.0003287003242707367,
aee56d207b,40000,386,1231340,12313.4,101.12547051130939,1.5974736787165415e-18,0.0004084721824425036,0.0003255572871633891,
aee56d207b,40000,387,1234530,12345.3,101.12547051130939,4.631409389539084e-19,0.0004084721824425036,0.0003008685931699447,
aee56d207b,40000,388,1237720,12377.2,101.12547051130939,2.7232216496041178e-18,0.0004084721824425036,0.0003137074052247532,
aee56d207b,40000,389,1240910,12409.1,101.12547051130939,1.7971214820514486e-18,0.0004084721824425036,0.00033490344576047297,
aee56d207b,40000,390,1244100,12441.0,101.12547051130939,2.14287091039826e-18,0.0004084721824425036,0.0003276065179405004,
aee56d207b,40000,391,1247290,12472.9,101.12547051130939,4.1130148700851766e-17,0.0004084721824425036,0.00033417572715587493,
aee56d207b,40000,392,1250480,12504.8,101.12547051130939,9.471066651180683e-18,0.0004084721824425036,0.00032891704098070475,
aee56d207b,40000,393,1253670,12536.7,101.12547051130939,5.6610558391027116e-18,0.0004084721824425036,0.0003298916834114914,
aee56d207b,40000,394,1256860,12568.6,101.12547051130939,5.230399573005041e-18,0.0004084721824425036,0.0003263173104019056,
aee56d207b,40000,395,1260050,12600.5,101.12547051130939,5.863796303082374e-18,0.0004084721824425036,0.0003182051246161073,
aee56d207b,40000,396,1263240,12632.4,101.12547051130939,3.989871207695243e-18,0.0004084721824425036,0.0002987265042683348,
aee56d207b,40000,397,1266430,12664.3,101.12547051130939,5.467794692706783e-18,0.0004084721824425036,0.0003349775324651073,
aee56d207b,40000,398,1269620,12696.2,101.12547051130939,8.024425796007258e-18,0.0004084721824425036,0.0002983247807657697,
aee56d207b,40000,399,1272810,12728.1,101.12547051130939,9.472446870220963e-18,0.0004084721824425036,0.0002872355623752725,
aee56d207b,40000,400,1276000,12760.0,101.12547051130939,1.498415858831986e-17,0.0004084721824425036,0.0003192469164044965,
aee56d207b,40000,401,1279190,12791.9,101.12547051130939,1.6661634563332476e-18,0.0004084721824425036,0.0003094810426540058,
aee56d207b,40000,402,1282380,12823.8,101.12547051130939,2.1620563441400127e-18,0.0004084721824425036,0.0002980133908803768,
aee56d207b,40000,403,1285570,12855.7,101.12547051130939,1.6302114514711437e-18,0.0004084721824425036,0.00029936540154116165,
aee56d207b,40000,404,1288760,12887.6,101.12547051130939,2.529138309784654e-18,0.0004084721824425036,0.0002852235988563161,
aee56d207b,40000,405,1291950,12919.5,101.12547051130939,2.394727719732095e-18,0.0004084721824425036,0.00028383594585793405,
aee56d207b,40000,406,1295140,12951.4,101.12547051130939,1.907333939933595e-18,0.0004084721824425036,0.0002881350140502467,
aee56d207b,40000,407,1298330,12983.3,101.12547051130939,3.530674128921428e-18,0.0004084721824425036,0.00029350118161672496,
aee56d207b,40000,408,1301520,13015.2,101.12547051130939,1.6634100708496558e-18,0.0004084721824425036,0.0003179495825049076,
aee56d207b,40000,409,1304710,13047.1,101.12547051130939,1.899363971461922e-18,0.0004084721824425036,0.0002932320971579546,
aee56d207b,40000,410,1307900,13079.0,101.12547051130939,2.94639426646495e-18,0.0004084721824425036,0.00035048905602936707,
aee56d207b,40000,411,1311090,13110.9,101.12547051130939,2.5355317178822798e-18,0.0004084721824425036,0.0003363631732691226,
aee56d207b,40000,412,1314280,13142.8,101.12547051130939,1.5889919854066345e-18,0.0004084721824425036,0.00028112925253332864,
aee56d207b,40000,413,1317470,13174.7,101.12547051130939,2.9641846111519616e-18,0.0004084721824425036,0.0002851754679642126,
aee56d207b,40000,414,1320660,13206.6,101.12547051130939,1.8944820606925296e-18,0.0004084721824425036,0.00032775654378283,
aee56d207b,40000,415,1323850,13238.5,101.12547051130939,2.3676534217973008e-18,0.0004084721824425036,0.00031981060848789355,
aee56d207b,40000,416,1327040,13270.4,101.12547051130939,1.641473983659312e-18,0.0004084721824425036,0.000347162677557987,
aee56d207b,40000,417,1330230,13302.3,101.12547051130939,3.7404756048477285e-18,0.0004084721824425036,0.00032991761798747607,
aee56d207b,40000,418,1333420,13334.2,101.12547051130939,3.191985355896037e-18,0.0004084721824425036,0.0003385639978192795,
aee56d207b,40000,419,1336610,13366.1,101.12547051130939,5.677980440712587e-18,0.0004084721824425036,0.0003171037892936516,
aee56d207b,40000,420,1339800,13398.0,101.12547051130939,4.152370690178079e-18,0.0004084721824425036,0.00027184612693769225,
aee56d207b,40000,421,1342990,13429.9,101.12547051130939,1.875653768455314e-18,0.0004084721824425036,0.0003236347000290099,
aee56d207b,40000,422,1346180,13461.8,101.12547051130939,1.3658677971852942e-18,0.0004084721824425036,0.0003220966719096079,
aee56d207b,40000,423,1349370,13493.7,101.12547051130939,2.0300912196268226e-18,0.0004084721824425036,0.00030431717165679606,
aee56d207b,40000,424,1352560,13525.6,101.12547051130939,5.561623701818443e-18,0.0004084721824425036,0.00030889361433581136,
aee56d207b,40000,425,1355750,13557.5,101.12547051130939,1.1635504883369034e-18,0.0004084721824425036,0.00034050793464115607,
aee56d207b,40000,426,1358940,13589.4,101.12547051130939,9.976460705205922e-19,0.0004084721824425036,0.0002945462325862706,
aee56d207b,40000,427,1362130,13621.3,101.12547051130939,3.556124845168213e-18,0.0004084721824425036,0.0002913380905614269,
aee56d207b,40000,428,1365320,13653.2,101.12547051130939,8.562806441258281e-18,0.0004084721824425036,0.00030039377417840377,
aee56d207b,40000,429,1368510,13685.1,101.12547051130939,3.5665219340880185e-18,0.0004084721824425036,0.0003194549220368763,
aee56d207b,40000,430,1371700,13717.0,101.12547051130939,2.053436730336295e-18,0.0004084721824425036,0.0003064896178063012,
aee56d207b,40000,431,1374890,13748.9,101.12547051130939,1.8826393932226967e-18,0.0004084721824425036,0.00031394650429023154,
aee56d207b,40000,432,1378080,13780.8,101.12547051130939,2.2587388909368953e-18,0.0004084721824425036,0.0002921297819112701,
aee56d207b,40000,433,1381270,13812.7,101.12547051130939,1.9660862013573718e-18,0.0004084721824425036,0.00029602155895602653,
aee56d207b,40000,434,1384460,13844.6,101.12547051130939,1.1621310778173375e-18,0.0004084721824425036,0.000331448619946041,
aee56d207b,40000,435,1387650,13876.5,101.12547051130939,8.761377241806412e-18,0.0004084721824425036,0.00030470396881773266,
aee56d207b,40000,436,1390840,13908.4,101.12547051130939,3.495287909288488e-18,0.0004084721824425036,0.0003228050227077083,
aee56d207b,40000,437,1394030,13940.3,101.12547051130939,2.9818331764710263e-18,0.0004084721824425036,0.00034159195929223736,
aee56d207b,40000,438,1397220,13972.2,101.12547051130939,5.3473159754217804e-18,0.0004084721824425036,0.0003284513608533959,
aee56d207b,40000,439,1400410,14004.1,101.12547051130939,7.446513591785106e-18,0.0004084721824425036,0.0003365812049546038,
aee56d207b,40000,440,1403600,14036.0,101.12547051130939,1.783427212062389e-18,0.0004084721824425036,0.0003022346638706014,
aee56d207b,40000,441,1406790,14067.9,101.12547051130939,2.2014097474258563e-18,0.0004084721824425036,0.0003348561638656077,
aee56d207b,40000,442,1409980,14099.8,101.12547051130939,4.866884064698531e-18,0.0004084721824425036,0.0003190133824019372,
aee56d207b,40000,443,1413170,14131.7,101.12547051130939,8.189353790493091e-18,0.0004084721824425036,0.00032782118318324294,
aee56d207b,40000,444,1416360,14163.6,101.12547051130939,4.646264408341545e-18,0.0004084721824425036,0.0003255606333419952,
aee56d207b,40000,445,1419550,14195.5,101.12547051130939,1.9270982505212094e-18,0.0004084721824425036,0.00030956198948649055,
aee56d207b,40000,446,1422740,14227.4,101.12547051130939,2.6838026579783702e-18,0.0004084721824425036,0.0002950442099517722,
aee56d207b,40000,447,1425930,14259.3,101.12547051130939,3.402233645863469e-18,0.0004084721824425036,0.00030548635590237256,
aee56d207b,40000,448,1429120,14291.2,101.12547051130939,2.0324885876634415e-18,0.0004084721824425036,0.00032973939736367577,
aee56d207b,40000,449,1432310,14323.1,101.12547051130939,2.1672555190925923e-18,0.0004084721824425036,0.00032962392788794234,
aee56d207b,40000,450,1435500,14355.0,101.12547051130939,1.9409726075911248e-18,0.0004084721824425036,0.00030182015084242173,
aee56d207b,40000,451,1438690,14386.9,101.12547051130939,1.5792820791523261e-18,0.0004084721824425036,0.00033959428075331787,
aee56d207b,40000,452,1441880,14418.8,101.12547051130939,9.137289550423873e-18,0.0004084721824425036,0.0003184211784226998,
aee56d207b,40000,453,1445070,14450.7,101.12547051130939,4.534759595682395e-18,0.0004084721824425036,0.0003210575312070135,
aee56d207b,40000,454,1448260,14482.6,101.12547051130939,5.053277369531918e-18,0.0004084721824425036,0.0003161494187760177,
aee56d207b,40000,455,1451450,14514.5,101.12547051130939,2.0661918906120617e-18,0.0004084721824425036,0.0003222695726725576,
aee56d207b,40000,456,1454640,14546.4,101.12547051130939,7.466356240020907e-19,0.0004084721824425036,0.0002811486572633239,
aee56d207b,40000,457,1457830,14578.3,101.12547051130939,5.373678485793159e-18,0.0004084721824425036,0.00032578918453115896,
aee56d207b,40000,458,1461020,14610.2,101.12547051130939,1.8989679147138493e-18,0.0004084721824425036,0.0003251851946937003,
aee56d207b,40000,459,1464210,14642.1,101.12547051130939,3.297174359485743e-18,0.0004084721824425036,0.00030948298432422773,
aee56d207b,40000,460,1467400,14674.0,101.12547051130939,1.3857569640374504e-18,0.0004084721824425036,0.000344081122679546,
aee56d207b,40000,461,1470590,14705.9,101.12547051130939,1.2474701984315357e-18,0.0004084721824425036,0.0003292258167912153,
aee56d207b,40000,462,1473780,14737.8,101.12547051130939,3.2729981735614112e-18,0.0004084721824425036,0.0003421119474751511,
aee56d207b,40000,463,1476970,14769.7,101.12547051130939,2.342975660869782e-18,0.0004084721824425036,0.00031976263329902115,
aee56d207b,40000,464,1480160,14801.6,101.12547051130939,1.9316783772310514e-18,0.0004084721824425036,0.0003019869546519818,
aee56d207b,40000,465,1483350,14833.5,101.12547051130939,2.007445105794818e-17,0.0004084721824425036,0.000302924667664088,
aee56d207b,40000,466,1486540,14865.4,101.12547051130939,5.2275123603603964e-18,0.0004084721824425036,0.00033483389136022,
aee56d207b,40000,467,1489730,14897.3,101.12547051130939,2.4355686779006445e-18,0.0004084721824425036,0.00029294995213104374,
aee56d207b,40000,468,1492920,14929.2,101.12547051130939,5.53108926572804e-18,0.0004084721824425036,0.0003153786545174988,
aee56d207b,40000,469,1496110,14961.1,101.12547051130939,9.324730747175644e-19,0.0004084721824425036,0.00032642668835540815,
aee56d207b,40000,470,1499300,14993.0,101.12547051130939,1.067469736072696e-18,0.0004084721824425036,0.00031907483972591275,
aee56d207b,40000,471,1502490,15024.9,101.12547051130939,9.291825851113845e-19,0.0004084721824425036,0.00033054198036070533,
aee56d207b,40000,472,1505680,15056.8,101.12547051130939,1.9976651528893974e-18,0.0004084721824425036,0.0003218707322906588,
aee56d207b,40000,473,1508870,15088.7,101.12547051130939,4.30762244581023e-19,0.0004084721824425036,0.0003058877089438405,
aee56d207b,40000,474,1512060,15120.6,101.12547051130939,1.9959377040401655e-18,0.0004084721824425036,0.00031667936268833737,
aee56d207b,40000,475,1515250,15152.5,101.12547051130939,4.640598987463613e-19,0.0004084721824425036,0.0003278864070222702,
aee56d207b,40000,476,1518440,15184.4,101.12547051130939,1.4963420412026122e-19,0.0004084721824425036,0.00032422951588345476,
aee56d207b,40000,477,1521630,15216.3,101.12547051130939,2.2483468475313115e-18,0.0004084721824425036,0.0002941878271807679,
aee56d207b,40000,478,1524820,15248.2,101.12547051130939,9.263678165490857e-19,0.0004084721824425036,0.000277769944080509,
aee56d207b,40000,479,1528010,15280.1,101.12547051130939,2.3935431625849666e-18,0.0004084721824425036,0.000325735964467835,
aee56d207b,40000,480,1531200,15312.0,101.12547051130939,2.24554921231435e-18,0.0004084721824425036,0.00029227757089236937,
aee56d207b,40000,481,1534390,15343.9,101.12547051130939,1.2211479067777186e-18,0.0004084721824425036,0.000334996489982611,
aee56d207b,40000,482,1537580,15375.8,101.12547051130939,1.8371727585893286e-18,0.0004084721824425036,0.00031375995328573707,
aee56d207b,40000,483,1540770,15407.7,101.12547051130939,2.4862257582575946e-18,0.0004084721824425036,0.0003137891874121332,
aee56d207b,40000,484,1543960,15439.6,101.12547051130939,3.616683674853456e-18,0.0004084721824425036,0.0003265292012950665,
aee56d207b,40000,485,1547150,15471.5,101.12547051130939,9.186073219251518e-19,0.0004084721824425036,0.000322000332002209,
aee56d207b,40000,486,1550340,15503.4,101.12547051130939,1.3374046568039092e-17,0.0004084721824425036,0.00036979512017527605,
aee56d207b,40000,487,1553530,15535.3,101.12547051130939,4.980873891385081e-18,0.0004084721824425036,0.0003134829167180055,
aee56d207b,40000,488,1556720,15567.2,101.12547051130939,6.7556621972020894e-18,0.0004084721824425036,0.0003061132016358472,
aee56d207b,40000,489,1559910,15599.1,101.12547051130939,3.9151910915470364e-18,0.0004084721824425036,0.00029058441350220343,
aee56d207b,40000,490,1563100,15631.0,101.12547051130939,1.5087305616376875e-18,0.0004084721824425036,0.00028796979926665786,
aee56d207b,40000,491,1566290,15662.9,101.12547051130939,6.5720915570918245e-18,0.0004084721824425036,0.00031053053920834567,
aee56d207b,40000,492,1569480,15694.8,101.12547051130939,3.526279177429982e-18,0.0004084721824425036,0.0003517152750934526,
aee56d207b,40000,493,1572670,15726.7,101.12547051130939,3.4663334951071815e-18,0.0004084721824425036,0.00030680660290608564,
aee56d207b,40000,494,1575860,15758.6,101.12547051130939,3.1529663772004614e-18,0.0004084721824425036,0.00029905630567169603,
aee56d207b,40000,495,1579050,15790.5,101.12547051130939,2.9465483230781977e-18,0.0004084721824425036,0.00034327661097318204,
aee56d207b,40000,496,1582240,15822.4,101.12547051130939,3.3988308756898255e-18,0.0004084721824425036,0.0003033025342240215,
aee56d207b,40000,497,1585430,15854.3,101.12547051130939,3.740249361324195e-18,0.0004084721824425036,0.0003300744088896217,
aee56d207b,40000,498,1588620,15886.2,101.12547051130939,2.500801300159297e-18,0.0004084721824425036,0.00033870930002111816,
aee56d207b,40000,499,1591810,15918.1,101.12547051130939,1.5470893587294367e-18,0.0004084721824425036,0.00030307918702024845,
aee56d207b,40000,500,1595000,15950.0,101.12547051130939,2.4481024391826303e-18,0.0004084721824425036,0.00033220241989670316,
aee56d207b,40000,501,1598190,15981.9,101.12547051130939,4.002073148206427e-18,0.0004084721824425036,0.00033920966383427405,
aee56d207b,40000,502,1601380,16013.8,101.12547051130939,1.391225567957437e-18,0.0004084721824425036,0.00030594318374149303,
aee56d207b,40000,503,1604570,16045.7,101.12547051130939,7.292112796408338e-18,0.0004084721824425036,0.0003354054334125862,
aee56d207b,40000,504,1607760,16077.6,101.12547051130939,3.591709277480349e-18,0.0004084721824425036,0.0002855275522138694,
aee56d207b,40000,505,1610950,16109.5,101.12547051130939,1.973530533837493e-18,0.0004084721824425036,0.0003168857924781951,
aee56d207b,40000,506,1614140,16141.4,101.12547051130939,1.945084429986281e-18,0.0004084721824425036,0.0003300867789597444,
aee56d207b,40000,507,1617330,16173.3,101.12547051130939,1.482143642032276e-18,0.0004084721824425036,0.0003080759366110665,
aee56d207b,40000,508,1620520,16205.2,101.12547051130939,8.825644034018664e-19,0.0004084721824425036,0.0003097416617919881,
aee56d207b,40000,509,1623710,16237.1,101.12547051130939,2.864823885780872e-18,0.0004084721824425036,0.00034009952224158565,
aee56d207b,40000,510,1626900,16269.0,101.12547051130939,1.870018571723488e-18,0.0004084721824425036,0.0002966403341416968,
aee56d207b,40000,511,1630090,16300.9,101.12547051130939,1.3423677628072936e-17,0.0004084721824425036,0.0003390781102986489,
aee56d207b,40000,512,1633280,16332.8,101.12547051130939,3.744471666977009e-18,0.0004084721824425036,0.00033459266381021343,
aee56d207b,40000,513,1636470,16364.7,101.12547051130939,4.1854357914878166e-18,0.0004084721824425036,0.00033212140225158464,
aee56d207b,40000,514,1639660,16396.6,101.12547051130939,6.360713381058266e-18,0.0004084721824425036,0.00029328823742832776,
aee56d207b,40000,515,1642850,16428.5,101.12547051130939,1.9183948877979487e-18,0.0004084721824425036,0.00032887745783719826,
aee56d207b,40000,516,1646040,16460.4,101.12547051130939,2.0336747927252623e-18,0.0004084721824425036,0.0002947001482075753,
aee56d207b,40000,517,1649230,16492.3,101.12547051130939,1.997842000638064e-18,0.0004084721824425036,0.0002929090965490895,
aee56d207b,40000,518,1652420,16524.2,101.12547051130939,3.88509271624012e-18,0.0004084721824425036,0.0003208675360237993,
aee56d207b,40000,519,1655610,16556.1,101.12547051130939,2.7100056130478605e-18,0.0004084721824425036,0.0003260561670645331,
aee56d207b,40000,520,1658800,16588.0,101.12547051130939,9.509421466060696e-18,0.0004084721824425036,0.00030702674043725736,
aee56d207b,40000,521,1661990,16619.9,101.12547051130939,1.893080533688437e-18,0.0004084721824425036,0.00031626516766315537,
aee56d207b,40000,522,1665180,16651.8,101.12547051130939,8.966437371332504e-18,0.0004084721824425036,0.00035317462391052474,
aee56d207b,40000,523,1668370,16683.7,101.12547051130939,1.2962238695460038e-17,0.0004084721824425036,0.0002908780229960628,
aee56d207b,40000,524,1671560,16715.6,101.12547051130939,1.134844062915134e-16,0.0004084721824425036,0.00027686210924937594,
aee56d207b,40000,525,1674750,16747.5,101.12547051126784,1.1188062340722479e-17,0.00017120462150599052,0.00013237620459824942,
aee56d207b,40000,526,1677940,16779.4,101.12547051126784,2.035046781004303e-17,0.00017120462150599052,0.00012704919212612597,
aee56d207b,40000,527,1681130,16811.3,101.12547051126784,2.940556249765872e-18,0.00017120462150599052,0.00013717462553185827,
aee56d207b,40000,528,1684320,16843.2,101.12547051126784,2.2499367431472397e-18,0.00017120462150599052,0.0001406864656078986,
aee56d207b,40000,529,1687510,16875.1,101.12547051126784,7.393828687437425e-18,0.00017120462150599052,0.00013685423561984666,
aee56d207b,40000,530,1690700,16907.0,101.12547051126784,9.310060458309363e-18,0.00017120462150599052,0.00012619529738390356,
aee56d207b,40000,531,1693890,16938.9,101.12547051126784,3.6197858898938044e-18,0.00017120462150599052,0.00013615894855953958,
aee56d207b,40000,532,1697080,16970.8,101.12547051126784,4.2148918396167855e-18,0.00017120462150599052,0.00012597479209946861,
aee56d207b,40000,533,1700270,17002.7,101.12547051126784,2.2329852689540918e-18,0.00017120462150599052,0.00012999342785616062,
aee56d207b,40000,534,1703460,17034.6,101.12547051126784,4.786803319862187e-18,0.00017120462150599052,0.0001295793201915009,
aee56d207b,40000,535,1706650,17066.5,101.12547051126784,2.2738952562516752e-18,0.00017120462150599052,0.0001323184016479613,
aee56d207b,40000,536,1709840,17098.4,101.12547051126784,1.2666148142647199e-17,0.00017120462150599052,0.0001244271592661883,
aee56d207b,40000,537,1713030,17130.3,101.12547051124386,5.243449320893583e-18,0.0001454058868192954,0.00011319203370000928,
aee56d207b,40000,538,1716220,17162.2,101.12547051124386,7.409777373091355e-18,0.0001454058868192954,0.00011348314355021758,
aee56d207b,40000,539,1719410,17194.1,101.12547051124386,4.605298915360581e-18,0.0001454058868192954,0.00011747189544467688,
aee56d207b,40000,540,1722600,17226.0,101.12547051124386,3.1086239671095893e-18,0.0001454058868192954,0.00011431429026365566,
aee56d207b,40000,541,1725790,17257.9,101.12547051124386,3.4667649638884585e-18,0.0001454058868192954,0.00010820814104447005,
aee56d207b,40000,542,1728980,17289.8,101.12547051124386,1.552577783407416e-17,0.0001454058868192954,0.0001052791502213034,
aee56d207b,40000,543,1732170,17321.7,101.12547051124386,8.465127794927212e-18,0.0001454058868192954,0.00011815658615086389,
aee56d207b,40000,544,1735360,17353.6,101.12547051124386,4.493268483902799e-18,0.0001454058868192954,0.00010961913929963267,
aee56d207b,40000,545,1738550,17385.5,101.12547051124386,4.127056378782786e-18,0.0001454058868192954,0.00011137200882556015,
aee56d207b,40000,546,1741740,17417.4,101.12547051124386,8.658695816791596e-18,0.0001454058868192954,0.00011213298628073918,
aee56d207b,40000,547,1744930,17449.3,101.12547051124386,2.0662095135862372e-17,0.0001454058868192954,0.00010610361383914661,
aee56d207b,40000,548,1748120,17481.2,101.12547051124386,5.348671834513603e-18,0.0001454058868192954,0.00011924631931708574,
aee56d207b,40000,549,1751310,17513.1,101.12547051124386,3.949184229730641e-18,0.0001454058868192954,0.00011115235929533927,
aee56d207b,40000,550,1754500,17545.0,101.12547051124386,2.5745548401832827e-18,0.0001454058868192954,0.00010583770495724019,
aee56d207b,40000,551,1757690,17576.9,101.12547051124386,9.516506710959216e-18,0.0001454058868192954,0.0001101850852699081,
aee56d207b,40000,552,1760880,17608.8,101.12547051124386,6.300566840442409e-19,0.0001454058868192954,0.00011353366315662931,
aee56d207b,40000,553,1764070,17640.7,101.12547051124386,1.0296685947177716e-18,0.0001454058868192954,0.00011516268065319091,
aee56d207b,40000,554,1767260,17672.6,101.12547051124386,6.148724966278339e-19,0.0001454058868192954,0.00010967500487827953,
aee56d207b,40000,555,1770450,17704.5,101.12547051124386,2.122051190713815e-19,0.0001454058868192954,0.00011008596795904381,
aee56d207b,40000,556,1773640,17736.4,101.12547051124386,8.299752183872768e-19,0.0001454058868192954,0.0001092346149768425,
aee56d207b,40000,557,1776830,17768.3,101.12547051124386,1.6544300258578896e-19,0.0001454058868192954,0.00011039112075230345,
aee56d207b,40000,558,1780020,17800.2,101.12547051124386,1.6519590753169985e-19,0.0001454058868192954,0.00011722160083827308,
aee56d207b,40000,559,1783210,17832.1,101.12547051124386,3.0694090786945097e-18,0.0001454058868192954,0.00010009883880240449,
aee56d207b,40000,560,1786400,17864.0,101.12547051124386,3.6154289094519037e-19,0.0001454058868192954,0.00012193536450195494,
aee56d207b,40000,561,1789590,17895.9,101.12547051124386,5.606300578888669e-19,0.0001454058868192954,0.00010049505480352709,
aee56d207b,40000,562,1792780,17927.8,101.12547051124386,4.528681956142729e-19,0.0001454058868192954,0.00011839719837265379,
aee56d207b,40000,563,1795970,17959.7,101.12547051124386,4.545123963613293e-19,0.0001454058868192954,0.00011458400264397408,
aee56d207b,40000,564,1799160,17991.6,101.12547051124386,2.2225342689279803e-17,0.0001454058868192954,0.00011189177979829509,
aee56d207b,40000,565,1802350,18023.5,101.12547051124386,1.4885593464480796e-18,0.0001454058868192954,0.00010198709730439342,
aee56d207b,40000,566,1805540,18055.4,101.12547051124386,2.8101046793177855e-17,0.0001454058868192954,0.00010926506101459323,
aee56d207b,40000,567,1808730,18087.3,101.12547051124386,6.64318788628277e-18,0.0001454058868192954,0.00012103963195539507,
aee56d207b,40000,568,1811920,18119.2,101.12547051124386,7.170865876546133e-18,0.0001454058868192954,0.00011874712229059661,
aee56d207b,40000,569,1815110,18151.1,101.12547051124386,7.78790849935044e-18,0.0001454058868192954,0.0001096318239340716,
aee56d207b,40000,570,1818300,18183.0,101.12547051124386,3.948477091271828e-18,0.0001454058868192954,0.00011222626450525726,
aee56d207b,40000,571,1821490,18214.9,101.12547051124386,7.257404221898982e-18,0.0001454058868192954,0.00012741241242745038,
aee56d207b,40000,572,1824680,18246.8,101.12547051124386,2.425877974844333e-18,0.0001454058868192954,0.00011198056824925688,
aee56d207b,40000,573,1827870,18278.7,101.12547051124386,3.763289829823514e-18,0.0001454058868192954,0.0001053608312947659,
aee56d207b,40000,574,1831060,18310.6,101.12547051124386,5.667636254035835e-17,0.0001454058868192954,0.00011148420114241732,
aee56d207b,40000,575,1834250,18342.5,101.1254705112373,2.1893839182208755e-18,0.0001444052436911304,0.00011922466052276778,
aee56d207b,40000,576,1837440,18374.4,101.1254705112373,2.2427018749323148e-18,0.0001444052436911304,0.00010495345367284477,
aee56d207b,40000,577,1840630,18406.3,101.1254705112373,1.2290177259733433e-17,0.0001444052436911304,0.00011108798984999022,
aee56d207b,40000,578,1843820,18438.2,101.1254705112373,8.04249501821361e-18,0.0001444052436911304,0.00011117891331803365,
aee56d207b,40000,579,1847010,18470.1,101.1254705112373,3.3942570239130533e-18,0.0001444052436911304,0.00011677010623038214,
aee56d207b,40000,580,1850200,18502.0,101.1254705112373,2.558114121365005e-18,0.0001444052436911304,0.00010920994392548067,
aee56d207b,40000,581,1853390,18533.9,101.1254705112373,3.660640911590913e-18,0.0001444052436911304,0.00011384522937949041,
aee56d207b,40000,582,1856580,18565.8,101.1254705112373,3.742333796332489e-18,0.0001444052436911304,0.00011739584622534514,
aee56d207b,40000,583,1859770,18597.7,101.1254705112373,4.0538721726780524e-18,0.0001444052436911304,9.849493799420754e-05,
aee56d207b,40000,584,1862960,18629.6,101.1254705112373,1.649636619119141e-17,0.0001444052436911304,0.00011047192801602387,
aee56d207b,40000,585,1866150,18661.5,101.1254705112373,1.543723271022153e-17,0.0001444052436911304,0.00010631242890789971,
aee56d207b,40000,586,1869340,18693.4,101.1254705112373,2.9060985831582926e-18,0.0001444052436911304,0.00011556328009271534,
aee56d207b,40000,587,1872530,18725.3,101.1254705112373,9.74205562453003e-18,0.0001444052436911304,0.00011715521558755472,
aee56d207b,40000,588,1875720,18757.2,101.1254705112373,2.8278606343874405e-18,0.0001444052436911304,0.0001172469925461612,
aee56d207b,40000,589,1878910,18789.1,101.1254705112373,3.4146178467113623e-18,0.0001444052436911304,0.00010865923424752051,
aee56d207b,40000,590,1882100,18821.0,101.1254705112373,2.3630728471155558e-17,0.0001444052436911304,0.00010373223844220446,
aee56d207b,40000,591,1885290,18852.9,101.1254705112373,2.3536971499622457e-17,0.0001444052436911304,0.00010939390635389066,
aee56d207b,40000,592,1888480,18884.8,101.1254705112373,1.710864239133664e-17,0.0001444052436911304,0.00010771569147354347,
aee56d207b,40000,593,1891670,18916.7,101.1254705112373,4.036015316266972e-18,0.0001444052436911304,0.00011084374261474,
aee56d207b,40000,594,1894860,18948.6,101.1254705112373,3.0611049669059555e-18,0.0001444052436911304,0.00010883806921171157,
aee56d207b,40000,595,1898050,18980.5,101.1254705112373,2.2643479921299134e-18,0.0001444052436911304,0.00012394195231537518,
aee56d207b,40000,596,1901240,19012.4,101.1254705112373,2.865951962982785e-18,0.0001444052436911304,0.0001188911222797778,
aee56d207b,40000,597,1904430,19044.3,101.1254705112373,1.4341993007972784e-17,0.0001444052436911304,0.00013033088853383592,
aee56d207b,40000,598,1907620,19076.2,101.1254705112373,4.248438584267356e-18,0.0001444052436911304,0.00011676426751728646,
aee56d207b,40000,599,1910810,19108.1,101.1254705112373,3.617906053039435e-18,0.0001444052436911304,0.00011473974422961577,
aee56d207b,40000,600,1914000,19140.0,101.1254705112373,7.576352059623794e-18,0.0001444052436911304,0.00011757852643759888,
aee56d207b,40000,601,1917190,19171.9,101.1254705112373,7.169401703722614e-18,0.0001444052436911304,0.00011261839937073934,
aee56d207b,40000,602,1920380,19203.8,101.1254705112373,3.812297698913741e-18,0.0001444052436911304,0.00010843901474446818,
aee56d207b,40000,603,1923570,19235.7,101.1254705112373,1.1568242205381008e-17,0.0001444052436911304,0.00011290557303803725,
aee56d207b,40000,604,1926760,19267.6,101.1254705112373,3.0583788821756197e-18,0.0001444052436911304,0.00012130896079240587,
aee56d207b,40000,605,1929950,19299.5,101.1254705112373,2.3224542051571773e-18,0.0001444052436911304,0.00010513429825397852,
aee56d207b,40000,606,1933140,19331.4,101.1254705112373,1.0613020329847333e-17,0.0001444052436911304,0.00010424591395763961,
aee56d207b,40000,607,1936330,19363.3,101.1254705112373,2.8971637509062058e-18,0.0001444052436911304,0.0001129826489424003,
aee56d207b,40000,608,1939520,19395.2,101.1254705112373,3.469700919520371e-18,0.0001444052436911304,0.0001041988333591781,
aee56d207b,40000,609,1942710,19427.1,101.1254705112373,1.0565117946985824e-17,0.0001444052436911304,0.00011272069789514152,
aee56d207b,40000,610,1945900,19459.0,101.1254705112373,2.6531766341154406e-18,0.0001444052436911304,0.00011775773505943962,
aee56d207b,40000,611,1949090,19490.9,101.1254705112373,8.629007198773691e-18,0.0001444052436911304,0.0001025763628535326,
aee56d207b,40000,612,1952280,19522.8,101.1254705112373,3.894423034376875e-18,0.0001444052436911304,0.00011024611807687105,
aee56d207b,40000,613,1955470,19554.7,101.1254705112373,3.853854100258388e-18,0.0001444052436911304,0.0001100976254630636,
aee56d207b,40000,614,1958660,19586.6,101.1254705112373,3.900692512377129e-18,0.0001444052436911304,0.00010647125163944201,
aee56d207b,40000,615,1961850,19618.5,101.1254705112373,5.649942757236686e-17,0.0001444052436911304,0.00010562888793645003,
aee56d207b,40000,616,1965040,19650.4,101.12547051122924,6.569614540054319e-18,0.0001752959776409979,0.00013534086932781098,
aee56d207b,40000,617,1968230,19682.3,101.12547051122924,4.254468199141779e-18,0.0001752959776409979,0.0001412953456230638,
aee56d207b,40000,618,1971420,19714.2,101.12547051122924,6.366654004847025e-18,0.0001752959776409979,0.0001374192661080012,
aee56d207b,40000,619,1974610,19746.1,101.12547051122924,1.0129187762875046e-17,0.0001752959776409979,0.00013364428347606655,
aee56d207b,40000,620,1977800,19778.0,101.12547051122924,1.5757470132865847e-17,0.0001752959776409979,0.00012132786125914717,
aee56d207b,40000,621,1980990,19809.9,101.12547051122924,7.740087452613876e-18,0.0001752959776409979,0.00013527555168928325,
aee56d207b,40000,622,1984180,19841.8,101.12547051122924,1.5895642447465848e-18,0.0001752959776409979,0.0001333535879137467,
aee56d207b,40000,623,1987370,19873.7,101.12547051122924,2.082582003613874e-18,0.0001752959776409979,0.00013851454022407664,
aee56d207b,40000,624,1990560,19905.6,101.12547051122924,4.6601923240669835e-18,0.0001752959776409979,0.0001419563331239469,
aee56d207b,40000,625,1993750,19937.5,101.12547051122924,1.4920817486362629e-18,0.0001752959776409979,0.00012632115798279597,
aee56d207b,40000,626,1996940,19969.4,101.12547051122924,9.92866377828501e-20,0.0001752959776409979,0.00013414547320786228,
aee56d207b,40000,627,2000130,20001.3,101.12547051122924,2.1860933320788954e-19,0.0001752959776409979,0.0001321400148800166,
aee56d207b,40000,628,2003320,20033.2,101.12547051122924,2.5818405709352737e-19,0.0001752959776409979,0.0001254740567546161,
aee56d207b,40000,629,2006510,20065.1,101.12547051122924,1.867652215105163e-19,0.0001752959776409979,0.00015334218966988055,
aee56d207b,40000,630,2009700,20097.0,101.12547051122924,3.8230421856924227e-19,0.0001752959776409979,0.00013099111918587347,
aee56d207b,40000,631,2012890,20128.9,101.12547051122924,3.870440890482471e-19,0.0001752959776409979,0.00013812518476235278,
aee56d207b,40000,632,2016080,20160.8,101.12547051122924,3.199098334424414e-19,0.0001752959776409979,0.00014212139001217391,
aee56d207b,40000,633,2019270,20192.7,101.12547051122924,2.3681408665922117e-19,0.0001752959776409979,0.00012339550915297786,
aee56d207b,40000,634,2022460,20224.6,101.12547051122924,2.0813079009581412e-19,0.0001752959776409979,0.0001300368240952161,
aee56d207b,40000,635,2025650,20256.5,101.12547051122924,9.536653787320936e-18,0.0001752959776409979,0.00013763119706316931,
aee56d207b,40000,636,2028840,20288.4,101.12547051122924,5.435245830358674e-18,0.0001752959776409979,0.0001338719537798434,
aee56d207b,40000,637,2032030,20320.3,101.12547051122924,3.931213434829862e-18,0.0001752959776409979,0.0001467380564121541,
aee56d207b,40000,638,2035220,20352.2,101.12547051122924,1.1716542762753384e-17,0.0001752959776409979,0.00013930682548902177,
aee56d207b,40000,639,2038410,20384.1,101.12547051122924,4.450823332527032e-18,0.0001752959776409979,0.00013626807795174477,
aee56d207b,40000,640,2041600,20416.0,101.12547051122924,3.4512513447665456e-18,0.0001752959776409979,0.0001396500860875687,
aee56d207b,40000,641,2044790,20447.9,101.12547051122924,2.5976217880905526e-18,0.0001752959776409979,0.00013922583641890783,
aee56d207b,40000,642,2047980,20479.8,101.12547051122924,2.1556187216942683e-18,0.0001752959776409979,0.00013234904499510186,
aee56d207b,40000,643,2051170,20511.7,101.12547051122924,3.2403660552818024e-18,0.0001752959776409979,0.00013597849504697247,
aee56d207b,40000,644,2054360,20543.6,101.12547051122924,8.054337498579155e-19,0.0001752959776409979,0.00013987509310871388,
aee56d207b,40000,645,2057550,20575.5,101.12547051122924,1.0023900072629081e-19,0.0001752959776409979,0.0001321759565523124,
aee56d207b,40000,646,2060740,20607.4,101.12547051122924,9.98331245911164e-20,0.0001752959776409979,0.00013360819468462922,
aee56d207b,40000,647,2063930,20639.3,101.12547051122924,1.6043546082954228e-19,0.0001752959776409979,0.00013281112322215984,
aee56d207b,40000,648,2067120,20671.2,101.12547051122924,2.102255956792953e-18,0.0001752959776409979,0.0001455443899217506,
aee56d207b,40000,649,2070310,20703.1,101.12547051122924,9.966620282052664e-20,0.0001752959776409979,0.00013418483732440095,
aee56d207b,40000,650,2073500,20735.0,101.12547051122924,2.860691837634941e-19,0.0001752959776409979,0.0001303592084804747,
aee56d207b,40000,651,2076690,20766.9,101.12547051122924,4.380766947388372e-19,0.0001752959776409979,0.00011926528787906151,
aee56d207b,40000,652,2079880,20798.8,101.12547051122924,4.702471778848215e-19,0.0001752959776409979,0.00014192599507803602,
aee56d207b,40000,653,2083070,20830.7,101.12547051122924,2.378084295794191e-19,0.0001752959776409979,0.0001373089447025481,
aee56d207b,40000,654,2086260,20862.6,101.12547051122924,2.856013482947015e-19,0.0001752959776409979,0.00012836174741678394,
aee56d207b,40000,655,2089450,20894.5,101.12547051122924,9.949345510991244e-20,0.0001752959776409979,0.00013130884684054664,
aee56d207b,40000,656,2092640,20926.4,101.12547051122924,4.587089637747527e-19,0.0001752959776409979,0.00014471298109591796,
aee56d207b,40000,657,2095830,20958.3,101.12547051122924,2.0795498674690184e-19,0.0001752959776409979,0.00014267966212001295,
aee56d207b,40000,658,2099020,20990.2,101.12547051122924,1.8188518620804636e-19,0.0001752959776409979,0.00013002521219976942,
aee56d207b,40000,659,2102210,21022.1,101.12547051122924,9.663562763776791e-19,0.0001752959776409979,0.00012672977804057648,
aee56d207b,40000,660,2105400,21054.0,101.12547051122924,2.568911016366235e-19,0.0001752959776409979,0.00012839662995672935,
aee56d207b,40000,661,2108590,21085.9,101.12547051122924,9.940033256974725e-20,0.0001752959776409979,0.00014425964400657703,
aee56d207b,40000,662,2111780,21117.8,101.12547051122924,3.7687002087225513e-19,0.0001752959776409979,0.0001437227039485693,
aee56d207b,40000,663,2114970,21149.7,101.12547051122924,2.0221990666491566e-19,0.0001752959776409979,0.00013387390182189498,
aee56d207b,40000,664,2118160,21181.6,101.12547051122924,7.402558632017552e-18,0.0001752959776409979,0.0001414074873375734,
aee56d207b,40000,665,2121350,21213.5,101.12547051122924,3.8335855865077264e-19,0.0001752959776409979,0.0001351118275887175,
aee56d207b,40000,666,2124540,21245.4,101.12547051122924,1.0859470520377445e-18,0.0001752959776409979,0.00014217861161978026,
aee56d207b,40000,667,2127730,21277.3,101.12547051122924,3.6464996101124855e-18,0.0001752959776409979,0.00013694444154387702,
aee56d207b,40000,668,2130920,21309.2,101.12547051122924,6.9024337234571845e-18,0.0001752959776409979,0.00013906069290076084,
aee56d207b,40000,669,2134110,21341.1,101.12547051122924,2.933138938881094e-18,0.0001752959776409979,0.00013802261511738258,
aee56d207b,40000,670,2137300,21373.0,101.12547051122924,3.287183481076704e-18,0.0001752959776409979,0.00013901129244902837,
aee56d207b,40000,671,2140490,21404.9,101.12547051122924,2.7601937008524685e-18,0.0001752959776409979,0.00013304675262119182,
aee56d207b,40000,672,2143680,21436.8,101.12547051122924,4.584355318698862e-18,0.0001752959776409979,0.0001405940356265052,
aee56d207b,40000,673,2146870,21468.7,101.12547051122924,2.353724245956375e-18,0.0001752959776409979,0.00013826428940424656,
aee56d207b,40000,674,2150060,21500.6,101.12547051122924,4.031445053817152e-17,0.0001752959776409979,0.00013105577831144476,
aee56d207b,40000,675,2153250,21532.5,101.12547051122924,2.046892270099181e-18,0.0001752959776409979,0.00013852727536546407,
aee56d207b,40000,676,2156440,21564.4,101.12547051122924,3.431488210190538e-18,0.0001752959776409979,0.00013381829753200062,
aee56d207b,40000,677,2159630,21596.3,101.12547051122924,3.2545472570410816e-18,0.0001752959776409979,0.0001437356737651968,
aee56d207b,40000,678,2162820,21628.2,101.12547051122924,2.603899439476942e-18,0.0001752959776409979,0.00013586772346903402,
aee56d207b,40000,679,2166010,21660.1,101.12547051122924,5.431546736970183e-18,0.0001752959776409979,0.00014204248893384853,
aee56d207b,40000,680,2169200,21692.0,101.12547051122924,3.103090550024425e-18,0.0001752959776409979,0.00013782744269068192,
aee56d207b,40000,681,2172390,21723.9,101.12547051122924,7.883544994318811e-18,0.0001752959776409979,0.00013514979246603414,
aee56d207b,40000,682,2175580,21755.8,101.12547051122924,2.92259093082794e-18,0.0001752959776409979,0.00012583399739829536,
aee56d207b,40000,683,2178770,21787.7,101.12547051122924,2.664737343753135e-17,0.0001752959776409979,0.00014219700611705315,
aee56d207b,40000,684,2181960,21819.6,101.12547051121797,3.120277415836507e-17,0.00013813948763289176,0.00011544998909652135,
aee56d207b,40000,685,2185150,21851.5,101.12547051121797,2.5028374929673078e-17,0.00013813948763289176,0.00010031174803301362,
aee56d207b,40000,686,2188340,21883.4,101.12547051121797,5.081667584454829e-18,0.00013813948763289176,0.00011091511100901904,
aee56d207b,40000,687,2191530,21915.3,101.12547051121797,2.0573348880888475e-18,0.00013813948763289176,0.0001079921934798195,
aee56d207b,40000,688,2194720,21947.2,101.12547051121797,1.264132222575731e-18,0.00013813948763289176,9.813809593620154e-05,
aee56d207b,40000,689,2197910,21979.1,101.12547051121797,1.0101436960228414e-18,0.00013813948763289176,0.00011631011060591394,
aee56d207b,40000,690,2201100,22011.0,101.12547051121797,5.803870795530356e-19,0.00013813948763289176,0.00010710608137282597,
aee56d207b,40000,691,2204290,22042.9,101.12547051121797,3.70992507446643e-18,0.00013813948763289176,0.00011307832352208796,
aee56d207b,40000,692,2207480,22074.8,101.12547051121797,1.642367611437584e-17,0.00013813948763289176,0.00010493967486263884,
aee56d207b,40000,693,2210670,22106.7,101.12547051121797,2.5015479080821532e-18,0.00013813948763289176,0.0001151405131675068,
aee56d207b,40000,694,2213860,22138.6,101.12547051121797,1.5548542559998892e-17,0.00013813948763289176,0.00011430749708230474,
aee56d207b,40000,695,2217050,22170.5,101.12547051121797,2.8844278304722396e-18,0.00013813948763289176,0.00012055068093053523,
aee56d207b,40000,696,2220240,22202.4,101.12547051121797,3.596130478425491e-18,0.00013813948763289176,0.00011319802191479571,
aee56d207b,40000,697,2223430,22234.3,101.12547051121797,4.132713329895423e-18,0.00013813948763289176,0.00010776262644457504,
aee56d207b,40000,698,2226620,22266.2,101.12547051121797,4.733629446923053e-18,0.00013813948763289176,0.00010872257742116502,
aee56d207b,40000,699,2229810,22298.1,101.12547051121797,4.293456225478987e-18,0.00013813948763289176,0.00010810224772862047,
aee56d207b,40000,700,2233000,22330.0,101.12547051121797,3.040305866154678e-18,0.00013813948763289176,0.00010864668167447688,
aee56d207b,40000,701,2236190,22361.9,101.12547051121797,2.0765177716457364e-17,0.00013813948763289176,0.00011492249392544486,
aee56d207b,40000,702,2239380,22393.8,101.12547051121797,3.085146098640188e-18,0.00013813948763289176,0.00010703275669236715,
aee56d207b,40000,703,2242570,22425.7,101.12547051121797,1.885442778514922e-17,0.00013813948763289176,0.00010019636763251258,
aee56d207b,40000,704,2245760,22457.6,101.12547051121797,1.0142920908502992e-17,0.00013813948763289176,9.138337122405891e-05,
aee56d207b,40000,705,2248950,22489.5,101.12547051121797,3.2000656263437387e-18,0.00013813948763289176,0.00011002788282296762,
aee56d207b,40000,706,2252140,22521.4,101.12547051121797,2.4419500458003984e-17,0.00013813948763289176,0.00010673262486735944,
aee56d207b,40000,707,2255330,22553.3,101.12547051121797,5.043010677738656e-18,0.00013813948763289176,0.00011342110429140713,
aee56d207b,40000,708,2258520,22585.2,101.12547051121797,3.992519574023518e-18,0.00013813948763289176,0.00010587806879991247,
aee56d207b,40000,709,2261710,22617.1,101.12547051121797,3.7312091649969244e-18,0.00013813948763289176,0.0001038906668650928,
aee56d207b,40000,710,2264900,22649.0,101.12547051121797,2.6686354025218914e-18,0.00013813948763289176,9.929640756567521e-05,
aee56d207b,40000,711,2268090,22680.9,101.12547051121797,7.746343274189472e-18,0.00013813948763289176,0.000109958901650267,
aee56d207b,40000,712,2271280,22712.8,101.12547051121797,4.767253910380221e-19,0.00013813948763289176,0.00011448509086666184,
aee56d207b,40000,713,2274470,22744.7,101.12547051121797,5.189369537205634e-19,0.00013813948763289176,0.00010716841207091469,
aee56d207b,40000,714,2277660,22776.6,101.12547051121797,5.506330896396054e-19,0.00013813948763289176,0.00010072586415530132,
aee56d207b,40000,715,2280850,22808.5,101.12547051121797,3.316160294784025e-19,0.00013813948763289176,0.00010985897026381554,
aee56d207b,40000,716,2284040,22840.4,101.12547051121797,3.7921526564857174e-18,0.00013813948763289176,0.00010154086838864702,
aee56d207b,40000,717,2287230,22872.3,101.12547051121797,4.4094284818809695e-18,0.00013813948763289176,0.00010866215056915988,
aee56d207b,40000,718,2290420,22904.2,101.12547051121797,3.691409092870151e-18,0.00013813948763289176,0.00010877291654266786,
aee56d207b,40000,719,2293610,22936.1,101.12547051121797,1.7176916070333367e-17,0.00013813948763289176,0.00011149674088546984,
aee56d207b,40000,720,2296800,22968.0,101.12547051121797,2.150029892798764e-18,0.00013813948763289176,9.922294776484682e-05,
aee56d207b,40000,721,2299990,22999.9,101.12547051121797,2.5514531502360522e-17,0.00013813948763289176,0.00010798145170886672,
aee56d207b,40000,722,2303180,23031.8,101.12547051121797,1.6060112867854118e-17,0.00013813948763289176,0.00010897606618108184,
aee56d207b,40000,723,2306370,23063.7,101.12547051121797,2.1170657088574025e-17,0.00013813948763289176,0.00010958661796708202,
aee56d207b,40000,724,2309560,23095.6,101.12547051121797,5.3859719923454865e-18,0.00013813948763289176,0.0001132899905968841,
aee56d207b,40000,725,2312750,23127.5,101.12547051121797,1.7812835396951586e-18,0.00013813948763289176,0.00011216007764620938,
aee56d207b,40000,726,2315940,23159.4,101.12547051121797,1.6986082811810307e-18,0.00013813948763289176,0.0001049753132323535,
aee56d207b,40000,727,2319130,23191.3,101.12547051121797,6.334196553140257e-19,0.00013813948763289176,0.0001076086939213908,
aee56d207b,40000,728,2322320,23223.2,101.12547051121797,5.021583671856421e-19,0.00013813948763289176,0.00010675330663713951,
aee56d207b,40000,729,2325510,23255.1,101.12547051121797,9.988537583322835e-18,0.00013813948763289176,9.934345020091011e-05,
aee56d207b,40000,730,2328700,23287.0,101.12547051121797,7.967113548310106e-20,0.00013813948763289176,0.00010566974143372932,
aee56d207b,40000,731,2331890,23318.9,101.12547051121797,3.2477742417989216e-19,0.00013813948763289176,0.00010709204006191506,
aee56d207b,40000,732,2335080,23350.8,101.12547051121797,5.756160489770976e-19,0.00013813948763289176,0.00011187273780990635,
aee56d207b,40000,733,2338270,23382.7,101.12547051121797,5.931656054902505e-19,0.00013813948763289176,0.00011329301681841512,
aee56d207b,40000,734,2341460,23414.6,101.12547051121797,1.5782073029626463e-19,0.00013813948763289176,0.0001083500204930433,
aee56d207b,40000,735,2344650,23446.5,101.12547051121797,2.2048478918423156e-19,0.00013813948763289176,0.00011828316622958101,
aee56d207b,40000,736,2347840,23478.4,101.12547051121797,4.155973558335611e-19,0.00013813948763289176,9.375553088233442e-05,
aee56d207b,40000,737,2351030,23510.3,101.12547051121797,1.865544675197274e-19,0.00013813948763289176,0.00010912469116845786,
aee56d207b,40000,738,2354220,23542.2,101.12547051121797,7.968217844834544e-19,0.00013813948763289176,0.00010242088760990647,
aee56d207b,40000,739,2357410,23574.1,101.12547051121797,2.180754210089026e-19,0.00013813948763289176,0.00010796109490070239,
aee56d207b,40000,740,2360600,23606.0,101.12547051121797,1.4061288981861989e-18,0.00013813948763289176,0.00010242553991223646,
aee56d207b,40000,741,2363790,23637.9,101.12547051121797,2.631979783366166e-19,0.00013813948763289176,0.0001032706072132392,
aee56d207b,40000,742,2366980,23669.8,101.12547051121797,1.569089388172716e-19,0.00013813948763289176,0.00010615513126577396,
aee56d207b,40000,743,2370170,23701.7,101.12547051121797,4.194520607630759e-18,0.00013813948763289176,0.00010119285163189141,
aee56d207b,40000,744,2373360,23733.6,101.12547051121797,4.344683700201617e-18,0.00013813948763289176,9.996993572605914e-05,
aee56d207b,40000,745,2376550,23765.5,101.12547051121797,2.8047610813592774e-18,0.00013813948763289176,0.00011262313028622477,
aee56d207b,40000,746,2379740,23797.4,101.12547051121797,4.1089666962887855e-19,0.00013813948763289176,0.00010418322038829135,
aee56d207b,40000,747,2382930,23829.3,101.12547051121797,1.6875455078485206e-18,0.00013813948763289176,0.00011111809479049295,
aee56d207b,40000,748,2386120,23861.2,101.12547051121797,1.5658845518888879e-19,0.00013813948763289176,0.00010658081228773019,
aee56d207b,40000,749,2389310,23893.1,101.12547051121797,3.9040192976242476e-19,0.00013813948763289176,0.00011348046818843201,
aee56d207b,40000,750,2392500,23925.0,101.12547051121797,1.1568521098394876e-18,0.00013813948763289176,0.00011155389647882669,
aee56d207b,40000,751,2395690,23956.9,101.12547051121797,1.0330402997489175e-18,0.00013813948763289176,0.0001080810724904572,
aee56d207b,40000,752,2398880,23988.8,101.12547051121797,3.9764961491554457e-19,0.00013813948763289176,0.00010466170741100883,
aee56d207b,40000,753,2402070,24020.7,101.12547051121797,7.400277591544895e-19,0.00013813948763289176,0.00010586661929862001,
aee56d207b,40000,754,2405260,24052.6,101.12547051121797,1.2090880511813102e-19,0.00013813948763289176,0.0001093540680817954,
aee56d207b,40000,755,2408450,24084.5,101.12547051121797,2.4462542601907112e-17,0.00013813948763289176,0.00010432457851205963,
aee56d207b,40000,756,2411640,24116.4,101.12547051121797,1.937355215595925e-17,0.00013813948763289176,0.00010903922603298071,
aee56d207b,40000,757,2414830,24148.3,101.12547051121797,8.467630056805681e-18,0.00013813948763289176,0.00011544986396563783,
aee56d207b,40000,758,2418020,24180.2,101.12547051121797,3.8931924027107395e-17,0.00013813948763289176,9.315067144930104e-05,
aee56d207b,40000,759,2421210,24212.1,101.12547051121797,1.5035916602237933e-17,0.00013813948763289176,9.944146886740798e-05,
aee56d207b,40000,760,2424400,24244.0,101.12547051121797,7.64750315188083e-18,0.00013813948763289176,0.0001004922902519452,
aee56d207b,40000,761,2427590,24275.9,101.12547051121797,2.0547356699808427e-17,0.00013813948763289176,0.00010269588168686522,
aee56d207b,40000,762,2430780,24307.8,101.12547051121797,1.0194157157912135e-17,0.00013813948763289176,0.00010601483351893491,
aee56d207b,40000,763,2433970,24339.7,101.12547051121797,5.900062824255555e-18,0.00013813948763289176,0.00011617814206651574,
aee56d207b,40000,764,2437160,24371.6,101.12547051121797,2.998403154591181e-18,0.00013813948763289176,0.00010961061801762941,
aee56d207b,40000,765,2440350,24403.5,101.12547051121797,2.9042118210004192e-18,0.00013813948763289176,0.00011155681627719718,
aee56d207b,40000,766,2443540,24435.4,101.12547051121797,8.361530853823273e-18,0.00013813948763289176,9.859987119779995e-05,
aee56d207b,40000,767,2446730,24467.3,101.12547051121797,3.82436414432262e-18,0.00013813948763289176,0.0001056474477590323,
aee56d207b,40000,768,2449920,24499.2,101.12547051121797,1.8311118661493006e-17,0.00013813948763289176,0.00010478561123695925,
aee56d207b,40000,769,2453110,24531.1,101.12547051121797,1.0860323211207263e-17,0.00013813948763289176,0.00010329931537956726,
aee56d207b,40000,770,2456300,24563.0,101.12547051121797,1.935318120388628e-16,0.00013813948763289176,0.00010599628004958905,
aee56d207b,40000,771,2459490,24594.9,101.12547051121456,7.104470393859388e-18,0.00029171015581070124,0.0002487190101083234,
aee56d207b,40000,772,2462680,24626.8,101.12547051121456,7.300187922174159e-18,0.00029171015581070124,0.00024182034551741563,
aee56d207b,40000,773,2465870,24658.7,101.12547051121456,1.5695866792875037e-17,0.00029171015581070124,0.00020701321812980524,
aee56d207b,40000,774,2469060,24690.6,101.12547051121456,1.1165490717727182e-17,0.00029171015581070124,0.00024330715668259643,
aee56d207b,40000,775,2472250,24722.5,101.12547051121456,3.02918684094783e-18,0.00029171015581070124,0.00023009992324024624,
aee56d207b,40000,776,2475440,24754.4,101.12547051121456,3.778851449214594e-18,0.00029171015581070124,0.00022495123023741053,
aee56d207b,40000,777,2478630,24786.3,101.12547051121456,2.920928241125547e-18,0.00029171015581070124,0.0002472628007408115,
aee56d207b,40000,778,2481820,24818.2,101.12547051121456,1.3632372278254771e-18,0.00029171015581070124,0.00021668396515664407,
aee56d207b,40000,779,2485010,24850.1,101.12547051121456,2.908675179218496e-19,0.00029171015581070124,0.0002053052863456096,
aee56d207b,40000,780,2488200,24882.0,101.12547051121456,4.0379582505318644e-18,0.00029171015581070124,0.00023019910598200312,
aee56d207b,40000,781,2491390,24913.9,101.12547051121456,1.8043714159086684e-17,0.00029171015581070124,0.00020438411482459393,
aee56d207b,40000,782,2494580,24945.8,101.12547051121106,2.23292939706213e-17,0.0003044679184773025,0.00023820087685430592,
aee56d207b,40000,783,2497770,24977.7,101.12547051121106,7.454020227935052e-18,0.0003044679184773025,0.0002482059333984538,
aee56d207b,40000,784,2500960,25009.6,101.12547051121106,2.526684561429414e-18,0.0003044679184773025,0.00024259363167539703,
aee56d207b,40000,785,2504150,25041.5,101.12547051121106,1.2138922421065213e-17,0.0003044679184773025,0.00020568003957823427,
aee56d207b,40000,786,2507340,25073.4,101.12547051121106,1.570418114532229e-18,0.0003044679184773025,0.00024764360332093306,
aee56d207b,40000,787,2510530,25105.3,101.12547051121106,6.878796476336604e-19,0.0003044679184773025,0.0002525766730606833,
aee56d207b,40000,788,2513720,25137.2,101.12547051121106,1.8429238495218046e-19,0.0003044679184773025,0.0002437028724481121,
aee56d207b,40000,789,2516910,25169.1,101.12547051121106,4.912762845664783e-19,0.0003044679184773025,0.00023498379106177346,
aee56d207b,40000,790,2520100,25201.0,101.12547051121106,1.5818484690083411e-19,0.0003044679184773025,0.00023956687456525946,
aee56d207b,40000,791,2523290,25232.9,101.12547051121106,1.833055656952073e-19,0.0003044679184773025,0.0002297228171976434,
aee56d207b,40000,792,2526480,25264.8,101.12547051121106,1.366116967767439e-19,0.0003044679184773025,0.00025683476828055327,
aee56d207b,40000,793,2529670,25296.7,101.12547051121106,1.04400683064585e-19,0.0003044679184773025,0.0002286670917712072,
aee56d207b,40000,794,2532860,25328.6,101.12547051121106,1.9366320435417313e-19,0.0003044679184773025,0.0002384432964678179,
aee56d207b,40000,795,2536050,25360.5,101.12547051121106,1.1459997051126035e-19,0.0003044679184773025,0.00021524370669432193,
aee56d207b,40000,796,2539240,25392.4,101.12547051121106,3.069621793842509e-19,0.0003044679184773025,0.00023006980349871454,
aee56d207b,40000,797,2542430,25424.3,101.12547051121106,2.114424450331807e-19,0.0003044679184773025,0.00023569702377112023,
aee56d207b,40000,798,2545620,25456.2,101.12547051121106,1.4107890982255306e-19,0.0003044679184773025,0.00024527668043381883,
aee56d207b,40000,799,2548810,25488.1,101.12547051121106,1.105504325505028e-19,0.0003044679184773025,0.00021628796164755088,
aee56d207b,40000,800,2552000,25520.0,101.12547051121106,3.130775427409406e-19,0.0003044679184773025,0.00023531034399047027,
aee56d207b,40000,801,2555190,25551.9,101.12547051121106,1.4240465956163025e-19,0.0003044679184773025,0.00023651046936647423,
aee56d207b,40000,802,2558380,25583.8,101.12547051121106,1.5760535270442485e-19,0.0003044679184773025,0.00023840634245784524,
aee56d207b,40000,803,2561570,25615.7,101.12547051121106,1.7583162204414178e-19,0.0003044679184773025,0.00023584489410741273,
aee56d207b,40000,804,2564760,25647.6,101.12547051121106,5.727382046265573e-20,0.0003044679184773025,0.00024352628149033683,
aee56d207b,40000,805,2567950,25679.5,101.12547051121106,1.379182333741907e-18,0.0003044679184773025,0.00022041077986656787,
aee56d207b,40000,806,2571140,25711.4,101.12547051121106,9.818010402720683e-19,0.0003044679184773025,0.00024292697732136983,
aee56d207b,40000,807,2574330,25743.3,101.12547051121106,1.5795211311543176e-17,0.0003044679184773025,0.00026745274548573087,
aee56d207b,40000,808,2577520,25775.2,101.12547051121106,5.228836968154224e-19,0.0003044679184773025,0.00023032787237009685,
aee56d207b,40000,809,2580710,25807.1,101.12547051121106,3.485252459924479e-19,0.0003044679184773025,0.00021013950781003177,
aee56d207b,40000,810,2583900,25839.0,101.12547051121106,1.3567739767941551e-17,0.0003044679184773025,0.00022140355582425715,
aee56d207b,40000,811,2587090,25870.9,101.12547051121106,1.5810188920564064e-17,0.0003044679184773025,0.00023148726556512152,
aee56d207b,40000,812,2590280,25902.8,101.12547051121106,9.445988295511863e-17,0.0003044679184773025,0.00025429850589218434,
aee56d207b,40000,813,2593470,25934.7,101.12547051119734,1.9488788917049826e-17,0.0004501834290687378,0.00034485863769911256,
aee56d207b,40000,814,2596660,25966.6,101.12547051119734,1.1681242724390818e-17,0.0004501834290687378,0.00037193885042568906,
aee56d207b,40000,815,2599850,25998.5,101.12547051119734,3.429811150550043e-17,0.0004501834290687378,0.0003529390846927425,
aee56d207b,40000,816,2603040,26030.4,101.12547051119434,3.0161028065349043e-17,0.00047188045843262155,0.0003590083663644094,
aee56d207b,40000,817,2606230,26062.3,101.12547051116358,1.8669359532789038e-17,0.00041846385047378666,0.00031075080274480123,
aee56d207b,40000,818,2609420,26094.2,101.12547051116358,7.93359566192931e-18,0.00041846385047378666,0.00030539797808906976,
aee56d207b,40000,819,2612610,26126.1,101.12547051116358,5.678635107228359e-18,0.00041846385047378666,0.00029308620121714426,
aee56d207b,40000,820,2615800,26158.0,101.12547051116358,1.5461319011647243e-17,0.00041846385047378666,0.0003364463665526149,
aee56d207b,40000,821,2618990,26189.9,101.12547051116358,7.667658876282633e-18,0.00041846385047378666,0.0003233415056006012,
aee56d207b,40000,822,2622180,26221.8,101.12547051116358,2.0166980696424403e-18,0.00041846385047378666,0.0003273328354170608,
aee56d207b,40000,823,2625370,26253.7,101.12547051116358,5.654355654365211e-19,0.00041846385047378666,0.00035461355084913344,
aee56d207b,40000,824,2628560,26285.6,101.12547051116358,1.2483501539183383e-19,0.00041846385047378666,0.0003297218204984371,
aee56d207b,40000,825,2631750,26317.5,101.12547051116358,1.0344736616570468e-19,0.00041846385047378666,0.00035387552960098185,
aee56d207b,40000,826,2634940,26349.4,101.12547051116358,1.2632093455967405e-19,0.00041846385047378666,0.00030160717938510466,
aee56d207b,40000,827,2638130,26381.3,101.12547051116358,2.0362363065079793e-19,0.00041846385047378666,0.0003275020699525646,
aee56d207b,40000,828,2641320,26413.2,101.12547051116358,1.3073130760137155e-19,0.00041846385047378666,0.00032335228807639483,
aee56d207b,40000,829,2644510,26445.1,101.12547051116358,2.1829510244612303e-19,0.00041846385047378666,0.0003606247857234904,
aee56d207b,40000,830,2647700,26477.0,101.12547051116358,1.269250459954305e-19,0.00041846385047378666,0.00033354669064651366,
aee56d207b,40000,831,2650890,26508.9,101.12547051116358,1.6830502987244498e-19,0.00041846385047378666,0.00032286920501704657,
aee56d207b,40000,832,2654080,26540.8,101.12547051116358,1.093952045254966e-19,0.00041846385047378666,0.0003356271973055027,
aee56d207b,40000,833,2657270,26572.7,101.12547051116358,1.1912386441036036e-19,0.00041846385047378666,0.00034375936613421476,
aee56d207b,40000,834,2660460,26604.6,101.12547051116358,1.7386480900221098e-19,0.00041846385047378666,0.00033150500941538357,
aee56d207b,40000,835,2663650,26636.5,101.12547051116358,1.1512435465192258e-19,0.00041846385047378666,0.00031806639474225715,
aee56d207b,40000,836,2666840,26668.4,101.12547051116358,1.3995676241635574e-19,0.00041846385047378666,0.000326806618395521,
aee56d207b,40000,837,2670030,26700.3,101.12547051116358,3.360177711506114e-17,0.00041846385047378666,0.00034020589048867927,
aee56d207b,40000,838,2673220,26732.2,101.12547051116358,5.9758377955901806e-18,0.00041846385047378666,0.0003388162573766715,
aee56d207b,40000,839,2676410,26764.1,101.12547051116358,9.003880019452592e-20,0.00041846385047378666,0.0003080409899613526,
aee56d207b,40000,840,2679600,26796.0,101.12547051116358,1.8061516868413627e-17,0.00041846385047378666,0.0003164779557935435,
aee56d207b,40000,841,2682790,26827.9,101.12547051116358,9.273762684346426e-19,0.00041846385047378666,0.0003638090516943702,
aee56d207b,40000,842,2685980,26859.8,101.12547051116358,2.7133467296287477e-19,0.00041846385047378666,0.00028320158917578586,
aee56d207b,40000,843,2689170,26891.7,101.12547051116358,1.0358802319790209e-19,0.00041846385047378666,0.0002839792059138327,
aee56d207b,40000,844,2692360,26923.6,101.12547051116358,1.041624656958761e-19,0.00041846385047378666,0.00033875845204154974,
aee56d207b,40000,845,2695550,26955.5,101.12547051116358,8.153653509896587e-20,0.00041846385047378666,0.00031879015054964724,
aee56d207b,40000,846,2698740,26987.4,101.12547051116358,1.2198312430497983e-19,0.00041846385047378666,0.000325387306529928,
aee56d207b,40000,847,2701930,27019.3,101.12547051116358,1.2320879189433284e-19,0.00041846385047378666,0.00036045975224960894,
aee56d207b,40000,848,2705120,27051.2,101.12547051116358,2.298578553000425e-19,0.00041846385047378666,0.0003354038600681766,
aee56d207b,40000,849,2708310,27083.1,101.12547051116358,8.329634125989229e-20,0.00041846385047378666,0.00033622225382658216,
aee56d207b,40000,850,2711500,27115.0,101.12547051116358,2.852783588065696e-19,0.00041846385047378666,0.0003173721840979756,
aee56d207b,40000,851,2714690,27146.9,101.12547051116358,3.2019001899191276e-18,0.00041846385047378666,0.00030056625251063577,
aee56d207b,40000,852,2717880,27178.8,101.12547051116358,3.709007723394748e-17,0.00041846385047378666,0.0003472974374453348,
aee56d207b,40000,853,2721070,27210.7,101.12547051113788,8.557225550435956e-18,0.0004056892758061973,0.0002708173536092047,
aee56d207b,40000,854,2724260,27242.6,101.12547051113788,2.4187830771841426e-17,0.0004056892758061973,0.00034466688787995086,
aee56d207b,40000,855,2727450,27274.5,101.12547051113788,1.485957497452371e-17,0.0004056892758061973,0.0003108053935429517,
aee56d207b,40000,856,2730640,27306.4,101.12547051113788,6.3140872827914585e-18,0.0004056892758061973,0.0003282696944124674,
aee56d207b,40000,857,2733830,27338.3,101.12547051113788,7.65484592585221e-18,0.0004056892758061973,0.0002957153726139597,
aee56d207b,40000,858,2737020,27370.2,101.12547051113788,3.699037265121617e-18,0.0004056892758061973,0.00026547419739469464,
aee56d207b,40000,859,2740210,27402.1,101.12547051113788,2.232464875095816e-19,0.0004056892758061973,0.00033582973940375854,
aee56d207b,40000,860,2743400,27434.0,101.12547051113788,9.225916418711223e-20,0.0004056892758061973,0.0002820211979198729,
aee56d207b,40000,861,2746590,27465.9,101.12547051113788,1.296784205193221e-19,0.0004056892758061973,0.00033405788114489714,
aee56d207b,40000,862,2749780,27497.8,101.12547051113788,1.0304706213383494e-19,0.0004056892758061973,0.00031101929971521835,
aee56d207b,40000,863,2752970,27529.7,101.12547051113788,1.1510252349997127e-19,0.0004056892758061973,0.00028965319314225914,
aee56d207b,40000,864,2756160,27561.6,101.12547051113788,5.358166246815162e-18,0.0004056892758061973,0.0003327267497220829,
aee56d207b,40000,865,2759350,27593.5,101.12547051113788,4.958032360420887e-18,0.0004056892758061973,0.0002951854677156798,
aee56d207b,40000,866,2762540,27625.4,101.12547051113788,5.351640998189813e-19,0.0004056892758061973,0.00031236129519276925,
aee56d207b,40000,867,2765730,27657.3,101.12547051113788,1.0101523946345803e-19,0.0004056892758061973,0.0003008658534271439,
aee56d207b,40000,868,2768920,27689.2,101.12547051113788,1.1101316178570808e-19,0.0004056892758061973,0.0003175950193168407,
aee56d207b,40000,869,2772110,27721.1,101.12547051113788,1.2045857842027684e-19,0.0004056892758061973,0.0003420052115146696,
aee56d207b,40000,870,2775300,27753.0,101.12547051113788,1.2346852845314524e-19,0.0004056892758061973,0.0002653687059126578,
aee56d207b,40000,871,2778490,27784.9,101.12547051113788,1.9821867520936482e-19,0.0004056892758061973,0.0002857525428693712,
aee56d207b,40000,872,2781680,27816.8,101.12547051113788,7.97395867335406e-20,0.0004056892758061973,0.0003206657793385106,
aee56d207b,40000,873,2784870,27848.7,101.12547051113788,1.1486475686971376e-19,0.0004056892758061973,0.0003135561162690761,
aee56d207b,40000,874,2788060,27880.6,101.12547051113788,1.010725170405973e-19,0.0004056892758061973,0.00033225417460858826,
aee56d207b,40000,875,2791250,27912.5,101.12547051113788,1.2663860295510764e-19,0.0004056892758061973,0.00031984238926789605,
aee56d207b,40000,876,2794440,27944.4,101.12547051113788,1.1249152603016278e-19,0.0004056892758061973,0.00029214407283087646,
aee56d207b,40000,877,2797630,27976.3,101.12547051113788,7.77225582499869e-20,0.0004056892758061973,0.0002971238504210003,
aee56d207b,40000,878,2800820,28008.2,101.12547051113788,2.4096458946631875e-17,0.0004056892758061973,0.0003099285305442391,
aee56d207b,40000,879,2804010,28040.1,101.12547051113788,2.7698641218950327e-17,0.0004056892758061973,0.00030564607800283056,
aee56d207b,40000,880,2807200,28072.0,101.12547051113438,1.38633212563828e-17,0.000418447222841711,0.0003216940857980268,
aee56d207b,40000,881,2810390,28103.9,101.12547051113438,1.2653347392270803e-17,0.000418447222841711,0.00031461749382774443,
aee56d207b,40000,882,2813580,28135.8,101.12547051113438,5.349233038791836e-18,0.000418447222841711,0.0003270426660017882,
aee56d207b,40000,883,2816770,28167.7,101.12547051113438,1.5754868150450525e-18,0.000418447222841711,0.00029293845548792463,
aee56d207b,40000,884,2819960,28199.6,101.12547051113438,3.135666912482859e-18,0.000418447222841711,0.0003469286974654178,
aee56d207b,40000,885,2823150,28231.5,101.12547051113438,6.435429527527065e-19,0.000418447222841711,0.0003398108564639097,
aee56d207b,40000,886,2826340,28263.4,101.12547051113438,3.9045765073382616e-19,0.000418447222841711,0.0003422249602568413,
aee56d207b,40000,887,2829530,28295.3,101.12547051113438,2.1914390353828413e-17,0.000418447222841711,0.0003118206135886223,
aee56d207b,40000,888,2832720,28327.2,101.12547051113438,2.420750918910556e-18,0.000418447222841711,0.0003145829843921975,
aee56d207b,40000,889,2835910,28359.1,101.12547051113438,5.004981848282415e-18,0.000418447222841711,0.0003469244298294026,
aee56d207b,40000,890,2839100,28391.0,101.12547051113438,2.609835288978968e-18,0.000418447222841711,0.0002929476805553566,
aee56d207b,40000,891,2842290,28422.9,101.12547051113438,2.2182259052444546e-18,0.000418447222841711,0.0003299060200080116,
aee56d207b,40000,892,2845480,28454.8,101.12547051113438,3.943801399436176e-18,0.000418447222841711,0.00030875966059752414,
aee56d207b,40000,893,2848670,28486.7,101.12547051113438,1.4211868383258968e-18,0.000418447222841711,0.00034505329801528276,
aee56d207b,40000,894,2851860,28518.6,101.12547051113438,1.1506898080461727e-19,0.000418447222841711,0.00031311599683487434,
aee56d207b,40000,895,2855050,28550.5,101.12547051113438,1.4331180329467716e-19,0.000418447222841711,0.0003239201678654163,
aee56d207b,40000,896,2858240,28582.4,101.12547051113438,1.85352633685077e-19,0.000418447222841711,0.00032875451179113514,
aee56d207b,40000,897,2861430,28614.3,101.12547051113438,9.855116574549813e-20,0.000418447222841711,0.00033083052222486226,
aee56d207b,40000,898,2864620,28646.2,101.12547051113438,1.1554493422952116e-19,0.000418447222841711,0.0002998015554923857,
aee56d207b,40000,899,2867810,28678.1,101.12547051113438,1.4131609698507824e-19,0.000418447222841711,0.0003047312043465326,
aee56d207b,40000,900,2871000,28710.0,101.12547051113438,1.5043406651552558e-19,0.000418447222841711,0.000318303889355986,
aee56d207b,40000,901,2874190,28741.9,101.12547051113438,1.3691379435172172e-19,0.000418447222841711,0.00029880336480922216,
aee56d207b,40000,902,2877380,28773.8,101.12547051113438,1.0754583650901726e-19,0.000418447222841711,0.00034942592527262897,
aee56d207b,40000,903,2880570,28805.7,101.12547051113438,1.5117640457254217e-19,0.000418447222841711,0.0003302431301685435,
aee56d207b,40000,904,2883760,28837.6,101.12547051113438,7.363070920975644e-20,0.000418447222841711,0.000313843990143659,
aee56d207b,40000,905,2886950,28869.5,101.12547051113438,6.7929484187445084e-18,0.000418447222841711,0.0003090961726865687,
aee56d207b,40000,906,2890140,28901.4,101.12547051113438,4.06498844018426e-18,0.000418447222841711,0.00036027990875761384,
aee56d207b,40000,907,2893330,28933.3,101.12547051113438,2.354317797450017e-18,0.000418447222841711,0.0003292517630483596,
aee56d207b,40000,908,2896520,28965.2,101.12547051113438,1.8535639545918056e-18,0.000418447222841711,0.000328309387509666,
aee56d207b,40000,909,2899710,28997.1,101.12547051113438,4.1749635243938347e-19,0.000418447222841711,0.00033946401729616595,
aee56d207b,40000,910,2902900,29029.0,101.12547051113438,7.647416212692909e-20,0.000418447222841711,0.0003237305368598239,
aee56d207b,40000,911,2906090,29060.9,101.12547051113438,3.9436943990625966e-17,0.000418447222841711,0.0003234472852280202,
aee56d207b,40000,912,2909280,29092.8,101.12547051113438,2.878864189222246e-18,0.000418447222841711,0.00033374561142824363,
aee56d207b,40000,913,2912470,29124.7,101.12547051113438,2.4429498180790894e-17,0.000418447222841711,0.0003452662328863909,
aee56d207b,40000,914,2915660,29156.6,101.12547051113438,1.1700977847503033e-17,0.000418447222841711,0.00033432998422715915,
aee56d207b,40000,915,2918850,29188.5,101.12547051113438,4.729109020716768e-18,0.000418447222841711,0.00032761158670850015,
aee56d207b,40000,916,2922040,29220.4,101.12547051113438,1.403554264057448e-17,0.000418447222841711,0.00030086498213719603,
aee56d207b,40000,917,2925230,29252.3,101.12547051113438,2.162283915058486e-18,0.000418447222841711,0.00032688011766888705,
aee56d207b,40000,918,2928420,29284.2,101.12547051113438,7.639715259746221e-18,0.000418447222841711,0.0003321510652111933,
aee56d207b,40000,919,2931610,29316.1,101.12547051113438,2.587496666751085e-18,0.000418447222841711,0.00033883437468260524,
aee56d207b,40000,920,2934800,29348.0,101.12547051113438,6.393525567127735e-18,0.000418447222841711,0.00032370603999547893,
aee56d207b,40000,921,2937990,29379.9,101.12547051113438,7.659661913533535e-18,0.000418447222841711,0.00031100329982312294,
aee56d207b,40000,922,2941180,29411.8,101.12547051113438,1.3451729517882655e-18,0.000418447222841711,0.0002648529980712891,
aee56d207b,40000,923,2944370,29443.7,101.12547051113438,4.776210051896033e-19,0.000418447222841711,0.00026042183110404593,
aee56d207b,40000,924,2947560,29475.6,101.12547051113438,1.9662313321802902e-19,0.000418447222841711,0.00028672246428768696,
aee56d207b,40000,925,2950750,29507.5,101.12547051113438,8.074598557907222e-18,0.000418447222841711,0.00034001582681441147,
aee56d207b,40000,926,2953940,29539.4,101.12547051113438,2.1921199812058495e-19,0.000418447222841711,0.0003376167147725734,
aee56d207b,40000,927,2957130,29571.3,101.12547051113438,7.828501622161325e-20,0.000418447222841711,0.00031469407105384826,
aee56d207b,40000,928,2960320,29603.2,101.12547051113438,1.6568017299177485e-17,0.000418447222841711,0.0003219345178560089,
aee56d207b,40000,929,2963510,29635.1,101.12547051113438,9.365685187030533e-18,0.000418447222841711,0.00030879362985110223,
aee56d207b,40000,930,2966700,29667.0,101.12547051113438,1.8341630829789892e-18,0.000418447222841711,0.00034307709581620735,
aee56d207b,40000,931,2969890,29698.9,101.12547051113438,3.5873126039893296e-18,0.000418447222841711,0.00031681497233568073,
aee56d207b,40000,932,2973080,29730.8,101.12547051113438,2.8555608296372498e-18,0.000418447222841711,0.0003230094198678061,
aee56d207b,40000,933,2976270,29762.7,101.12547051113438,1.2714230862310669e-19,0.000418447222841711,0.0003660288611883,
aee56d207b,40000,934,2979460,29794.6,101.12547051113438,1.4081960220612603e-19,0.000418447222841711,0.0003425103376364365,
aee56d207b,40000,935,2982650,29826.5,101.12547051113438,1.1908425756545288e-19,0.000418447222841711,0.0003159728225217859,
aee56d207b,40000,936,2985840,29858.4,101.12547051113438,1.0433677420898804e-19,0.000418447222841711,0.00029542287684892836,
aee56d207b,40000,937,2989030,29890.3,101.12547051113438,8.278720615470675e-20,0.000418447222841711,0.0003064841789724397,
aee56d207b,40000,938,2992220,29922.2,101.12547051113438,1.1785616195783456e-19,0.000418447222841711,0.00036442450274610784,
aee56d207b,40000,939,2995410,29954.1,101.12547051113438,1.4215242864849227e-19,0.000418447222841711,0.0003030069674256886,
aee56d207b,40000,940,2998600,29986.0,101.12547051113438,9.994799683893331e-20,0.000418447222841711,0.0003479044918238227,
aee56d207b,40000,941,3001790,30017.9,101.12547051113438,1.1889247995971745e-19,0.000418447222841711,0.00033399157072666055,
aee56d207b,40000,942,3004980,30049.8,101.12547051113438,1.1869626130051865e-19,0.000418447222841711,0.00032364513626125907,
aee56d207b,40000,943,3008170,30081.7,101.12547051113438,7.386000166235275e-20,0.000418447222841711,0.0003437266022229174,
aee56d207b,40000,944,3011360,30113.6,101.12547051113438,1.4937516995382666e-19,0.000418447222841711,0.0003069161646372638,
aee56d207b,40000,945,3014550,30145.5,101.12547051113438,1.545633994152187e-19,0.000418447222841711,0.0003265263467910171,
aee56d207b,40000,946,3017740,30177.4,101.12547051113438,1.2577697689665471e-17,0.000418447222841711,0.0003061891350038933,
aee56d207b,40000,947,3020930,30209.3,101.12547051113438,2.0851613124050012e-18,0.000418447222841711,0.0003201892021580983,
aee56d207b,40000,948,3024120,30241.2,101.12547051113438,7.984183026297421e-18,0.000418447222841711,0.0002896018220123963,
aee56d207b,40000,949,3027310,30273.1,101.12547051113438,2.0560064771685496e-18,0.000418447222841711,0.0002982246786158031,
aee56d207b,40000,950,3030500,30305.0,101.12547051113438,1.6192023594752863e-18,0.000418447222841711,0.00032837949321248936,
aee56d207b,40000,951,3033690,30336.9,101.12547051113438,1.4477882635167268e-18,0.000418447222841711,0.00033986301669338396,
aee56d207b,40000,952,3036880,30368.8,101.12547051113438,8.656441464218109e-19,0.000418447222841711,0.0002842075648509906,
aee56d207b,40000,953,3040070,30400.7,101.12547051113438,2.9613060612297096e-19,0.000418447222841711,0.00029089610924144246,
aee56d207b,40000,954,3043260,30432.6,101.12547051113438,4.64295724144211e-18,0.000418447222841711,0.00033112375463373284,
aee56d207b,40000,955,3046450,30464.5,101.12547051113438,1.0768953527512784e-19,0.000418447222841711,0.0003041958059301638,
aee56d207b,40000,956,3049640,30496.4,101.12547051113438,1.1674223433413801e-19,0.000418447222841711,0.00032320953936585875,
aee56d207b,40000,957,3052830,30528.3,101.12547051113438,6.656969404821265e-18,0.000418447222841711,0.000344815927596743,
aee56d207b,40000,958,3056020,30560.2,101.12547051113438,4.913935252491253e-19,0.000418447222841711,0.0003495342421594177,
aee56d207b,40000,959,3059210,30592.1,101.12547051113438,1.1630737346366423e-19,0.000418447222841711,0.0003086543128873568,
aee56d207b,40000,960,3062400,30624.0,101.12547051113438,9.053927501273352e-20,0.000418447222841711,0.0003097415298553239,
aee56d207b,40000,961,3065590,30655.9,101.12547051113438,1.0477492230987721e-19,0.000418447222841711,0.0003178750359612634,
aee56d207b,40000,962,3068780,30687.8,101.12547051113438,3.4144919959548895e-18,0.000418447222841711,0.0003357665692710497,
aee56d207b,40000,963,3071970,30719.7,101.12547051113438,5.205484134937047e-19,0.000418447222841711,0.0003235170429312919,
aee56d207b,40000,964,3075160,30751.6,101.12547051113438,2.9058131014402564e-19,0.000418447222841711,0.0003324255600607386,
aee56d207b,40000,965,3078350,30783.5,101.12547051113438,8.547357055776147e-18,0.000418447222841711,0.00030447950461692314,
aee56d207b,40000,966,3081540,30815.4,101.12547051113438,2.7492566084715674e-18,0.000418447222841711,0.00034139516256830103,
aee56d207b,40000,967,3084730,30847.3,101.12547051113438,7.287097168709453e-18,0.000418447222841711,0.00031824499636855106,
aee56d207b,40000,968,3087920,30879.2,101.12547051113438,2.2091375936423834e-18,0.000418447222841711,0.0003431070382614627,
aee56d207b,40000,969,3091110,30911.1,101.12547051113438,2.51907309302161e-18,0.000418447222841711,0.0003039039203161268,
aee56d207b,40000,970,3094300,30943.0,101.12547051113438,1.795700302399662e-18,0.000418447222841711,0.0003412540787426999,
aee56d207b,40000,971,3097490,30974.9,101.12547051113438,1.911921453237434e-18,0.000418447222841711,0.0003243411156915965,
aee56d207b,40000,972,3100680,31006.8,101.12547051113438,1.2992933073031566e-19,0.000418447222841711,0.0003303523022592966,
aee56d207b,40000,973,3103870,31038.7,101.12547051113438,1.4319426194404802e-19,0.000418447222841711,0.0003037235380626025,
aee56d207b,40000,974,3107060,31070.6,101.12547051113438,1.3689933910816344e-19,0.000418447222841711,0.00030820214468250116,
aee56d207b,40000,975,3110250,31102.5,101.12547051113438,1.0601143498268826e-19,0.000418447222841711,0.0003039514483870283,
aee56d207b,40000,976,3113440,31134.4,101.12547051113438,9.009902000306157e-20,0.000418447222841711,0.0003154756045599076,
aee56d207b,40000,977,3116630,31166.3,101.12547051113438,2.7603188121816373e-19,0.000418447222841711,0.0003324342529120545,
aee56d207b,40000,978,3119820,31198.2,101.12547051113438,1.6104865086249047e-19,0.000418447222841711,0.0003435180723247019,
aee56d207b,40000,979,3123010,31230.1,101.12547051113438,1.2846308146723506e-19,0.000418447222841711,0.00032832316111402647,
aee56d207b,40000,980,3126200,31262.0,101.12547051113438,1.2167290330673255e-19,0.000418447222841711,0.0003182881739049534,
aee56d207b,40000,981,3129390,31293.9,101.12547051113438,7.019664051416846e-20,0.000418447222841711,0.0003260741736960247,
aee56d207b,40000,982,3132580,31325.8,101.12547051113438,1.2441044659742553e-19,0.000418447222841711,0.0003383948834272148,
aee56d207b,40000,983,3135770,31357.7,101.12547051113438,1.3586831920156818e-17,0.000418447222841711,0.00033238989103829365,
aee56d207b,40000,984,3138960,31389.6,101.12547051113438,2.352159700780705e-18,0.000418447222841711,0.0003380225961690044,
aee56d207b,40000,985,3142150,31421.5,101.12547051113438,1.5376789448884474e-17,0.000418447222841711,0.0003221648968798055,
aee56d207b,40000,986,3145340,31453.4,101.12547051113438,1.9056614312883784e-17,0.000418447222841711,0.0003368222688396268,
aee56d207b,40000,987,3148530,31485.3,101.12547051113438,1.863431492922244e-18,0.000418447222841711,0.00035117131990623486,
aee56d207b,40000,988,3151720,31517.2,101.12547051113438,3.78878595091026e-18,0.000418447222841711,0.00032818588677869175,
aee56d207b,40000,989,3154910,31549.1,101.12547051113438,2.259121994907855e-18,0.000418447222841711,0.000283212533368608,
aee56d207b,40000,990,3158100,31581.0,101.12547051113438,5.941132451967159e-18,0.000418447222841711,0.00033441595494301937,
aee56d207b,40000,991,3161290,31612.9,101.12547051113438,1.1287037062709738e-18,0.000418447222841711,0.0003251166750308884,
aee56d207b,40000,992,3164480,31644.8,101.12547051113438,8.194552913548961e-18,0.000418447222841711,0.00031164177723526734,
aee56d207b,40000,993,3167670,31676.7,101.12547051113438,1.9021571796368723e-18,0.000418447222841711,0.0003529839788842768,
aee56d207b,40000,994,3170860,31708.6,101.12547051113438,5.471432466795002e-19,0.000418447222841711,0.0003024043654035802,
aee56d207b,40000,995,3174050,31740.5,101.12547051113438,2.853302837695553e-19,0.000418447222841711,0.0003084584273204291,
aee56d207b,40000,996,3177240,31772.4,101.12547051113438,1.2021701931012832e-19,0.000418447222841711,0.0002861084288369054,
aee56d207b,40000,997,3180430,31804.3,101.12547051113438,1.2385535457186905e-19,0.000418447222841711,0.00031191431539646843,
aee56d207b,40000,998,3183620,31836.2,101.12547051113438,1.0088656745240302e-19,0.000418447222841711,0.00029297545025698307,
aee56d207b,40000,999,3186810,31868.1,101.12547051113438,1.4376719776908424e-19,0.000418447222841711,0.00032066843787833247,
aee56d207b,40000,1000,3190000,31900.0,101.12547051113438,7.135321322328179e-20,0.000418447222841711,0.000326177971361541,
aee56d207b,40000,1001,3193190,31931.9,101.12547051113438,2.081729596921801e-18,0.000418447222841711,0.0003271089483734609,
aee56d207b,40000,1002,3196380,31963.8,101.12547051113438,2.9389122543664368e-18,0.000418447222841711,0.00029772889833584883,
aee56d207b,40000,1003,3199570,31995.7,101.12547051113438,6.066263436554933e-18,0.000418447222841711,0.0003306986231802957,
aee56d207b,40000,1004,3202760,32027.6,101.12547051113438,3.137347178181374e-18,0.000418447222841711,0.0003426763433454296,
aee56d207b,40000,1005,3205950,32059.5,101.12547051113438,1.96136364766985e-18,0.000418447222841711,0.00029697422383159473,
aee56d207b,40000,1006,3209140,32091.4,101.12547051113438,2.13827128072743e-18,0.000418447222841711,0.0003151518455442882,
aee56d207b,40000,1007,3212330,32123.3,101.12547051113438,6.527936934009415e-19,0.000418447222841711,0.00030801807779337403,
aee56d207b,40000,1008,3215520,32155.2,101.12547051113438,1.391831834727564e-19,0.000418447222841711,0.00032217896996307194,
aee56d207b,40000,1009,3218710,32187.1,101.12547051113438,1.172487771616334e-19,0.000418447222841711,0.0003459054597928263,
aee56d207b,40000,1010,3221900,32219.0,101.12547051113438,4.0469450234198e-19,0.000418447222841711,0.0003345619980608207,
aee56d207b,40000,1011,3225090,32250.9,101.12547051113438,5.033587678460714e-19,0.000418447222841711,0.0003159767329885838,
aee56d207b,40000,1012,3228280,32282.8,101.12547051113438,1.1997872308135804e-19,0.000418447222841711,0.00033040721281395,
aee56d207b,40000,1013,3231470,32314.7,101.12547051113438,2.4093711639360808e-17,0.000418447222841711,0.0002920905970333232,
aee56d207b,40000,1014,3234660,32346.6,101.12547051113438,1.72670303190151e-18,0.000418447222841711,0.0003576082350910034,
aee56d207b,40000,1015,3237850,32378.5,101.12547051113438,3.589622917981099e-17,0.000418447222841711,0.0003071935285202951,
aee56d207b,40000,1016,3241040,32410.4,101.12547051113438,2.0560246113569193e-18,0.000418447222841711,0.0003283600049251218,
aee56d207b,40000,1017,3244230,32442.3,101.12547051113438,6.063097987616142e-18,0.000418447222841711,0.00032887420941874265,
aee56d207b,40000,1018,3247420,32474.2,101.12547051113438,2.280496056289682e-18,0.000418447222841711,0.0003059541719544606,
aee56d207b,40000,1019,3250610,32506.1,101.12547051113438,2.376547596583967e-18,0.000418447222841711,0.0003209814013020779,
aee56d207b,40000,1020,3253800,32538.0,101.12547051113438,2.2358608648173482e-18,0.000418447222841711,0.00028741543356925234,
aee56d207b,40000,1021,3256990,32569.9,101.12547051113438,1.0195124139155873e-18,0.000418447222841711,0.0003204007893900993,
aee56d207b,40000,1022,3260180,32601.8,101.12547051113438,1.4296178430555433e-19,0.000418447222841711,0.0003422621455011971,
aee56d207b,40000,1023,3263370,32633.7,101.12547051113438,1.425883708627067e-19,0.000418447222841711,0.00031832087539989046,
aee56d207b,40000,1024,3266560,32665.6,101.12547051113438,1.4917795142871823e-19,0.000418447222841711,0.00030738949064669377,
aee56d207b,40000,1025,3269750,32697.5,101.12547051113438,7.918434820233428e-20,0.000418447222841711,0.0002963036577813954,
aee56d207b,40000,1026,3272940,32729.4,101.12547051113438,1.3006234277247765e-19,0.000418447222841711,0.000301414061977374,
aee56d207b,40000,1027,3276130,32761.3,101.12547051113438,5.5066971776504544e-18,0.000418447222841711,0.0003018650576279838,
aee56d207b,40000,1028,3279320,32793.2,101.12547051113438,6.958757847316248e-18,0.000418447222841711,0.0003465467555034904,
aee56d207b,40000,1029,3282510,32825.1,101.12547051113438,2.502361843267568e-18,0.000418447222841711,0.000308103169936324,
aee56d207b,40000,1030,3285700,32857.0,101.12547051113438,1.925844129545079e-18,0.000418447222841711,0.00026862263411487074,
aee56d207b,40000,1031,3288890,32888.9,101.12547051113438,2.468531464879689e-18,0.000418447222841711,0.0003404720168129868,
aee56d207b,40000,1032,3292080,32920.8,101.12547051113438,2.93426171844138e-19,0.000418447222841711,0.0003109468184411384,
aee56d207b,40000,1033,3295270,32952.7,101.12547051113438,8.86862113847686e-20,0.000418447222841711,0.0003437712366288212,
aee56d207b,40000,1034,3298460,32984.6,101.12547051113438,1.050821834293154e-19,0.000418447222841711,0.0003092014505840917,
aee56d207b,40000,1035,3301650,33016.5,101.12547051113438,1.5478999338281046e-19,0.000418447222841711,0.0002890610301242154,
aee56d207b,40000,1036,3304840,33048.4,101.12547051113438,2.9645697381513432e-18,0.000418447222841711,0.0002928366024718617,
aee56d207b,40000,1037,3308030,33080.3,101.12547051113438,6.874544103841411e-19,0.000418447222841711,0.0002808053029784475,
aee56d207b,40000,1038,3311220,33112.2,101.12547051113438,1.563006468954822e-19,0.000418447222841711,0.0002922768515022467,
aee56d207b,40000,1039,3314410,33144.1,101.12547051113438,1.7083218772001387e-19,0.000418447222841711,0.0003247652805707142,
aee56d207b,40000,1040,3317600,33176.0,101.12547051113438,2.419213789716736e-19,0.000418447222841711,0.0003589910012610675,
aee56d207b,40000,1041,3320790,33207.9,101.12547051113438,1.2979197987004373e-19,0.000418447222841711,0.00030464344361071885,
aee56d207b,40000,1042,3323980,33239.8,101.12547051113438,1.2045825091502438e-19,0.000418447222841711,0.000269079919142367,
aee56d207b,40000,1043,3327170,33271.7,101.12547051113438,1.061517564929052e-19,0.000418447222841711,0.00031950654920427895,
aee56d207b,40000,1044,3330360,33303.6,101.12547051113438,1.2580923612154624e-17,0.000418447222841711,0.00031914580217829846,
aee56d207b,40000,1045,3333550,33335.5,101.12547051113438,2.330683004723031e-18,0.000418447222841711,0.000331566127755876,
aee56d207b,40000,1046,3336740,33367.4,101.12547051113438,1.5797972136952788e-19,0.000418447222841711,0.000341347177910194,
aee56d207b,40000,1047,3339930,33399.3,101.12547051113438,1.827266849768297e-19,0.000418447222841711,0.00031733880937771976,
aee56d207b,40000,1048,3343120,33431.2,101.12547051113438,1.1493368352582123e-19,0.000418447222841711,0.0003309528501002566,
aee56d207b,40000,1049,3346310,33463.1,101.12547051113438,1.1915952754061511e-19,0.000418447222841711,0.00032974137565174207,
aee56d207b,40000,1050,3349500,33495.0,101.12547051113438,1.5214466353995824e-19,0.000418447222841711,0.0003572056510439134,
aee56d207b,40000,1051,3352690,33526.9,101.12547051113438,1.795986887451353e-19,0.000418447222841711,0.00029572508966987167,
aee56d207b,40000,1052,3355880,33558.8,101.12547051113438,1.5276442986165894e-19,0.000418447222841711,0.0002831036772924662,
aee56d207b,40000,1053,3359070,33590.7,101.12547051113438,1.739883896849954e-19,0.000418447222841711,0.0003372967455526469,
aee56d207b,40000,1054,3362260,33622.6,101.12547051113438,1.1874548666222743e-19,0.000418447222841711,0.0003192912356031661,
aee56d207b,40000,1055,3365450,33654.5,101.12547051113438,8.860340716122014e-19,0.000418447222841711,0.0003529101404263101,
aee56d207b,40000,1056,3368640,33686.4,101.12547051113438,2.1164715621843388e-19,0.000418447222841711,0.0003255113955877428,
aee56d207b,40000,1057,3371830,33718.3,101.12547051113438,1.1976788919932854e-19,0.000418447222841711,0.0003273462962909196,
aee56d207b,40000,1058,3375020,33750.2,101.12547051113438,1.238719027430887e-19,0.000418447222841711,0.0003239095507460367,
aee56d207b,40000,1059,3378210,33782.1,101.12547051113438,9.235107441625004e-20,0.000418447222841711,0.0003334352257606222,
aee56d207b,40000,1060,3381400,33814.0,101.12547051113438,1.1663620941524199e-19,0.000418447222841711,0.0003314917685532926,
aee56d207b,40000,1061,3384590,33845.9,101.12547051113438,1.3589044834358268e-19,0.000418447222841711,0.0003302500483128013,
aee56d207b,40000,1062,3387780,33877.8,101.12547051113438,1.3496574574375806e-19,0.000418447222841711,0.00034305940842260633,
aee56d207b,40000,1063,3390970,33909.7,101.12547051113438,1.0895757847361434e-17,0.000418447222841711,0.00035304500867262,
aee56d207b,40000,1064,3394160,33941.6,101.12547051113438,3.7745372494084446e-18,0.000418447222841711,0.00031262292948168094,
aee56d207b,40000,1065,3397350,33973.5,101.12547051113438,2.2893101019809014e-18,0.000418447222841711,0.0003402993515673754,
aee56d207b,40000,1066,3400540,34005.4,101.12547051113438,1.0397281159003856e-17,0.000418447222841711,0.00031899675238642204,
aee56d207b,40000,1067,3403730,34037.3,101.12547051113438,1.734687799231883e-18,0.000418447222841711,0.00032920919472760894,
aee56d207b,40000,1068,3406920,34069.2,101.12547051113438,2.55704636187085e-18,0.000418447222841711,0.00032254487666102944,
aee56d207b,40000,1069,3410110,34101.1,101.12547051113438,1.883495711414058e-18,0.000418447222841711,0.0003543737124519434,
aee56d207b,40000,1070,3413300,34133.0,101.12547051113438,2.352211360932295e-18,0.000418447222841711,0.0003266378992219246,
aee56d207b,40000,1071,3416490,34164.9,101.12547051113438,1.0748747987366122e-19,0.000418447222841711,0.0003253979302285229,
aee56d207b,40000,1072,3419680,34196.8,101.12547051113438,1.4187435663236633e-19,0.000418447222841711,0.00034262886504876617,
aee56d207b,40000,1073,3422870,34228.7,101.12547051113438,1.5847289857688946e-19,0.000418447222841711,0.00032608095425526115,
aee56d207b,40000,1074,3426060,34260.6,101.12547051113438,1.4296188507520782e-19,0.000418447222841711,0.00032398536829994165,
aee56d207b,40000,1075,3429250,34292.5,101.12547051113438,1.222490332120619e-19,0.000418447222841711,0.00028624077672916894,
aee56d207b,40000,1076,3432440,34324.4,101.12547051113438,1.0220948170690722e-18,0.000418447222841711,0.0003185389227194654,
aee56d207b,40000,1077,3435630,34356.3,101.12547051113438,1.6201206669293584e-19,0.000418447222841711,0.0003283402957454566,
aee56d207b,40000,1078,3438820,34388.2,101.12547051113438,3.0089684332460914e-19,0.000418447222841711,0.0003033623827791255,
aee56d207b,40000,1079,3442010,34420.1,101.12547051113438,1.5132248361699802e-19,0.000418447222841711,0.00032937160491725524,
aee56d207b,40000,1080,3445200,34452.0,101.12547051113438,1.243154543407862e-18,0.000418447222841711,0.00029117737011354414,
aee56d207b,40000,1081,3448390,34483.9,101.12547051113438,1.655461145825847e-19,0.000418447222841711,0.00031601409769627006,
aee56d207b,40000,1082,3451580,34515.8,101.12547051113438,4.361629721732038e-19,0.000418447222841711,0.0002724497951689427,
aee56d207b,40000,1083,3454770,34547.7,101.12547051113438,1.4822297593616233e-19,0.000418447222841711,0.00031695523162819596,
aee56d207b,40000,1084,3457960,34579.6,101.12547051113438,9.382477657319861e-20,0.000418447222841711,0.00032040806391863216,
aee56d207b,40000,1085,3461150,34611.5,101.12547051113438,1.159932559539906e-19,0.000418447222841711,0.00032705692697602897,
aee56d207b,40000,1086,3464340,34643.4,101.12547051113438,6.6681776872108306e-18,0.000418447222841711,0.00033861017459385385,
aee56d207b,40000,1087,3467530,34675.3,101.12547051113438,3.2281125808187195e-18,0.000418447222841711,0.00031934722388748363,
aee56d207b,40000,1088,3470720,34707.2,101.12547051113438,9.606461091616408e-18,0.000418447222841711,0.00029637282343284495,
aee56d207b,40000,1089,3473910,34739.1,101.12547051113438,2.8791760178776194e-18,0.000418447222841711,0.00031120764641350294,
aee56d207b,40000,1090,3477100,34771.0,101.12547051113438,1.715658822689405e-17,0.000418447222841711,0.0003133865017833875,
aee56d207b,40000,1091,3480290,34802.9,101.12547051113438,2.4982922808919825e-18,0.000418447222841711,0.00028850142975241473,
aee56d207b,40000,1092,3483480,34834.8,101.12547051113438,9.344014849540499e-18,0.000418447222841711,0.0003125671365095905,
aee56d207b,40000,1093,3486670,34866.7,101.12547051113438,1.943947620784243e-18,0.000418447222841711,0.00030238675772524407,
aee56d207b,40000,1094,3489860,34898.6,101.12547051113438,2.113602812858338e-18,0.000418447222841711,0.0003370484416927478,
aee56d207b,40000,1095,3493050,34930.5,101.12547051113438,2.542653095502965e-18,0.000418447222841711,0.00033357468977257,
aee56d207b,40000,1096,3496240,34962.4,101.12547051113438,3.0427077391501447e-18,0.000418447222841711,0.00034397625776346147,
aee56d207b,40000,1097,3499430,34994.3,101.12547051113438,2.8608268769483266e-18,0.000418447222841711,0.0003435663193997442,
aee56d207b,40000,1098,3502620,35026.2,101.12547051113438,2.1916091793391958e-18,0.000418447222841711,0.0003183454917641128,
aee56d207b,40000,1099,3505810,35058.1,101.12547051113438,2.64858992962771e-18,0.000418447222841711,0.00029421805811756627,
aee56d207b,40000,1100,3509000,35090.0,101.12547051113438,2.6498833569967765e-18,0.000418447222841711,0.000306339387177072,
aee56d207b,40000,1101,3512190,35121.9,101.12547051113438,1.5073568964501908e-18,0.000418447222841711,0.00031075140252089396,
aee56d207b,40000,1102,3515380,35153.8,101.12547051113438,6.265682180182589e-19,0.000418447222841711,0.00033800221070119413,
aee56d207b,40000,1103,3518570,35185.7,101.12547051113438,1.0801319633272282e-19,0.000418447222841711,0.00031770248426794237,
aee56d207b,40000,1104,3521760,35217.6,101.12547051113438,7.391829011484473e-20,0.000418447222841711,0.00035922402933499223,
aee56d207b,40000,1105,3524950,35249.5,101.12547051113438,2.7226978533705362e-18,0.000418447222841711,0.0003477726956763764,
aee56d207b,40000,1106,3528140,35281.4,101.12547051113438,4.800657266708347e-19,0.000418447222841711,0.0003185950781583354,
aee56d207b,40000,1107,3531330,35313.3,101.12547051113438,9.717347551189619e-20,0.000418447222841711,0.00028911401265172606,
aee56d207b,40000,1108,3534520,35345.2,101.12547051113438,1.3091538422921474e-19,0.000418447222841711,0.00033379080523263907,
aee56d207b,40000,1109,3537710,35377.1,101.12547051113438,1.0760475966909519e-19,0.000418447222841711,0.0003274133985637418,
aee56d207b,40000,1110,3540900,35409.0,101.12547051113438,1.0002493684279031e-19,0.000418447222841711,0.00031248304408467705,
aee56d207b,40000,1111,3544090,35440.9,101.12547051113438,1.1989887624707308e-19,0.000418447222841711,0.00030747909849471405,
aee56d207b,40000,1112,3547280,35472.8,101.12547051113438,1.7064376311708168e-19,0.000418447222841711,0.00032678038388614036,
aee56d207b,40000,1113,3550470,35504.7,101.12547051113438,2.1324244734998125e-19,0.000418447222841711,0.0003210089054776125,
aee56d207b,40000,1114,3553660,35536.6,101.12547051113438,1.1893193086585113e-19,0.000418447222841711,0.00036525707953604405,
aee56d207b,40000,1115,3556850,35568.5,101.12547051113438,1.0428595490247689e-19,0.000418447222841711,0.00032472110418725885,
aee56d207b,40000,1116,3560040,35600.4,101.12547051113438,3.0371533659849412e-18,0.000418447222841711,0.00032575631539898174,
aee56d207b,40000,1117,3563230,35632.3,101.12547051113438,5.876693809141257e-19,0.000418447222841711,0.0003120505841978139,
aee56d207b,40000,1118,3566420,35664.2,101.12547051113438,1.6496580553774804e-18,0.000418447222841711,0.00034522337106802296,
aee56d207b,40000,1119,3569610,35696.1,101.12547051113438,8.716769831727499e-19,0.000418447222841711,0.0003329848466357381,
aee56d207b,40000,1120,3572800,35728.0,101.12547051113438,8.468583344324481e-20,0.000418447222841711,0.00032505656534473733,
aee56d207b,40000,1121,3575990,35759.9,101.12547051113438,1.3938269392340872e-19,0.000418447222841711,0.00031516308991957204,
aee56d207b,40000,1122,3579180,35791.8,101.12547051113438,1.0727082056525936e-19,0.000418447222841711,0.0003617107578910646,
aee56d207b,40000,1123,3582370,35823.7,101.12547051113438,2.1023144140305196e-18,0.000418447222841711,0.0003415349097694969,
aee56d207b,40000,1124,3585560,35855.6,101.12547051113438,1.227588386899142e-19,0.000418447222841711,0.00030134146586703337,
aee56d207b,40000,1125,3588750,35887.5,101.12547051113438,8.57372254413824e-20,0.000418447222841711,0.00029545262176841294,
aee56d207b,40000,1126,3591940,35919.4,101.12547051113438,1.264737486228967e-19,0.000418447222841711,0.00031402969397197587,
aee56d207b,40000,1127,3595130,35951.3,101.12547051113438,1.454338599263045e-19,0.000418447222841711,0.00035611530042091606,
aee56d207b,40000,1128,3598320,35983.2,101.12547051113438,1.3050075739713912e-19,0.000418447222841711,0.0002859776691282083,
aee56d207b,40000,1129,3601510,36015.1,101.12547051113438,1.0344747096600708e-19,0.000418447222841711,0.0003483290576134829,
aee56d207b,40000,1130,3604700,36047.0,101.12547051113438,9.636854318622193e-18,0.000418447222841711,0.0003224030163757787,
aee56d207b,40000,1131,3607890,36078.9,101.12547051113438,7.666878136666225e-18,0.000418447222841711,0.00035526561815902154,
aee56d207b,40000,1132,3611080,36110.8,101.12547051113438,3.962628811583352e-19,0.000418447222841711,0.0003146059876859511,
aee56d207b,40000,1133,3614270,36142.7,101.12547051113438,1.9800897554012626e-19,0.000418447222841711,0.000325359348889648,
aee56d207b,40000,1134,3617460,36174.6,101.12547051113438,1.3975104631504238e-19,0.000418447222841711,0.0003107310498829524,
aee56d207b,40000,1135,3620650,36206.5,101.12547051113438,1.987561787551776e-18,0.000418447222841711,0.0003093581933919933,
aee56d207b,40000,1136,3623840,36238.4,101.12547051113438,9.593550544198559e-20,0.000418447222841711,0.00034164943375193023,
aee56d207b,40000,1137,3627030,36270.3,101.12547051113438,2.118673176777905e-17,0.000418447222841711,0.0003472584863232919,
aee56d207b,40000,1138,3630220,36302.2,101.12547051113438,6.16899360037275e-18,0.000418447222841711,0.00032632152705419133,
aee56d207b,40000,1139,3633410,36334.1,101.12547051113438,4.213305414801104e-18,0.000418447222841711,0.00032932439058277254,
aee56d207b,40000,1140,3636600,36366.0,101.12547051113438,1.4805826911980824e-18,0.000418447222841711,0.0003094024719011612,
aee56d207b,40000,1141,3639790,36397.9,101.12547051113438,1.678249436344966e-17,0.000418447222841711,0.0003136178624562877,
aee56d207b,40000,1142,3642980,36429.8,101.12547051113438,1.7052831565864993e-18,0.000418447222841711,0.0003619030786940927,
aee56d207b,40000,1143,3646170,36461.7,101.12547051113438,7.771807146007928e-19,0.000418447222841711,0.00029973250499205196,
aee56d207b,40000,1144,3649360,36493.6,101.12547051113438,2.2965376555076227e-19,0.000418447222841711,0.00029059385411193587,
aee56d207b,40000,1145,3652550,36525.5,101.12547051113438,2.4101189509273613e-19,0.000418447222841711,0.00032179425833595026,
aee56d207b,40000,1146,3655740,36557.4,101.12547051113438,1.2000594167200294e-19,0.000418447222841711,0.0003202010660711927,
aee56d207b,40000,1147,3658930,36589.3,101.12547051113438,1.4336785553019418e-19,0.000418447222841711,0.0003267166938577967,
aee56d207b,40000,1148,3662120,36621.2,101.12547051113438,1.310320457808038e-19,0.000418447222841711,0.0003445102275747111,
aee56d207b,40000,1149,3665310,36653.1,101.12547051113438,9.261645990215063e-20,0.000418447222841711,0.00029085126723686416,
aee56d207b,40000,1150,3668500,36685.0,101.12547051113438,8.624660473683101e-19,0.000418447222841711,0.0003095446205581123,
aee56d207b,40000,1151,3671690,36716.9,101.12547051113438,2.9316885232466835e-19,0.000418447222841711,0.0003127119332388982,
aee56d207b,40000,1152,3674880,36748.8,101.12547051113438,1.1910378154408073e-19,0.000418447222841711,0.0003586138933739463,
aee56d207b,40000,1153,3678070,36780.7,101.12547051113438,8.517376697984434e-18,0.000418447222841711,0.00031320345916107187,
aee56d207b,40000,1154,3681260,36812.6,101.12547051113438,2.0109161575248342e-17,0.000418447222841711,0.0002999427423272615,
aee56d207b,40000,1155,3684450,36844.5,101.12547051113438,6.255005104739685e-18,0.000418447222841711,0.0002803179874735011,
aee56d207b,40000,1156,3687640,36876.4,101.12547051113438,1.9139885899766477e-18,0.000418447222841711,0.0003263546898365993,
aee56d207b,40000,1157,3690830,36908.3,101.12547051113438,1.5629342512346515e-18,0.000418447222841711,0.0003312944008172846,
aee56d207b,40000,1158,3694020,36940.2,101.12547051113438,9.141500580815303e-18,0.000418447222841711,0.000335595311277366,
aee56d207b,40000,1159,3697210,36972.1,101.12547051113438,1.8085679399374002e-18,0.000418447222841711,0.0003383657877814013,
aee56d207b,40000,1160,3700400,37004.0,101.12547051113438,3.0315104637751504e-18,0.000418447222841711,0.0003036147360835477,
aee56d207b,40000,1161,3703590,37035.9,101.12547051113438,2.462794042503658e-17,0.000418447222841711,0.0003076641124971341,
aee56d207b,40000,1162,3706780,37067.8,101.12547051113438,1.4610703948199412e-18,0.000418447222841711,0.0003222969207378131,
aee56d207b,40000,1163,3709970,37099.7,101.12547051113438,1.1078613871835395e-19,0.000418447222841711,0.00035723890884505944,
aee56d207b,40000,1164,3713160,37131.6,101.12547051113438,1.206995159436948e-19,0.000418447222841711,0.0003061913635065871,
aee56d207b,40000,1165,3716350,37163.5,101.12547051113438,1.9742125034182347e-19,0.000418447222841711,0.0003383111134338944,
aee56d207b,40000,1166,3719540,37195.4,101.12547051113438,9.601322605929574e-20,0.000418447222841711,0.00032041201644263437,
aee56d207b,40000,1167,3722730,37227.3,101.12547051113438,7.580440178086039e-18,0.000418447222841711,0.0003168479541426124,
aee56d207b,40000,1168,3725920,37259.2,101.12547051113438,6.158448427197246e-19,0.000418447222841711,0.00032679681313162596,
aee56d207b,40000,1169,3729110,37291.1,101.12547051113438,1.4990772328611492e-19,0.000418447222841711,0.000289033378795579,
aee56d207b,40000,1170,3732300,37323.0,101.12547051113438,1.2694377644811178e-19,0.000418447222841711,0.00035322029601951176,
aee56d207b,40000,1171,3735490,37354.9,101.12547051113438,7.780408048419004e-20,0.000418447222841711,0.00032941875321923904,
aee56d207b,40000,1172,3738680,37386.8,101.12547051113438,1.175636215101119e-19,0.000418447222841711,0.000317397280561728,
aee56d207b,40000,1173,3741870,37418.7,101.12547051113438,1.1340519469153109e-19,0.000418447222841711,0.0003120655257228168,
aee56d207b,40000,1174,3745060,37450.6,101.12547051113438,1.0846313360011514e-19,0.000418447222841711,0.00033639487519891205,
aee56d207b,40000,1175,3748250,37482.5,101.12547051113438,6.044959867771128e-18,0.000418447222841711,0.0003200494758268309,
aee56d207b,40000,1176,3751440,37514.4,101.12547051113438,2.4856792398149142e-17,0.000418447222841711,0.000339030396053173,
aee56d207b,40000,1177,3754630,37546.3,101.12547051113438,6.667052514387423e-18,0.000418447222841711,0.0003105830601843879,
aee56d207b,40000,1178,3757820,37578.2,101.12547051113438,1.56003810474573e-18,0.000418447222841711,0.0003170487064633115,
aee56d207b,40000,1179,3761010,37610.1,101.12547051113438,5.413311690161992e-19,0.000418447222841711,0.00030814723487756725,
aee56d207b,40000,1180,3764200,37642.0,101.12547051113438,2.8677406270080924e-19,0.000418447222841711,0.00034059100338600036,
aee56d207b,40000,1181,3767390,37673.9,101.12547051113438,1.0756474828370366e-18,0.000418447222841711,0.00034001910333684646,
aee56d207b,40000,1182,3770580,37705.8,101.12547051113438,1.382056107945741e-19,0.000418447222841711,0.0003375783448295861,
aee56d207b,40000,1183,3773770,37737.7,101.12547051113438,1.522201984845777e-19,0.000418447222841711,0.00031139274550044633,
aee56d207b,40000,1184,3776960,37769.6,101.12547051113438,1.5361876872791719e-19,0.000418447222841711,0.00032414998943518177,
aee56d207b,40000,1185,3780150,37801.5,101.12547051113438,1.5661435275217503e-19,0.000418447222841711,0.00034814429912060783,
aee56d207b,40000,1186,3783340,37833.4,101.12547051113438,1.3829703801813132e-19,0.000418447222841711,0.0003134731547374312,
aee56d207b,40000,1187,3786530,37865.3,101.12547051113438,1.336208679556168e-19,0.000418447222841711,0.00028830875817104773,
aee56d207b,40000,1188,3789720,37897.2,101.12547051113438,1.3468670567781548e-19,0.000418447222841711,0.0002792289781186015,
aee56d207b,40000,1189,3792910,37929.1,101.12547051113438,1.3874039502098299e-19,0.000418447222841711,0.00031784449840554276,
aee56d207b,40000,1190,3796100,37961.0,101.12547051113438,1.9965215287891965e-19,0.000418447222841711,0.00030739493029180345,
aee56d207b,40000,1191,3799290,37992.9,101.12547051113438,7.698753321412407e-20,0.000418447222841711,0.00030777315897434807,
aee56d207b,40000,1192,3802480,38024.8,101.12547051113438,8.065035575275901e-20,0.000418447222841711,0.0003088512323562413,
aee56d207b,40000,1193,3805670,38056.7,101.12547051113438,1.7947973946105763e-19,0.000418447222841711,0.00030634354247825805,
aee56d207b,40000,1194,3808860,38088.6,101.12547051113438,1.2044150166271092e-19,0.000418447222841711,0.00034214024407418214,
aee56d207b,40000,1195,3812050,38120.5,101.12547051113438,2.1311951214620562e-19,0.000418447222841711,0.00032630975463616464,
aee56d207b,40000,1196,3815240,38152.4,101.12547051113438,5.7320633745243574e-18,0.000418447222841711,0.0003183595122187306,
aee56d207b,40000,1197,3818430,38184.3,101.12547051113438,9.933754924492885e-18,0.000418447222841711,0.00034946288486355264,
aee56d207b,40000,1198,3821620,38216.2,101.12547051113438,1.3742992238951178e-17,0.000418447222841711,0.0003232180989684497,
aee56d207b,40000,1199,3824810,38248.1,101.12547051113438,2.8352506280330526e-18,0.000418447222841711,0.000311882661052464,
aee56d207b,40000,1200,3828000,38280.0,101.12547051113438,1.5803574883122442e-18,0.000418447222841711,0.0003605604481684406,
aee56d207b,40000,1201,3831190,38311.9,101.12547051113438,1.0311765493113224e-18,0.000418447222841711,0.0003394267246769363,
aee56d207b,40000,1202,3834380,38343.8,101.12547051113438,1.1960004898797022e-19,0.000418447222841711,0.00032266568399435115,
aee56d207b,40000,1203,3837570,38375.7,101.12547051113438,1.3153418089268703e-19,0.000418447222841711,0.00029021989855880807,
aee56d207b,40000,1204,3840760,38407.6,101.12547051113438,4.006143796637612e-17,0.000418447222841711,0.0003398331604204916,
aee56d207b,40000,1205,3843950,38439.5,101.12547051113438,1.4509080373750797e-17,0.000418447222841711,0.00030348642174569897,
aee56d207b,40000,1206,3847140,38471.4,101.12547051113438,1.5311842093045497e-17,0.000418447222841711,0.00031604067774917825,
aee56d207b,40000,1207,3850330,38503.3,101.12547051113438,5.685920156811303e-18,0.000418447222841711,0.0002970909088672402,
aee56d207b,40000,1208,3853520,38535.2,101.12547051113438,1.8961679462044208e-18,0.000418447222841711,0.0003238702885107206,
aee56d207b,40000,1209,3856710,38567.1,101.12547051113438,2.5080515280024494e-19,0.000418447222841711,0.0003065752360446744,
aee56d207b,40000,1210,3859900,38599.0,101.12547051113438,1.0049945797268523e-19,0.000418447222841711,0.0003387511668917384,
aee56d207b,40000,1211,3863090,38630.9,101.12547051113438,1.3233418884281178e-19,0.000418447222841711,0.0003074236617710301,
aee56d207b,40000,1212,3866280,38662.8,101.12547051113438,1.7006027792006267e-19,0.000418447222841711,0.00030541619191879973,
aee56d207b,40000,1213,3869470,38694.7,101.12547051113438,1.0293569606107364e-19,0.000418447222841711,0.00035062172241924277,
aee56d207b,40000,1214,3872660,38726.6,101.12547051113438,9.322392679611572e-20,0.000418447222841711,0.00032594957961353975,
aee56d207b,40000,1215,3875850,38758.5,101.12547051113438,1.1895046352256156e-19,0.000418447222841711,0.00030366204415399503,
aee56d207b,40000,1216,3879040,38790.4,101.12547051113438,1.0380369451619663e-19,0.000418447222841711,0.0003456438153173318,
aee56d207b,40000,1217,3882230,38822.3,101.12547051113438,1.0785900852218271e-19,0.000418447222841711,0.0003544855043360208,
aee56d207b,40000,1218,3885420,38854.2,101.12547051113438,9.983037827937338e-20,0.000418447222841711,0.00035337617547640367,
aee56d207b,40000,1219,3888610,38886.1,101.12547051113438,9.927994418222173e-20,0.000418447222841711,0.00032976942256450546,
aee56d207b,40000,1220,3891800,38918.0,101.12547051113438,1.4496688048559537e-19,0.000418447222841711,0.00032311760728622596,
aee56d207b,40000,1221,3894990,38949.9,101.12547051113438,1.136543250834396e-19,0.000418447222841711,0.0002988921437150313,
aee56d207b,40000,1222,3898180,38981.8,101.12547051113438,1.0100487620308522e-19,0.000418447222841711,0.0003041959099441739,
aee56d207b,40000,1223,3901370,39013.7,101.12547051113438,1.2741213231717343e-19,0.000418447222841711,0.00033307625500314,
aee56d207b,40000,1224,3904560,39045.6,101.12547051113438,1.0505504021171375e-19,0.000418447222841711,0.0003529018304048981,
aee56d207b,40000,1225,3907750,39077.5,101.12547051113438,2.5800980675243692e-17,0.000418447222841711,0.00032483136588269917,
aee56d207b,40000,1226,3910940,39109.4,101.12547051113438,4.653558810410526e-18,0.000418447222841711,0.0003107824355188735,
aee56d207b,40000,1227,3914130,39141.3,101.12547051113438,2.7577423250186693e-18,0.000418447222841711,0.00031349355945013284,
aee56d207b,40000,1228,3917320,39173.2,101.12547051113438,1.5412807262885262e-17,0.000418447222841711,0.0002980792033042128,
aee56d207b,40000,1229,3920510,39205.1,101.12547051113438,7.89198649859515e-18,0.000418447222841711,0.0003095585245827351,
aee56d207b,40000,1230,3923700,39237.0,101.12547051113438,2.302629352078113e-18,0.000418447222841711,0.00030468862605140446,
aee56d207b,40000,1231,3926890,39268.9,101.12547051113438,5.861775364564481e-18,0.000418447222841711,0.0003017749352882676,
aee56d207b,40000,1232,3930080,39300.8,101.12547051113438,8.902614610070001e-18,0.000418447222841711,0.0003229860746100253,
aee56d207b,40000,1233,3933270,39332.7,101.12547051113438,1.171400211509794e-18,0.000418447222841711,0.00031564917008906955,
aee56d207b,40000,1234,3936460,39364.6,101.12547051113438,6.72004972800434e-18,0.000418447222841711,0.0003488417656595196,
aee56d207b,40000,1235,3939650,39396.5,101.12547051113438,1.0080082150369044e-17,0.000418447222841711,0.00031275364280825647,
aee56d207b,40000,1236,3942840,39428.4,101.12547051113438,9.553308050922904e-19,0.000418447222841711,0.00034294853676503545,
aee56d207b,40000,1237,3946030,39460.3,101.12547051113438,4.704158659953697e-19,0.000418447222841711,0.0003071910915349367,
aee56d207b,40000,1238,3949220,39492.2,101.12547051113438,1.3197014427516178e-17,0.000418447222841711,0.00031100123334501495,
aee56d207b,40000,1239,3952410,39524.1,101.12547051113438,2.642626214070502e-18,0.000418447222841711,0.000329066068287749,
aee56d207b,40000,1240,3955600,39556.0,101.12547051113438,2.073542471170734e-17,0.000418447222841711,0.0003284189279789315,
aee56d207b,40000,1241,3958790,39587.9,101.12547051113438,2.192359872189062e-18,0.000418447222841711,0.0003592608746432047,
aee56d207b,40000,1242,3961980,39619.8,101.12547051113438,6.505640282604037e-18,0.000418447222841711,0.00031080308926373146,
aee56d207b,40000,1243,3965170,39651.7,101.12547051113438,1.4567333258965587e-18,0.000418447222841711,0.0003313941472566424,
aee56d207b,40000,1244,3968360,39683.6,101.12547051113438,7.610103824604955e-19,0.000418447222841711,0.0002937352212987644,
aee56d207b,40000,1245,3971550,39715.5,101.12547051113438,9.702248161309576e-20,0.000418447222841711,0.00034636241989587037,
aee56d207b,40000,1246,3974740,39747.4,101.12547051113438,1.2498826882603342e-19,0.000418447222841711,0.00031402532793936723,
aee56d207b,40000,1247,3977930,39779.3,101.12547051113438,1.0155652888449653e-19,0.000418447222841711,0.00031064585386283,
aee56d207b,40000,1248,3981120,39811.2,101.12547051113438,1.1855333937927585e-19,0.000418447222841711,0.0003426883967630005,
aee56d207b,40000,1249,3984310,39843.1,101.12547051113438,1.203947458767157e-19,0.000418447222841711,0.00031989008362955193,
aee56d207b,40000,1250,3987500,39875.0,101.12547051113438,1.2082864576165524e-19,0.000418447222841711,0.00032574728791112976,
aee56d207b,40000,1251,3990690,39906.9,101.12547051113438,1.877664351105125e-17,0.000418447222841711,0.00034092606942830324,
aee56d207b,40000,1252,3993880,39938.8,101.12547051113438,6.184240034017257e-18,0.000418447222841711,0.0003228518814561263,
aee56d207b,40000,1253,3997070,39970.7,101.12547051113438,,0.000418447222841711,0.00030828092616184754,
